0.004034
0.004084
0.005504
0.003914
0.004049
0.003963
0.003862
0.003807
0.004308
0.004249
0.004051
0.003972
0.003945
0.004224
0.003861
0.003894
0.004175
0.004184
0.003937
0.00424
0.004352
0.00408
0.004193
0.004079
0.004261
0.004088
0.004117
0.004101
0.004269
0.004235
0.004121
0.004204
0.004262
0.003934
0.00417
0.004173
0.003999
0.004077
0.003988
0.004176
0.00401
0.004127
0.003884
0.004142
0.004175
0.003942
0.004079
0.004088
0.004047
0.004117
0.004048
0.004047
0.00402
0.004174
0.004027
0.00407
0.00408
0.004089
0.004133
0.003949
0.004089
0.004099
0.004057
0.004014
0.004114
0.004098
0.003955
0.004017
0.004014
0.004146
0.004132
0.004164
0.004109
0.004008
0.003972
0.004199
0.003973
0.004034
0.003979
0.004096
0.00393
0.003925
0.003973
0.004023
0.003992
0.003877
0.003983
0.004008
0.003992
0.004046
0.003999
0.003726
0.004211
0.004168
0.004146
0.004173
0.004208
0.004071
0.004168
0.004154
0.004165
0.003988
0.004075
0.003997
0.004068
0.003957
0.003982
0.00408
0.003949
0.003987
0.003926
0.003827
0.004169
0.004066
0.003923
0.004097
0.004027
0.003972
0.003998
0.003957
0.004034
0.004024
0.004139
0.004117
0.003988
0.003977
0.003921
0.003963
0.004088
0.0038
0.004062
0.003989
0.003908
0.004031
0.003908
0.003956
0.003932
0.004051
0.004127
0.004093
0.003909
0.004054
0.004104
0.004087
0.004108
0.003996
0.003994
0.003821
0.003975
0.004106
0.004136
0.004114
0.00388
0.00397
0.003965
0.003901
0.004003
0.004033
0.003994
0.003948
0.003734
0.003901
0.004005
0.003996
0.004094
0.003883
0.003949
0.004
0.003951
0.003945
0.004053
0.003889
0.004054
0.003986
0.003916
0.003727
0.004108
0.004093
0.004043
0.004004
0.004028
0.003862
0.00414
0.004046
0.003935
0.003922
0.004019
0.00402
0.00403
0.004041
0.004218
0.003917
0.00399
0.003997
0.003966
0.00415
0.004055
0.003844
0.004105
0.004005
0.003911
0.003887
0.003791
0.003969
0.003926
0.003988
0.003905
0.003886
0.003995
0.003995
0.004194
0.003812
0.004083
0.004113
0.004111
0.004453
0.004158
0.004021
0.004047
0.004052
0.004369
0.003818
0.003967
0.004059
0.004304
0.003986
0.004087
0.003942
0.004085
0.004246
0.003993
0.004099
0.004251
0.004083
0.004188
0.003965
0.003988
0.004105
0.003941
0.004092
0.004011
0.004067
0.004009
0.00385
0.003918
0.004012
0.003893
0.004141
0.003989
0.003904
0.004115
0.004206
0.004239
0.004228
0.004235
0.004358
0.004035
0.004354
0.004199
0.004002
0.004123
0.003933
0.003996
0.003827
0.003849
0.004024
0.003919
0.003911
0.00383
0.00395
0.003991
0.00374
0.004096
0.003872
0.004034
0.003982
0.003959
0.004021
0.004079
0.003964
0.003961
0.003997
0.004302
0.004007
0.003886
0.003914
0.004041
0.004077
0.004032
0.004037
0.003778
0.00388
0.003925
0.00397
0.004143
0.004026
0.003975
0.00409
0.004099
0.004078
0.003972
0.003861
0.003984
0.003937
0.003983
0.003909
0.00402
0.00404
0.003922
0.00402
0.003998
0.003975
0.004154
0.003993
0.004066
0.003984
0.003971
0.003955
0.003946
0.00394
0.004081
0.004182
0.004001
0.003951
0.003998
0.00411
0.003985
0.004071
0.00409
0.004073
0.003884
0.004047
0.004124
0.003988
0.004064
0.004073
0.004046
0.003874
0.004049
0.00402
0.004028
0.003674
0.004071
0.003857
0.003953
0.004001
0.003933
0.003993
0.004022
0.00403
0.003919
0.004106
0.004016
0.004055
0.004182
0.003835
0.00387
0.003893
0.004014
0.003949
0.004126
0.003981
0.003993
0.004089
0.004032
0.004145
0.004046
0.004063
0.003867
0.004099
0.004011
0.004066
0.004057
0.003982
0.004049
0.003944
0.003984
0.003888
0.003831
0.004029
0.004042
0.00394
0.00381
0.004021
0.004023
0.003861
0.003886
0.00405
0.003997
0.003992
0.003988
0.003925
0.004018
0.004048
0.003789
0.003974
0.004044
0.003913
0.004054
0.004052
0.004136
0.004177
0.004056
0.004249
0.004104
0.00413
0.00408
0.004071
0.003995
0.004089
0.004245
0.004127
0.004321
0.004015
0.004173
0.004057
0.004198
0.004175
0.004029
0.004105
0.004054
0.004149
0.004078
0.004184
0.004126
0.004121
0.004081
0.004109
0.004007
0.003904
0.004121
0.004004
0.004075
0.004118
0.004086
0.004245
0.004081
0.00406
0.004012
0.004084
0.003903
0.004002
0.004053
0.003926
0.00396
0.004103
0.003901
0.003963
0.003901
0.003922
0.004083
0.003809
0.004044
0.003917
0.004202
0.004167
0.004049
0.003977
0.004105
0.004075
0.004051
0.003914
0.003936
0.003936
0.003976
0.003927
0.003904
0.00398
0.003957
0.004129
0.00409
0.004019
0.003938
0.003929
0.003962
0.004003
0.004167
0.003964
0.00403
0.004007
0.004108
0.004133
0.00395
0.003985
0.003954
0.003928
0.004036
0.004019
0.003915
0.004053
0.00393
0.004106
0.004047
0.003844
0.003998
0.003845
0.00405
0.004124
0.003917
0.004105
0.003975
0.003942
0.003986
0.003912
0.004158
0.004116
0.004077
0.003932
0.003958
0.0041
0.004009
0.003862
0.003995
0.003903
0.003896
0.003972
0.004098
0.00407
0.004086
0.004216
0.004027
0.004094
0.003978
0.004055
0.00416
0.004018
0.003898
0.00394
0.00398
0.004165
0.004064
0.004034
0.003995
0.003921
0.00405
0.003921
0.003889
0.004169
0.004032
0.00387
0.003955
0.003961
0.004032
0.003947
0.003993
0.004022
0.004053
0.00387
0.00407
0.004084
0.00411
0.00423
0.004117
0.004074
0.004179
0.004058
0.004056
0.003863
0.004101
0.003942
0.004048
0.004122
0.004134
0.00396
0.004041
0.004002
0.004118
0.003908
0.003976
0.004007
0.003951
0.004092
0.004009
0.003763
0.004013
0.003943
0.004088
0.004016
0.003989
0.003911
0.004044
0.004198
0.004094
0.00401
0.004016
0.004127
0.003986
0.004054
0.004049
0.004081
0.003939
0.004009
0.004057
0.003996
0.004
0.004152
0.004057
0.003826
0.003998
0.004054
0.004048
0.003873
0.004046
0.004104
0.004022
0.004107
0.004003
0.003999
0.003991
0.004039
0.004127
0.004025
0.00416
0.004277
0.004073
0.003959
0.004066
0.004091
0.004298
0.00397
0.00416
0.004152
0.003989
0.004053
0.003971
0.003981
0.003919
0.004099
0.003864
0.004085
0.003937
0.003967
0.004025
0.004037
0.004029
0.003998
0.003923
0.003881
0.004014
0.004101
0.004098
0.004003
0.003967
0.004111
0.003931
0.00419
0.004158
0.003979
0.004013
0.004157
0.003929
0.004005
0.003899
0.004085
0.003922
0.004056
0.004058
0.004022
0.003997
0.003961
0.004071
0.003938
0.003992
0.004043
0.003995
0.004078
0.003948
0.004196
0.003955
0.004022
0.003961
0.00386
0.004204
0.004088
0.004054
0.003983
0.003931
0.004105
0.004432
0.004042
0.003905
0.003878
0.004139
0.004061
0.004025
0.004043
0.003993
0.00403
0.004122
0.00416
0.004039
0.004032
0.004024
0.004067
0.003991
0.003927
0.004059
0.003975
0.004074
0.004231
0.003868
0.003999
0.003941
0.004115
0.003922
0.004041
0.004054
0.004048
0.004141
0.003977
0.003906
0.004287
0.003962
0.004168
0.003972
0.004018
0.004137
0.004177
0.003923
0.004039
0.004127
0.003938
0.004136
0.004157
0.004072
0.003985
0.004057
0.004042
0.003855
0.003965
0.00401
0.004124
0.003838
0.004198
0.003927
0.004018
0.004044
0.004077
0.003875
0.004084
0.003933
0.004011
0.003979
0.003931
0.003964
0.004046
0.004026
0.004041
0.004017
0.003996
0.004145
0.004047
0.003852
0.003821
0.003958
0.00408
0.004003
0.004002
0.003903
0.003891
0.004137
0.004012
0.004084
0.004038
0.004084
0.003922
0.003951
0.00394
0.003875
0.004067
0.00384
0.003856
0.003907
0.003903
0.004146
0.003938
0.003919
0.004079
0.003936
0.003943
0.003997
0.003912
0.003917
0.004067
0.003985
0.004006
0.003904
0.00389
0.003993
0.004066
0.003998
0.003813
0.003866
0.003861
0.004082
0.003927
0.003971
0.004121
0.003913
0.003957
0.003925
0.004105
0.004079
0.003966
0.003832
0.004004
0.004033
0.004029
0.004018
0.004195
0.004206
0.00413
0.003878
0.004026
0.004046
0.004129
0.003971
0.004083
0.003975
0.004018
0.004096
0.004124
0.004127
0.004052
0.004101
0.004169
0.004047
0.004169
0.004138
0.004097
0.004114
0.004055
0.00391
0.003997
0.003794
0.003935
0.004086
0.0038
0.004049
0.003932
0.003886
0.00424
0.004016
0.003988
0.003997
0.004118
0.004115
0.004117
0.004138
0.004094
0.004244
0.004155
0.004304
0.004109
0.0042
0.004188
0.004057
0.004149
0.00421
0.004165
0.004176
0.004169
0.004188
0.004219
0.004136
0.004036
0.004096
0.004323
0.003928
0.003995
0.00391
0.00412
0.003885
0.004046
0.004138
0.004019
0.003957
0.004113
0.003961
0.003968
0.003961
0.003904
0.003991
0.00397
0.003932
0.003969
0.003854
0.004235
0.004023
0.004116
0.00407
0.004111
0.004073
0.003991
0.003817
0.004053
0.003861
0.004159
0.004103
0.004001
0.003837
0.004049
0.003931
0.004045
0.003954
0.004031
0.00399
0.003951
0.004029
0.00401
0.004031
0.004108
0.004167
0.004166
0.004049
0.004106
0.003912
0.004083
0.003984
0.003958
0.003871
0.003932
0.004276
0.003922
0.004
0.003849
0.003994
0.004028
0.004012
0.003881
0.003929
0.003959
0.004018
0.003954
0.003911
0.004128
0.004086
0.004094
0.004234
0.00406
0.00405
0.004203
0.004105
0.004049
0.004001
0.003817
0.003985
0.00406
0.00396
0.004173
0.004115
0.004142
0.003988
0.003985
0.003874
0.004
0.004127
0.004248
0.004092
0.004077
0.004001
0.003956
0.00405
0.003849
0.004059
0.003881
0.00403
0.004231
0.004036
0.003984
0.0043
0.004124
0.004073
0.004218
0.004023
0.004141
0.004161
0.004022
0.004056
0.004048
0.003951
0.003872
0.00406
0.00403
0.004016
0.004021
0.003964
0.003915
0.004129
0.004041
0.003978
0.003908
0.003953
0.004066
0.004001
0.004089
0.004063
0.004069
0.003895
0.00402
0.003844
0.003948
0.003945
0.004012
0.003984
0.004052
0.004024
0.003967
0.003896
0.004293
0.003917
0.003798
0.004112
0.003981
0.003967
0.004104
0.004071
0.004013
0.004026
0.003984
0.00407
0.003976
0.003837
0.003721
0.004407
0.004078
0.004113
0.00412
0.004039
0.004011
0.004037
0.004255
0.003899
0.004037
0.003959
0.00429
0.004014
0.00398
0.003985
0.00415
0.004045
0.004131
0.003987
0.004096
0.004014
0.004218
0.004024
0.003975
0.004038
0.004023
0.004145
0.00405
0.004018
0.004155
0.004117
0.004152
0.004138
0.004027
0.00397
0.004105
0.004071
0.003967
0.004026
0.003927
0.003953
0.004105
0.004146
0.004067
0.004259
0.004035
0.004121
0.003999
0.003965
0.00417
0.004034
0.003862
0.003949
0.004068
0.004106
0.003793
0.004008
0.004063
0.004035
0.003925
0.004109
0.004012
0.004107
0.00392
0.004029
0.004086
0.004109
0.004227
0.003965
0.004007
0.003973
0.004008
0.004085
0.003932
0.004029
0.003999
0.003948
0.00397
0.004143
0.004301
0.003982
0.004095
0.003997
0.004063
0.004058
0.004004
0.003875
0.003844
0.004105
0.004157
0.004085
0.004045
0.003996
0.003979
0.004014
0.004129
0.00409
0.00412
0.004121
0.004084
0.004067
0.003913
0.004057
0.004103
0.004145
0.004014
0.00403
0.004011
0.004142
0.004016
0.003853
0.004022
0.00389
0.003964
0.003831
0.004032
0.004062
0.004124
0.004135
0.00399
0.004087
0.003987
0.003995
0.004029
0.003934
0.004099
0.003952
0.003963
0.004095
0.004108
0.003915
0.00402
0.004117
0.00411
0.004039
0.003821
0.004037
0.003697
0.004103
0.003971
0.004118
0.00388
0.004035
0.003985
0.004008
0.00399
0.004038
0.003994
0.004251
0.004133
0.004155
0.004
0.004027
0.004133
0.003913
0.004047
0.003979
0.003997
0.004021
0.004204
0.004086
0.004053
0.004083
0.003953
0.004254
0.003954
0.003983
0.004008
0.004049
0.003968
0.003984
0.004153
0.004037
0.003974
0.003926
0.004003
0.004036
0.003966
0.004139
0.004174
0.004022
0.003867
0.004062
0.004328
0.003766
0.003965
0.003995
0.004144
0.004008
0.003883
0.003898
0.004115
0.004087
0.004143
0.004128
0.003909
0.00388
0.004004
0.004142
0.0038
0.003963
0.003922
0.004028
0.003964
0.004032
0.00411
0.004019
0.003953
0.004208
0.003925
0.004019
0.004101
0.004193
0.00404
0.004282
0.003965
0.004091
0.004105
0.004154
0.003977
0.00404
0.004242
0.003961
0.003978
0.004024
0.004082
0.003885
0.003959
0.004016
0.004018
0.003997
0.004214
0.004013
0.003985
0.004091
0.004092
0.003986
0.003935
0.003868
0.003991
0.003994
0.004153
0.003893
0.0039
0.00401
0.004039
0.004085
0.004096
0.004016
0.004139
0.003961
0.004087
0.00391
0.003922
0.004128
0.004019
0.004072
0.003935
0.004033
0.004251
0.004081
0.003999
0.003933
0.003848
0.004103
0.004076
0.004057
0.004053
0.003961
0.003912
0.003922
0.004088
0.004033
0.003999
0.003954
0.004109
0.00405
0.004098
0.004107
0.00403
0.004159
0.003968
0.003968
0.004459
0.004406
0.004275
0.004365
0.00441
0.004284
0.004403
0.004338
0.004254
0.004168
0.004314
0.004278
0.004098
0.004297
0.004001
0.004096
0.004043
0.003908
0.004047
0.004216
0.004031
0.003981
0.004109
0.00386
0.004005
0.004078
0.004094
0.004093
0.003964
0.003961
0.004066
0.00406
0.004157
0.004113
0.004219
0.00391
0.004038
0.00409
0.004027
0.003848
0.004047
0.003981
0.004094
0.004034
0.004063
0.004015
0.00393
0.003868
0.004096
0.004105
0.003999
0.004078
0.004067
0.004085
0.003917
0.004073
0.003941
0.003844
0.004039
0.003887
0.004216
0.004174
0.004069
0.004142
0.004189
0.004103
0.004056
0.00399
0.004039
0.00398
0.004095
0.004169
0.004175
0.003861
0.003974
0.004071
0.00397
0.00391
0.004044
0.003976
0.003919
0.003915
0.004026
0.003996
0.003859
0.003901
0.004024
0.004048
0.004038
0.003813
0.003879
0.003847
0.004244
0.004262
0.004178
0.004138
0.004067
0.003941
0.004131
0.004045
0.00399
0.004016
0.003911
0.003997
0.003984
0.004067
0.004056
0.004118
0.003918
0.003928
0.003873
0.003979
0.004097
0.004086
0.003957
0.003922
0.004035
0.003922
0.004196
0.003823
0.004232
0.004084
0.004075
0.003947
0.003977
0.004119
0.004127
0.003827
0.003944
0.00402
0.00381
0.004006
0.00383
0.004069
0.00391
0.003991
0.003994
0.004101
0.004
0.004034
0.003919
0.004021
0.004071
0.004008
0.00391
0.004071
0.003976
0.004115
0.003946
0.003978
0.004007
0.004029
0.004003
0.003983
0.004012
0.004097
0.004011
0.003765
0.003921
0.004082
0.003899
0.00404
0.004051
0.003967
0.004141
0.004055
0.003961
0.004099
0.00405
0.004015
0.003914
0.004034
0.004077
0.004003
0.004166
0.004003
0.004028
0.004093
0.004096
0.004133
0.004332
0.004023
0.004093
0.003968
0.003996
0.004169
0.003961
0.003817
0.003993
0.003892
0.003959
0.004132
0.004046
0.003897
0.004129
0.003948
0.00413
0.004047
0.004086
0.004171
0.004089
0.004045
0.004047
0.004066
0.003886
0.004091
0.00406
0.003964
0.004089
0.003755
0.003954
0.004032
0.003987
0.003914
0.003973
0.003967
0.003943
0.004078
0.00405
0.004024
0.003964
0.004098
0.003947
0.003872
0.004093
0.004029
0.004081
0.00407
0.003984
0.003964
0.004055
0.004047
0.004027
0.004055
0.00402
0.004088
0.004045
0.004004
0.003977
0.004052
0.00411
0.003918
0.00393
0.004018
0.003987
0.003912
0.003867
0.004058
0.0039
0.003906
0.004131
0.004187
0.004121
0.004046
0.003902
0.004254
0.004135
0.003954
0.003884
0.003907
0.003888
0.003954
0.004104
0.003911
0.004024
0.00395
0.004024
0.004125
0.004024
0.004068
0.004011
0.004081
0.003949
0.003925
0.004
0.003722
0.003897
0.004088
0.004041
0.004076
0.004294
0.003984
0.004
0.003967
0.003914
0.003998
0.004104
0.003995
0.004002
0.003921
0.003994
0.003939
0.004087
0.004084
0.004092
0.003998
0.003916
0.004036
0.004036
0.003943
0.004031
0.00406
0.003957
0.004101
0.004081
0.003984
0.004189
0.004093
0.00403
0.003852
0.003952
0.004099
0.003994
0.004036
0.003979
0.003913
0.003984
0.003964
0.00401
0.004059
0.004071
0.004102
0.004002
0.004077
0.004026
0.003958
0.003929
0.00513
0.003993
0.004532
0.004239
0.004036
0.003915
0.003891
0.003899
0.003964
0.003969
0.004074
0.004009
0.004023
0.003998
0.004071
0.004008
0.004083
0.004067
0.004009
0.004042
0.00427
0.004386
0.004291
0.00405
0.003925
0.004283
0.003988
0.003983
0.004111
0.004138
0.00397
0.00431
0.004181
0.004166
0.00419
0.003914
0.003945
0.004139
0.004016
0.00409
0.004086
0.004067
0.004013
0.004011
0.004076
0.004175
0.003931
0.004028
0.004142
0.004088
0.00408
0.003963
0.004114
0.004079
0.004091
0.003928
0.004009
0.004191
0.003987
0.004041
0.003958
0.004099
0.003957
0.004511
0.004208
0.003993
0.003822
0.004098
0.00416
0.004066
0.004049
0.00394
0.004
0.004133
0.004206
0.00404
0.004123
0.004085
0.003977
0.004082
0.003971
0.004024
0.004072
0.004045
0.00407
0.003973
0.004254
0.004114
0.003943
0.004049
0.004082
0.003984
0.004144
0.003911
0.003919
0.004081
0.004091
0.004132
0.004153
0.003896
0.00405
0.004107
0.004008
0.0042
0.004061
0.003998
0.004057
0.004036
0.003974
0.004029
0.004079
0.004108
0.003797
0.004073
0.004027
0.004202
0.003981
0.004286
0.004266
0.004106
0.004057
0.004271
0.004123
0.004097
0.004166
0.004114
0.004193
0.004202
0.004008
0.004113
0.004126
0.004146
0.004133
0.003901
0.004127
0.004017
0.00412
0.003968
0.004126
0.003977
0.004069
0.004077
0.004186
0.004021
0.004078
0.004002
0.004123
0.004087
0.003988
0.004064
0.003933
0.004066
0.004097
0.00399
0.004044
0.003961
0.00415
0.004133
0.003932
0.004048
0.004099
0.003935
0.004143
0.00397
0.004186
0.003893
0.004049
0.004081
0.00389
0.004007
0.003964
0.00413
0.004083
0.00407
0.003824
0.003965
0.003995
0.00411
0.004054
0.004072
0.004094
0.004061
0.004051
0.004081
0.004085
0.004028
0.003901
0.004104
0.004055
0.004016
0.004068
0.003783
0.003972
0.004027
0.004106
0.003883
0.003963
0.003917
0.004006
0.004175
0.00421
0.004053
0.003994
0.003989
0.004114
0.00407
0.004109
0.004131
0.004344
0.00413
0.004123
0.004133
0.004129
0.004031
0.003924
0.004003
0.004097
0.004032
0.004118
0.004084
0.004181
0.004179
0.004067
0.004083
0.004304
0.004159
0.003934
0.003971
0.003932
0.003919
0.003922
0.004044
0.004009
0.004042
0.004086
0.004018
0.003838
0.003914
0.004086
0.00402
0.004066
0.003948
0.004095
0.003838
0.004089
0.004063
0.004159
0.004076
0.003928
0.00407
0.003976
0.003978
0.004099
0.004018
0.004086
0.004009
0.00407
0.004014
0.003949
0.004039
0.003985
0.003916
0.003987
0.003945
0.003882
0.003906
0.004054
0.004054
0.003935
0.00403
0.004062
0.004119
0.004109
0.004095
0.003993
0.00412
0.004152
0.004055
0.003967
0.004039
0.004098
0.003971
0.004103
0.004184
0.004027
0.004037
0.004013
0.003906
0.004128
0.004036
0.004113
0.004073
0.00401
0.004158
0.003909
0.003943
0.00404
0.004162
0.004051
0.004066
0.004056
0.004158
0.00396
0.003913
0.004002
0.00392
0.003937
0.004113
0.004018
0.003989
0.003982
0.003961
0.004016
0.003984
0.004007
0.004074
0.004128
0.003931
0.003925
0.004063
0.004003
0.004011
0.004146
0.003971
0.004011
0.004037
0.004156
0.004065
0.004018
0.004127
0.004171
0.003926
0.004112
0.003835
0.00405
0.004062
0.003933
0.003885
0.004048
0.003877
0.004066
0.00408
0.004029
0.003924
0.003941
0.00409
0.004002
0.004165
0.003981
0.004153
0.003976
0.004072
0.003975
0.0041
0.00388
0.004121
0.004112
0.003961
0.004002
0.003983
0.004068
0.00416
0.003994
0.004042
0.003929
0.003973
0.004195
0.003978
0.003961
0.003989
0.003937
0.003969
0.004095
0.004162
0.00397
0.004043
0.003997
0.003873
0.004331
0.003983
0.003928
0.004063
0.004142
0.004167
0.004277
0.003918
0.004163
0.003964
0.003975
0.00412
0.003966
0.003976
0.00402
0.004052
0.004088
0.004067
0.00402
0.004061
0.004119
0.004072
0.003954
0.004028
0.004103
0.004026
0.004014
0.004096
0.004028
0.004175
0.004107
0.004237
0.004171
0.003849
0.003927
0.004146
0.004054
0.004041
0.004094
0.004282
0.003919
0.004211
0.004109
0.004127
0.004037
0.004027
0.004039
0.003898
0.004128
0.003939
0.004156
0.004044
0.003955
0.0039
0.003881
0.003911
0.004078
0.004045
0.004048
0.003885
0.003958
0.004003
0.00411
0.00395
0.004062
0.003943
0.003883
0.003863
0.004174
0.004082
0.004022
0.003953
0.004073
0.004053
0.004058
0.00399
0.004109
0.004196
0.004173
0.004179
0.004037
0.004203
0.003897
0.004148
0.004084
0.004135
0.004
0.004143
0.004167
0.003982
0.004031
0.004225
0.004197
0.004104
0.003971
0.004179
0.004071
0.004036
0.004293
0.003858
0.004061
0.004136
0.004268
0.003922
0.004124
0.003867
0.003982
0.003876
0.004067
0.003899
0.004016
0.003904
0.003918
0.003849
0.004076
0.004125
0.00399
0.004126
0.003918
0.004133
0.004078
0.004162
0.004338
0.00397
0.003931
0.004052
0.004003
0.004131
0.003982
0.003969
0.004142
0.004086
0.004113
0.004146
0.004
0.004118
0.003956
0.004118
0.004074
0.004168
0.004091
0.004099
0.004122
0.004035
0.003947
0.004028
0.003829
0.003978
0.003978
0.004012
0.004026
0.004073
0.004016
0.004113
0.003897
0.004206
0.004114
0.004017
0.004061
0.004181
0.003918
0.003959
0.004047
0.003938
0.004006
0.0041
0.003992
0.004113
0.004121
0.004094
0.00411
0.004139
0.004009
0.004099
0.00398
0.00402
0.004045
0.003893
0.004066
0.004048
0.004148
0.004106
0.004012
0.00397
0.004192
0.004142
0.004188
0.003979
0.004074
0.003954
0.004006
0.004214
0.004038
0.004016
0.004152
0.004219
0.00406
0.004083
0.004132
0.004086
0.004048
0.004121
0.004083
0.003925
0.004062
0.003929
0.004163
0.00396
0.004013
0.004026
0.004063
0.003865
0.004102
0.003975
0.004028
0.003974
0.003906
0.004088
0.004067
0.003975
0.003969
0.004143
0.003909
0.003963
0.004087
0.004122
0.004066
0.004091
0.003907
0.004111
0.004034
0.004068
0.004017
0.003846
0.004098
0.003781
0.004164
0.00396
0.003982
0.004069
0.004065
0.004098
0.004106
0.003874
0.003941
0.00377
0.004005
0.004171
0.004025
0.003906
0.00405
0.004001
0.004021
0.003992
0.004192
0.003887
0.004091
0.004027
0.004072
0.004089
0.00404
0.003923
0.003984
0.00409
0.003899
0.004254
0.004101
0.003903
0.004176
0.004053
0.003954
0.004007
0.004207
0.004075
0.00389
0.00393
0.004202
0.004034
0.003962
0.00401
0.003958
0.004203
0.004044
0.004001
0.004143
0.004012
0.004034
0.00426
0.004229
0.003998
0.004034
0.004106
0.003807
0.003981
0.003846
0.003946
0.004202
0.003974
0.004098
0.004036
0.003943
0.004027
0.003927
0.004098
0.004048
0.003978
0.004034
0.003979
0.00409
0.003984
0.00388
0.003966
0.004147
0.004085
0.004046
0.004114
0.004141
0.00402
0.004134
0.004153
0.004084
0.004085
0.004107
0.003981
0.00386
0.004212
0.004053
0.00397
0.004091
0.004071
0.004085
0.004091
0.003883
0.003978
0.004022
0.003968
0.004163
0.003992
0.003987
0.004062
0.00395
0.004097
0.00396
0.004117
0.004054
0.004035
0.00389
0.003926
0.003969
0.004051
0.004135
0.00404
0.004152
0.004062
0.00422
0.004071
0.004041
0.004051
0.003876
0.003934
0.003964
0.003971
0.004097
0.004003
0.004083
0.004118
0.004204
0.004146
0.004004
0.004096
0.003866
0.004011
0.004104
0.004021
0.004158
0.003943
0.00402
0.004061
0.004008
0.003876
0.004034
0.004159
0.004034
0.003937
0.004064
0.003874
0.004002
0.003999
0.003987
0.004107
0.004063
0.004211
0.004014
0.00395
0.003898
0.004052
0.004076
0.004173
0.004024
0.004051
0.003999
0.003963
0.003931
0.003934
0.004107
0.004023
0.004077
0.003946
0.004105
0.004208
0.004029
0.004032
0.003991
0.003845
0.003981
0.004084
0.004014
0.003857
0.003868
0.004237
0.004035
0.00423
0.004066
0.004019
0.004056
0.0039
0.004196
0.004095
0.004031
0.003987
0.004009
0.004101
0.004069
0.004315
0.004171
0.004031
0.00404
0.004052
0.00395
0.004012
0.004147
0.004053
0.003996
0.004083
0.004104
0.0038
0.004104
0.004002
0.003935
0.004139
0.003898
0.004071
0.003886
0.00404
0.004056
0.004116
0.00404
0.004096
0.003981
0.003983
0.003954
0.003893
0.004135
0.004009
0.004217
0.004125
0.004238
0.004109
0.003923
0.003982
0.00409
0.003982
0.004059
0.00399
0.004095
0.003982
0.003957
0.003864
0.004008
0.003975
0.004285
0.004111
0.004103
0.003919
0.00394
0.00406
0.004044
0.003961
0.003979
0.004083
0.004176
0.003934
0.00405
0.004123
0.004142
0.004248
0.004137
0.004045
0.004072
0.004233
0.00424
0.004034
0.004028
0.004224
0.003998
0.004012
0.00391
0.003932
0.003991
0.004162
0.003896
0.004043
0.004095
0.00412
0.004114
0.004057
0.004151
0.003975
0.004123
0.004139
0.004091
0.004086
0.004058
0.004187
0.00408
0.004095
0.004074
0.004147
0.004141
0.004214
0.00415
0.004037
0.004182
0.004018
0.003998
0.003967
0.003954
0.003978
0.004002
0.004082
0.004001
0.004097
0.003901
0.003987
0.00412
0.004108
0.004043
0.003967
0.004024
0.003931
0.003997
0.004089
0.003955
0.004115
0.003913
0.003979
0.00393
0.004056
0.004118
0.004043
0.003921
0.004142
0.004032
0.004231
0.00411
0.003986
0.004092
0.003857
0.004157
0.004103
0.003947
0.004032
0.00401
0.004108
0.00407
0.004007
0.003962
0.004018
0.004176
0.003967
0.004077
0.004102
0.003986
0.004003
0.004068
0.00397
0.003873
0.003962
0.004135
0.004189
0.004232
0.004033
0.004005
0.004007
0.004017
0.00401
0.004079
0.003908
0.004007
0.003955
0.004062
0.003986
0.004097
0.003941
0.004092
0.004054
0.003965
0.004027
0.004072
0.004127
0.004073
0.004067
0.003897
0.004058
0.003871
0.004051
0.003875
0.004137
0.004043
0.003915
0.004007
0.004159
0.004086
0.004026
0.003857
0.004113
0.004136
0.004017
0.004041
0.003954
0.004111
0.00393
0.004066
0.004251
0.003807
0.004009
0.004024
0.004009
0.003957
0.003983
0.003812
0.004098
0.004094
0.003967
0.004149
0.004213
0.004058
0.004042
0.004105
0.003985
0.00413
0.003997
0.004026
0.004149
0.004066
0.003984
0.003983
0.004038
0.004006
0.004103
0.003995
0.004038
0.003952
0.004031
0.004053
0.003886
0.004069
0.004004
0.00396
0.003919
0.003987
0.004123
0.00413
0.003882
0.004007
0.004161
0.004016
0.003998
0.003928
0.004075
0.004021
0.004113
0.003911
0.004016
0.004024
0.004061
0.004064
0.004032
0.00408
0.004138
0.004109
0.003968
0.004013
0.004126
0.003886
0.004134
0.003957
0.004162
0.004029
0.004093
0.00407
0.003996
0.004097
0.004023
0.003969
0.004045
0.003854
0.004103
0.004056
0.003999
0.003979
0.003999
0.004022
0.004005
0.004107
0.004002
0.003873
0.004123
0.004138
0.0038
0.00404
0.003879
0.003991
0.004047
0.004024
0.004102
0.004237
0.003854
0.003847
0.004051
0.004034
0.004011
0.003965
0.004111
0.004056
0.00396
0.004081
0.003963
0.00397
0.004128
0.003956
0.00402
0.003836
0.004002
0.004026
0.003959
0.00385
0.00406
0.004061
0.003983
0.004036
0.004106
0.004054
0.003893
0.004057
0.004214
0.00409
0.00392
0.004083
0.003993
0.004104
0.004024
0.004122
0.003897
0.003995
0.004042
0.00405
0.003911
0.004109
0.004034
0.004013
0.004019
0.004095
0.004173
0.004118
0.00405
0.004052
0.004087
0.004241
0.003859
0.004336
0.004344
0.004136
0.00413
0.004074
0.004065
0.004028
0.004087
0.003916
0.003948
0.004023
0.003944
0.003954
0.004286
0.003952
0.003816
0.003925
0.003905
0.004279
0.004204
0.003971
0.003939
0.004044
0.003975
0.004043
0.004007
0.004097
0.003949
0.003947
0.004527
0.004133
0.00399
0.004233
0.004153
0.004023
0.004309
0.003939
0.004018
0.004303
0.003981
0.004365
0.004316
0.003883
0.003953
0.00412
0.003921
0.004014
0.004086
0.004088
0.003935
0.004337
0.004088
0.004075
0.004004
0.004045
0.004076
0.004076
0.004118
0.003963
0.004203
0.004206
0.003992
0.004031
0.003924
0.003984
0.00408
0.004027
0.003846
0.003952
0.003928
0.004022
0.004027
0.004118
0.004063
0.00385
0.003939
0.004159
0.004047
0.004016
0.003941
0.004066
0.003864
0.004155
0.004044
0.004215
0.004037
0.004003
0.004033
0.003995
0.004227
0.004104
0.004185
0.004016
0.004166
0.004022
0.004049
0.003934
0.004174
0.004108
0.003998
0.004054
0.004128
0.00387
0.004015
0.004052
0.00404
0.003999
0.004068
0.003976
0.003943
0.004149
0.003931
0.004191
0.004105
0.004081
0.00394
0.004052
0.00413
0.003956
0.004138
0.00394
0.003899
0.004098
0.004003
0.003954
0.004113
0.003975
0.003956
0.00415
0.004026
0.004248
0.004102
0.004145
0.003937
0.004014
0.003927
0.004003
0.003974
0.004117
0.004108
0.003967
0.003963
0.003965
0.004341
0.004052
0.00399
0.004111
0.003927
0.004032
0.004072
0.004124
0.004013
0.004033
0.003999
0.004049
0.004019
0.003989
0.004038
0.00407
0.003971
0.004011
0.003845
0.004073
0.00411
0.00411
0.004085
0.004019
0.00409
