38 380 41.155679902357
61 610 52.75563536209
21 210 52.75704136209
63 630 53.655387566909
20 200 54.157760497449
25 250 56.655582393695
62 620 56.663720179107
39 390 63.655501540394
60 600 74.155414197066
31 310 74.156794197066
69 690 78.75543002407
24 240 78.77059702407
32 320 78.77196402407
37 370 78.77333102407
65 650 79.156797204294
79 790 79.158164204294
26 261 79.159570204294
29 290 80.655643935232
78 780 83.161032860597
22 220 83.166448860597
26 260 83.172798076315
30 300 100.674425535848
77 770 100.679984535848
70 700 101.258058389164
33 330 101.260857389164
35 350 101.262185389164
27 270 101.264867389164
67 670 101.266273389164
66 660 101.270361389164
73 730 101.271689389164
27 271 101.273069389164
35 351 101.274462389164
75 750 103.655495387132
76 760 103.687360416409
24 241 103.691526416409
61 611 105.866190398048
75 751 105.890965398048
69 691 116.755429912095
34 340 116.759621912095
72 720 116.760975912095
60 601 118.176774080153
79 791 118.178193080153
25 251 118.191967080153
70 701 118.196068080153
30 301 122.265015012772
29 291 123.288628956595
74 740 123.677916895798
31 311 123.682056895798
20 201 125.684421766714
36 360 125.685788766714
64 640 142.163579996439
64 641 142.169009095313
63 631 142.182471443542
77 771 142.185153542416
76 761 142.255420319014
36 361 142.259674486065
34 341 142.272587748192
33 331 142.280647039648
72 721 142.287586085405
73 731 142.664361046389
68 680 149.66582151151
65 651 149.67958251151
66 661 149.68227751151
37 371 164.661694187792
38 381 167.15566671934
22 221 167.16390771934
74 741 167.16657724489
71 710 167.181394994903
38 382 167.18272334709
71 711 167.184051520453
28 281 167.272755550954
78 781 167.274096550954
39 391 170.266712545286
33 332 170.661062284336
23 230 170.663744284336
22 222 170.676164284336
20 202 170.680291284336
68 681 180.678432169034
60 602 180.679799169034
36 362 180.681205169034
67 671 180.682585169034
24 242 180.686712169034
27 272 180.75696916897
26 262 180.75978116897
67 672 180.76110916897
23 231 180.76245016897
23 232 180.76379116897
34 342 187.276013500596
32 321 188.156863178684
69 692 198.75544302818
62 621 207.255566223741
25 252 207.258326223741
64 642 208.160943687029
79 792 208.165083687029
72 722 208.166502687029
61 612 208.170564687029
28 282 208.173259687029
29 292 212.659692666209
62 622 212.663793666209
35 352 212.677528666209
74 742 212.678934666209
37 372 212.680275666209
29 293 212.757049667046
30 302 214.187697133193
78 782 214.194584133193
21 211 216.698147356891
76 762 216.755502596889
77 772 216.758211428779
68 682 216.789308083899
30 303 216.856830592367
21 212 230.669460655534
73 732 230.670788655534
63 632 230.682961999806
39 392 230.685683489038
32 322 230.69104797827
70 702 230.699147101694
73 733 234.675491434856
65 652 236.691939089609
38 383 236.696053089609
62 623 236.698787089609
75 752 251.266568655849
75 753 251.267948655849
20 203 251.269354655849
34 343 251.296837655849
27 273 252.169459313265
35 353 252.176294313265
28 283 252.181840313265
36 363 254.193898007407
31 313 256.668405390796
67 673 256.672506390796
78 783 256.676607390796
68 683 256.680747390796
29 294 258.981541758506
61 613 276.17244149593
32 323 276.17382149593
32 324 276.17790949593
65 653 279.685155787723
25 253 279.686483787723
26 263 280.191882160907
64 643 280.195906016149
31 314 280.27050946798
63 633 295.272038389884
37 373 295.273431389884
76 763 295.276139389884
72 723 295.280214389884
25 254 295.282987389884
34 344 295.284354389884
64 644 295.285747389884
24 243 295.289965389884
39 393 295.291332389884
23 233 295.292712389884
77 773 295.355511743548
77 774 295.358310743548
79 793 295.359690743548
79 794 295.362359743548
31 312 297.264788946035
60 603 297.27448631044
67 674 297.27581431044
66 663 299.687953229811
70 704 303.76922630526
68 684 303.77055430526
26 264 304.168505457931
66 664 304.171213457931
63 634 304.183633457931
78 784 304.197394457931
71 712 304.198813457931
21 213 305.668724852457
71 714 319.285310484862
36 364 320.780395343448
37 374 320.783116343448
70 703 321.255425631531
30 304 321.258120631531
33 333 321.367534097431
76 764 324.169013340982
23 234 324.259521948384
35 354 324.260862948384
72 724 324.264912358822
32 325 324.277008841426
24 244 341.791654648045
27 275 341.876373093627
69 693 360.180232160274
69 694 360.181586160274
71 713 360.192600160274
21 215 360.258316163528
70 705 360.262456163528
21 214 360.266570163528
73 735 360.267911163528
79 795 360.269291163528
65 654 361.259645739114
34 345 361.266545739114
73 734 361.274747739114
38 385 361.281751739114
35 355 361.288560739114
62 624 362.766535411244
67 675 362.767915411244
74 744 364.185007922753
30 305 367.659776960957
29 295 367.661143960957
22 225 367.662536960957
60 604 367.677547960957
28 284 367.678888960957
28 285 367.680229960957
74 745 367.681570960957
75 754 383.261277569311
24 245 383.265648761264
75 755 383.268408761264
33 334 383.273941761264
61 614 383.275334761264
33 335 383.276701761264
77 775 383.278120761264
72 725 383.296151761264
36 365 383.297557761264
68 685 383.298924761264
69 695 383.355384549656
76 765 383.358131549656
38 384 388.661598950221
65 655 388.669586738443
61 615 388.676577738443
23 235 388.680691738443
62 625 388.683425738443
37 375 388.686146738443
78 785 390.664163125614
25 255 390.665517125614
36 366 392.194930586279
60 605 404.155375170514
22 224 404.156729170514
71 715 404.164853708058
29 296 404.19311000841
22 226 404.197159545954
39 395 404.273119683702
20 204 404.275776069152
60 606 404.278471221296
39 394 404.358057557278
27 274 404.3635002398
26 265 407.76788247536
39 396 408.168464931138
75 756 419.655482288578
67 676 433.764435729948
77 776 434.962413925833
37 376 434.993854925833
78 786 434.999374925833
70 706 435.055487930333
64 645 435.163676707419
63 635 435.167790707419
27 276 435.169144707419
30 306 435.185665707419
32 326 449.273802579112
65 656 449.277916579112
74 746 449.282095579112
26 266 449.286157579112
32 327 449.291651579112
25 256 455.159370613011
34 347 457.179147399534
73 736 457.181881399534
62 626 457.183235399534
66 665 459.662805640807
34 346 459.664133640807
61 616 459.680422207989
71 716 459.687206472542
38 386 459.699315762546
35 356 459.756731700712
68 686 474.16011472212
63 636 474.16566072212
64 646 474.16836872212
25 257 474.17797672212
68 687 474.18617872212
26 267 475.771973349258
61 617 475.773379349258
79 797 475.774720349258
35 357 478.188189041487
77 777 480.955474713975
33 336 497.284180138767
30 307 497.288372138767
65 657 497.289765138767
70 707 497.298110138767
31 316 497.299503138767
29 297 497.355596618071
62 627 497.359723618071
72 726 498.15546754533
72 727 498.162996186874
79 796 498.175390186874
31 317 498.182238186874
60 607 502.183196482174
73 737 517.670005625442
69 696 517.676983625442
31 315 517.679639625442
24 246 517.681019625442
24 247 517.682373625442
74 747 517.685094625442
75 757 517.687021784318
73 738 517.688375784318
24 248 518.162560696585
27 277 519.687093561481
66 666 519.688473561481
66 667 519.689866561481
38 387 519.781461564756
76 766 538.684428966928
37 377 538.685756966928
72 728 538.694127966928
67 677 539.164388820976
38 388 539.165781820976
39 397 543.260907482853
63 637 543.266324797405
60 608 543.277132111957
37 378 543.288146111957
65 658 543.289513111957
34 348 543.290906111957
35 358 543.292260111957
64 648 543.293588111957
78 788 543.294929111957
76 767 543.355516163796
33 337 543.356844163796
62 628 543.359630163796
71 718 543.689890226129
67 678 544.665172179271
26 268 544.679963485971
31 318 544.685314747311
30 308 545.758294652372
78 787 558.163956685146
66 668 558.18158674261
69 697 558.184243256976
63 638 558.274781993092
32 328 561.194070542468
23 237 561.660227880971
27 278 561.675342880971
69 698 561.683557880971
33 338 563.663564390485
71 717 566.670457942803
21 217 566.685533942803
24 249 605.266033017738
34 349 605.267361017738
74 748 605.268767017738
74 749 605.271436017738
