6 60 25.155611086758
38 380 41.155386041491
15 150 51.655475523563
8 80 51.656829523563
20 200 51.658248523563
25 250 56.655575472811
39 390 63.655518961799
7 70 63.656885961799
0 0 63.658252961799
16 160 63.659671961799
23 230 63.661090961799
31 310 63.662470961799
10 100 63.665217961799
12 120 72.159235735503
3 30 72.174142735503
11 110 75.66563480933
26 260 75.66698880933
32 320 75.67797680933
26 261 79.17567760922
8 81 79.186665666841
21 210 80.656906913162
5 50 80.658325913162
29 291 80.670514316876
17 171 80.679915919352
27 270 101.655480769057
37 370 101.658777953031
30 300 101.660183953031
4 40 101.661563953031
35 350 101.662943953031
24 240 101.664271953031
27 271 101.665651953031
35 351 101.667070953031
34 340 101.668424953031
1 11 101.669791953031
4 41 101.671119953031
9 91 101.672512953031
14 141 101.673853953031
13 130 101.675194953031
29 290 102.658775254099
38 381 102.678134254099
1 10 102.679475254099
9 90 102.680816254099
14 140 102.682222254099
22 220 102.683550254099
2 20 105.687210049114
12 121 105.689892049114
30 301 105.691233049114
3 31 105.698094049114
18 181 105.699513049114
28 280 105.755704048509
28 281 105.757058048509
32 321 124.170830626516
0 1 124.190007626516
16 161 124.191387626516
31 311 124.194095626516
19 191 124.195462626516
13 131 124.255576623784
10 101 124.258284623784
20 201 124.262359623784
33 331 139.190526880472
2 21 139.193351880472
5 51 139.197374880472
36 361 139.198780880472
7 71 139.256722887701
33 330 142.174274329951
18 180 142.275839329574
4 42 142.278573329574
2 22 142.279953329574
11 111 149.186566618975
31 312 160.756941481387
39 391 160.759649481387
39 392 160.762383481387
5 52 160.765078481387
37 372 160.782940481387
36 360 170.664135435493
33 332 170.667685721487
22 221 170.669039721487
3 32 170.670445721487
6 61 170.671812721487
19 190 170.675913721487
20 202 170.677332721487
37 371 172.661622543069
38 382 173.169120783119
7 72 173.171906783119
12 122 173.173286783119
27 272 173.176072783119
14 142 186.693950344468
11 112 186.755625344903
36 362 186.756979344903
26 262 203.158890736179
35 352 203.170021736179
9 92 203.171349736179
34 341 203.172677736179
16 162 203.174057736179
34 342 203.175450736179
23 232 204.658318332212
12 123 209.256913547826
32 322 214.155551632365
19 192 214.176238632365
28 282 214.177579632365
10 102 214.178920632365
32 323 214.180339632365
23 231 214.187226632365
15 151 214.189947632365
1 13 214.192694632365
25 251 214.194048632365
25 252 214.195389632365
29 293 214.257009628025
3 33 225.667346525094
1 12 225.668674525094
22 222 225.674181525094
15 152 225.675509525094
11 113 225.676928525094
2 23 225.681029525094
30 302 225.685143525094
29 292 225.687890525094
6 62 225.689283525094
30 303 225.690676525094
21 211 230.665070384939
21 212 230.669093714979
8 82 231.670956695866
35 353 231.680434695866
19 193 231.685967695866
31 313 246.675373126405
18 183 259.186115360218
4 43 259.191661360218
10 104 259.193080360218
31 314 259.195853360218
5 53 261.166550597503
25 253 261.167878597503
36 363 261.169271597503
28 283 261.174817597503
26 263 261.188552597503
0 2 261.192705597503
10 103 261.195452597503
39 393 261.255563597925
23 233 261.256943597925
0 3 261.258336597925
34 343 261.259690597925
27 273 271.680935698847
6 63 271.698771698847
38 383 275.173050506974
1 14 275.177138506974
37 373 275.179872506974
32 324 275.184025506974
3 34 277.668880255378
20 203 277.670208255378
14 143 280.181485592538
33 333 280.182865592538
9 94 280.184193592538
18 184 294.184099733239
24 244 294.192314733239
24 243 294.193681733239
11 114 294.195009733239
24 242 294.259499729306
25 254 294.260918729306
23 234 294.263665729306
13 134 297.188746812057
26 264 297.190152812057
34 344 303.679309428029
30 304 304.662653865135
13 133 311.657872466546
14 144 311.659213466546
5 54 311.672948466546
36 364 311.681020466546
37 374 311.683832466546
7 74 311.686553466546
16 163 323.166447023336
2 24 323.17053504784
21 213 323.171876069895
16 164 323.177279096848
19 194 323.183984143407
21 214 323.260855000018
32 325 324.18164150412
1 15 332.195743505712
23 235 332.197162505712
11 115 332.198555505712
31 315 332.258164501487
8 83 332.259518501487
35 354 340.167853268248
25 255 340.171915268248
27 274 341.169410296915
27 275 341.176336296915
20 204 341.180437296915
39 394 341.69124406838
38 385 341.69261106838
22 224 352.163617147359
3 35 352.166325147359
7 75 352.167653147359
28 284 352.169007147359
28 285 352.173108147359
7 73 352.175946147359
9 93 352.177326147359
30 305 352.192493147359
35 355 353.666858557304
3 36 368.162267856229
33 335 374.180778431489
38 384 374.184892431489
36 365 374.194591431489
21 215 374.195997431489
37 375 374.197403431489
4 45 374.688213730546
22 225 374.689606730546
34 345 376.265762165939
5 55 376.271152165939
29 294 376.278104165939
29 295 376.279497165939
7 76 377.668913585007
23 236 390.697878306153
36 366 392.167879333481
26 265 396.172456205715
22 223 396.694966758743
33 334 396.697752758743
2 25 396.781544309195
39 395 396.782963309195
5 56 402.669216075565
2 26 402.776952703234
1 16 402.778293703234
27 276 412.285395973127
39 396 413.174306575536
11 116 418.680267420655
30 306 430.172427776176
32 326 442.255564479315
32 327 442.259626479315
34 346 456.662814961388
35 356 456.666689296078
1 17 456.672144296078
38 386 457.157627459383
34 347 457.176130862539
25 256 467.179997138685
11 117 467.190933138685
5 57 468.169919449797
35 357 469.674662480242
37 376 475.661297657385
25 257 486.192428005119
36 367 516.667778242562
31 317 516.670525242562
22 226 516.671853242562
33 336 516.673181242562
31 318 516.67496548593
27 277 517.662069296967
26 266 517.663423296967
2 27 529.155409423814
3 37 529.15809225089
30 307 529.160775077966
2 28 529.163509905042
26 268 529.167559732118
38 388 529.178421040422
32 328 529.66443570996
30 308 545.178712433011
38 387 545.684332830252
7 78 555.655373812689
11 118 555.666078564544
39 397 559.163676987101
37 377 559.165056987101
7 77 559.166384987101
33 337 559.167803987101
33 338 559.170550987101
2 29 559.180210987101
27 278 559.673282852056
35 358 559.690666710454
5 58 559.694690517163
1 19 559.700172323872
34 348 561.68269919587
1 18 561.68405319587
3 38 578.677247851949
39 398 578.681374851949
37 378 578.684095851949
39 399 578.688248851949
31 319 578.692349851949
36 368 596.163739543714
