53 840 86.160429335101
96 830 92.356982459978
96 860 92.358323459978
33 890 128.162498924018
0 890 128.162498924018
80 890 128.162498924018
79 880 132.161244591846
93 850 134.657458993892
36 831 136.685254989595
27 831 136.685254989595
97 831 136.685254989595
44 810 158.375613014769
17 810 158.375613014769
44 811 158.377019014769
17 811 158.377019014769
33 820 176.658284967146
33 821 176.659703967146
33 851 176.662972105254
27 871 178.683609464864
38 871 178.683609464864
11 802 191.685006921892
67 802 191.685006921892
81 841 216.659526612083
84 852 216.756740609426
81 852 216.756740609426
46 822 217.158419082232
90 842 217.162507082232
46 842 217.162507082232
40 862 217.658393235413
8 861 217.659734235413
40 861 217.659734235413
15 881 217.663796235413
72 881 217.663796235413
40 881 217.663796235413
54 882 217.665202235413
56 882 217.665202235413
40 882 217.665202235413
84 891 217.673521235413
62 891 217.673521235413
40 891 217.673521235413
74 892 240.18267218969
97 872 260.17498349661
55 872 260.17498349661
80 872 260.17498349661
12 813 265.689262179857
10 813 265.689262179857
83 853 305.16478290502
82 853 305.16478290502
96 873 305.695118019449
83 873 305.695118019449
50 824 305.69782623369
51 893 309.177503464321
52 893 309.177503464321
52 844 309.188284984176
98 843 312.378197863378
96 843 312.378197863378
58 843 312.378197863378
24 864 327.174584920851
76 864 327.174584920851
10 863 331.667946853013
6 884 353.680567873205
44 894 353.683236873205
39 894 353.683236873205
6 894 353.683236873205
7 854 373.259888975942
8 815 375.695639112694
81 805 375.698438112694
8 805 375.698438112694
58 835 379.693060883079
21 835 379.693060883079
37 825 393.664707807239
36 825 393.664707807239
49 855 393.675617807239
36 855 393.675617807239
78 875 437.16508700816
93 865 437.16778200816
78 865 437.16778200816
21 806 437.17055500816
78 806 437.17055500816
64 874 437.17190900816
78 874 437.17190900816
15 885 437.17731200816
11 885 437.17731200816
78 885 437.17731200816
78 895 437.18005900816
47 846 459.161063290641
84 866 460.786174302078
80 816 460.788869705524
86 816 460.788869705524
84 816 460.788869705524
97 876 466.670023972189
76 886 485.187131004348
70 886 485.187131004348
17 886 485.187131004348
18 826 503.161001871471
55 826 503.161001871471
72 826 503.161001871471
43 856 528.665075213088
46 856 528.665075213088
47 847 528.66838250289
46 847 528.66838250289
24 857 530.668682113717
86 836 546.166451941934
52 836 546.166451941934
52 867 546.167857941934
18 827 546.173314914138
28 827 546.173314914138
52 827 546.173314914138
19 897 547.67104252543
60 897 547.67104252543
66 897 547.67104252543
37 877 547.67513052543
65 877 547.67513052543
66 877 547.67513052543
68 817 547.68468652543
55 817 547.68468652543
66 817 547.68468652543
55 868 547.68742052543
66 868 547.68742052543
16 807 549.25697155695
23 807 549.25697155695
86 807 549.25697155695
74 808 551.173447365248
49 808 551.173447365248
64 858 551.181714365248
46 858 551.181714365248
49 858 551.181714365248
72 837 594.699689881949
72 838 594.755762423939
83 818 594.757308691306
72 818 594.757308691306
64 828 602.383504094619
74 828 602.383504094619
36 828 602.383504094619
64 878 602.384897094619
74 878 602.384897094619
36 878 602.384897094619
