69 620 78.756798293944
70 601 121.859684937922
79 601 121.859684937922
4 680 124.161921761326
80 681 125.178880382431
0 681 125.178880382431
97 641 132.791716611181
58 641 132.791716611181
16 641 132.791716611181
93 660 134.661264585803
93 651 134.663946585803
97 640 136.656830712011
89 670 136.666373712011
97 670 136.666373712011
77 631 136.763704707805
83 631 136.763704707805
97 631 136.763704707805
40 661 168.695091803034
33 661 168.695091803034
6 661 168.695091803034
55 671 168.699231803034
20 671 168.699231803034
6 671 168.699231803034
64 652 208.162653683787
72 612 208.177963683787
56 612 208.177963683787
64 612 208.177963683787
85 602 217.168419381852
90 602 217.168419381852
46 602 217.168419381852
89 682 234.755553813207
3 682 234.755553813207
26 632 234.765200813207
89 632 234.765200813207
3 632 234.765200813207
92 623 253.787182168398
10 623 253.787182168398
56 673 256.659829733902
30 603 256.67684970213
78 603 256.67684970213
56 603 256.67684970213
9 613 275.767174592717
76 633 275.774061592717
9 633 275.774061592717
98 643 275.779490592717
32 643 275.779490592717
9 643 275.779490592717
92 683 296.194387779511
14 683 296.194387779511
51 674 297.293139927121
58 663 307.698626504811
58 664 307.761025323426
78 634 307.766467323426
83 634 307.766467323426
58 634 307.766467323426
19 653 309.167907376146
19 693 309.171931113975
46 684 351.684954624479
93 684 351.684954624479
27 684 351.684954624479
23 654 351.690461624479
93 654 351.690461624479
27 654 351.690461624479
35 694 353.660434343881
3 614 356.366962396089
7 614 356.366962396089
58 624 382.258330249474
58 625 382.262509249474
23 655 382.263902249474
21 655 382.263902249474
58 655 382.263902249474
89 615 387.662224857564
3 615 387.662224857564
36 685 393.658350574549
15 695 393.661136574549
36 695 393.661136574549
77 675 393.677436574549
49 675 393.677436574549
36 675 393.677436574549
22 604 407.766200712375
64 665 407.78920671633
93 665 407.78920671633
59 665 407.78920671633
1 676 415.179089654823
10 645 432.662695153618
13 645 432.662695153618
64 635 434.965155969823
77 635 434.965155969823
77 646 434.971990969823
32 656 441.677659943337
35 666 459.180378733644
34 666 459.180378733644
1 666 459.180378733644
12 696 472.274788768606
17 696 472.274788768606
47 626 474.164825013526
68 626 474.164825013526
0 616 479.171932456732
35 616 479.171932456732
93 636 497.356841459498
22 636 497.356841459498
7 636 497.356841459498
93 637 497.359575933398
22 637 497.359575933398
7 637 497.359575933398
13 627 533.26472947918
24 627 533.26472947918
9 607 542.673495772795
7 607 542.673495772795
55 607 542.673495772795
50 647 542.676217149559
21 647 542.676217149559
55 647 542.676217149559
71 677 542.693677656615
55 677 542.693677656615
42 657 543.263889757055
69 657 543.263889757055
66 657 543.263889757055
66 698 543.266662757055
66 608 543.268029757055
1 648 543.270737757055
66 648 543.270737757055
39 697 543.273523757055
65 697 543.273523757055
66 697 543.273523757055
66 658 543.277663757055
67 688 563.762295763221
5 638 563.766383763221
60 638 563.766383763221
67 638 563.766383763221
18 617 564.170891977882
39 617 564.170891977882
60 667 564.176398977882
39 667 564.176398977882
