6 60 25.155659390984
38 380 41.155478695684
15 150 51.655668940224
8 80 51.657009940224
20 200 51.658350940224
25 250 56.655408683571
32 320 56.656801683571
39 390 63.655640673191
7 70 63.657007673191
0 0 63.658335673191
16 160 63.659702673191
23 230 63.661121673191
31 310 63.662475673191
10 100 63.665261673191
12 120 72.161063095988
3 30 72.177454095988
11 110 75.666474258782
26 260 75.667841258782
22 220 75.678920258782
26 261 79.177002331166
21 210 80.656933652944
5 50 80.658300652944
0 1 80.661021652944
29 291 80.66909525542
7 71 80.675788857896
17 170 80.679877659134
17 171 80.681218659134
27 270 101.655664912363
37 370 101.658346912363
14 140 101.659713912363
30 300 101.661041912363
4 40 101.662408912363
24 240 101.665142912363
27 271 101.666561912363
35 350 101.667889912363
35 351 101.669308912363
34 340 101.670714912363
1 10 101.672081912363
1 11 101.673409912363
4 41 101.674828912363
14 141 101.676208912363
3 31 101.677562912363
2 20 101.678942912363
12 121 101.681702912363
30 301 101.683069912363
13 130 101.684436912363
29 290 102.661677136047
19 191 102.678250136047
9 90 102.683627136047
18 180 105.6914552358
28 280 105.6970402358
28 281 105.6984462358
15 151 111.656990470948
24 241 111.689267852456
32 321 124.175221038148
31 311 124.255699035416
16 161 124.257066035416
19 190 124.258433035416
13 131 124.259813035416
10 101 124.261232035416
20 201 124.263953035416
5 51 138.690381969229
33 331 138.691800969229
38 381 138.693180969229
13 132 138.695862969229
36 361 138.698570969229
9 91 138.755678487101
34 341 138.758425487101
33 330 139.687877435539
4 42 139.782852433446
2 22 139.785586433446
39 391 160.671018971781
31 312 160.699894971781
14 142 160.755382575282
2 21 160.756736575282
39 392 160.758090575282
5 52 160.760811575282
37 371 160.774611575282
36 360 170.663124707208
33 332 170.665871707208
3 32 170.669395993202
6 61 170.670814993202
23 231 170.673626993202
6 62 170.675006993202
22 222 170.676360993202
22 221 170.677740993202
20 202 170.683208993202
12 122 173.695281055288
38 382 180.170186445364
0 2 180.171553445364
27 272 180.178544445364
11 111 186.687979132232
36 362 186.759705132667
7 72 186.761124132667
11 112 191.256834791879
16 162 191.259620791879
29 292 212.655475383921
25 251 212.661034383921
25 252 212.662414383921
29 293 212.686994383921
32 322 214.155399934048
26 262 214.167624934048
19 192 214.174420934048
32 323 214.175761934048
37 372 214.179953934048
9 92 214.182700934048
23 232 214.185538934048
1 12 214.189717934048
1 13 214.191045934048
35 352 220.671720405332
34 342 225.669804839439
3 33 225.671197839439
28 282 225.679438839439
2 23 225.682250839439
8 81 225.685036839439
30 302 225.686416839439
30 303 225.690530839439
20 203 225.691936839439
12 123 226.164453446071
21 211 230.668504534539
21 212 230.672540864579
13 133 230.675223194619
15 152 230.681954854699
15 153 230.684663184739
10 102 231.668030324235
8 82 237.661305972243
18 181 237.680612972243
18 182 237.681992972243
27 273 242.172187125983
36 363 242.180311125983
24 243 242.184477125983
35 353 247.189871378254
18 183 247.288725389977
10 103 247.294180389977
28 283 256.155393590671
5 53 256.170612590671
25 253 256.171966590671
26 263 256.176158590671
28 284 256.198017590671
0 3 268.18189602713
1 14 275.173683768469
32 324 275.176469768469
31 313 277.668379325976
31 314 277.669720325976
3 34 277.671113325976
14 143 280.181346894221
9 94 280.182752894221
19 194 290.18059935214
34 344 292.688014695435
38 383 292.689407695435
34 343 294.266520839298
18 184 294.270699839298
24 244 294.281570839298
11 114 294.284252839298
20 204 294.285580839298
29 294 294.286947839298
11 113 295.197032482568
25 254 295.26090652976
23 233 295.26232552976
37 373 295.26367952976
23 234 295.26500752976
10 104 304.659832844656
7 73 311.660469220218
14 144 311.663255220218
13 134 311.667382220218
26 264 311.668736220218
19 193 311.683825220218
36 364 311.685244220218
37 374 311.686663220218
5 54 311.693602220218
7 74 322.166683744288
30 304 323.161912362986
16 163 323.169958411994
2 24 323.174020436498
21 214 323.175400458553
16 164 323.176728461002
39 394 323.187534534514
21 213 323.199603583522
9 93 323.268963504444
12 124 332.196481403959
27 275 332.197887403959
1 15 332.199228403959
21 215 340.169114830436
24 245 340.171835830436
11 115 340.173254830436
32 325 341.687132211686
7 75 355.664955248865
28 285 355.674318261756
30 305 355.675659654691
3 35 355.678381456633
22 224 355.681038258575
33 334 355.683747060517
35 354 357.16545925182
35 355 357.16686525182
20 205 357.18338625182
0 5 357.19164025182
38 385 357.19296825182
38 384 360.277327145271
0 4 360.281467145271
25 255 360.284136145271
27 274 360.288276145271
3 36 373.661065380388
13 135 374.188922070277
15 155 374.256980994206
36 365 374.258386994206
37 375 374.261133994206
23 235 381.17162797741
29 295 381.17430997741
34 345 381.17839797741
39 393 381.18391797741
12 125 381.18663897741
33 335 383.161277246798
26 265 383.168047246798
15 154 383.169375246798
21 216 384.758183905904
36 366 392.166617293992
2 26 392.169364293992
5 55 396.172370284096
7 76 396.256954750367
22 225 400.176461317948
2 25 400.255398789439
39 395 400.258107632617
22 226 400.262208632617
1 16 401.690957698614
39 396 413.174770866433
28 286 423.167043468414
33 336 423.175349468414
13 136 428.799241563885
13 137 428.870754561393
30 306 430.176379293837
27 276 430.180428293837
5 56 441.15964484437
34 346 457.156914063021
38 386 457.158281063021
11 116 458.672293155182
15 156 458.673647155182
26 266 458.675027155182
7 77 458.681940155182
15 157 458.683346155182
29 296 459.667660303116
12 126 459.674495303116
31 315 459.675914303116
31 316 459.677294303116
32 326 459.680067303116
20 206 459.681473303116
0 6 459.682840303116
1 17 464.655480028345
25 256 466.766630470805
37 376 468.162934882232
5 57 473.172160889965
35 356 487.655562237666
35 357 487.658296237666
36 367 487.668400483171
14 145 489.269291326803
31 317 489.270619326803
20 207 489.277493326803
30 307 489.278886326803
2 27 489.280227326803
26 267 489.281555326803
3 37 489.282909326803
34 347 489.285695326803
24 246 501.173322432123
32 327 501.177384432123
7 78 501.184206432123
33 337 501.189752432123
14 146 508.157331457681
0 7 508.158659457681
18 186 516.67593684521
19 197 516.67734284521
24 247 528.182046115422
28 287 528.184767901488
24 248 528.19018547362
2 28 529.162480566087
30 308 529.172062566087
13 138 529.179040566087
38 387 529.180459566087
38 388 538.663732511001
0 8 538.665086511001
23 237 538.677506511001
23 238 538.678899511001
31 318 538.680227511001
22 227 538.681594511001
22 228 538.682961511001
11 118 538.684341511001
11 117 539.670401493315
21 218 539.676051493315
21 217 545.674352947831
27 278 547.659465859043
29 298 547.666942050313
12 127 547.682226050313
3 38 547.683554050313
5 58 547.684960050313
37 378 547.686314050313
1 18 547.687681050313
20 208 547.691782050313
23 236 547.693149050313
32 328 547.700075050313
15 158 555.656814931413
11 119 555.676082931413
18 187 556.167099764978
18 188 556.171200764978
35 358 556.179493764978
27 277 556.182214764978
25 257 556.184948764978
34 348 556.197277764978
12 128 556.260984212949
33 338 556.262390212949
1 19 556.266491212949
39 397 559.168604774896
29 297 559.178173774896
28 288 559.182300774896
2 29 559.189239774896
37 377 576.762321198342
26 268 576.771994198342
39 398 576.774728198342
21 219 576.784414198342
31 319 576.785833198342
7 79 576.794009198342
39 399 576.796795198342
28 289 594.777285749744
0 9 596.193016232026
25 258 602.164576276736
34 349 602.167297276736
24 249 602.172648276736
25 259 602.174041276736
3 39 602.185107276736
