15 200 51.658340525387
7 160 63.659586953153
39 160 63.659586953153
7 230 63.660927953153
39 230 63.660927953153
7 310 63.662281953153
39 310 63.662281953153
49 100 63.665067953153
39 100 63.665067953153
3 320 71.173073972577
62 320 71.173073972577
49 320 71.173073972577
69 120 72.160023974799
48 110 75.664670413989
79 110 75.664670413989
79 260 75.666024413989
53 180 75.685214413989
79 180 75.685214413989
29 170 80.656901755308
29 210 80.658242755308
1 140 96.682458511668
17 140 96.682458511668
1 220 96.683825511668
17 220 96.683825511668
9 240 96.685218511668
1 240 96.685218511668
17 240 96.685218511668
31 161 96.692027511668
1 161 96.692027511668
17 161 96.692027511668
1 311 96.693446511668
17 311 96.693446511668
40 370 101.658884834046
27 370 101.658884834046
27 300 101.661579834046
30 350 101.664326834046
27 350 101.664326834046
27 351 101.671148834046
54 340 101.672515834046
35 340 101.672515834046
27 340 101.672515834046
54 141 101.678074834046
35 141 101.678074834046
27 141 101.678074834046
3 121 101.680795834046
27 121 101.680795834046
35 130 101.682162834046
3 130 101.682162834046
27 130 101.682162834046
15 241 111.758288808519
60 111 123.17714060176
79 111 123.17714060176
80 280 124.159418564914
80 281 124.163610564914
80 321 124.170562564914
56 301 124.171981564914
80 301 124.171981564914
31 190 124.195233564914
0 190 124.195233564914
80 190 124.195233564914
31 191 124.196561564914
0 191 124.196561564914
80 191 124.196561564914
58 131 124.197980564914
80 131 124.197980564914
13 101 124.199347564914
58 101 124.199347564914
80 101 124.199347564914
13 201 124.255609562182
14 201 124.255609562182
80 201 124.255609562182
5 360 138.698438832893
13 360 138.698438832893
5 361 138.699805832893
13 361 138.699805832893
5 331 138.756988108132
13 331 138.756988108132
5 381 138.758407108132
13 381 138.758407108132
36 221 138.765229108132
13 221 138.765229108132
17 371 140.785147282313
50 330 140.865042108474
93 330 140.865042108474
17 330 140.865042108474
45 182 154.267727235751
45 222 154.270487235751
48 172 163.676339654253
53 231 170.672415392708
94 231 170.672415392708
33 231 170.672415392708
22 181 170.677167824016
94 181 170.677167824016
33 181 170.677167824016
6 341 170.68204611001
33 341 170.68204611001
33 202 170.68901111001
88 312 172.76481139467
51 312 172.76481139467
66 211 173.660362880493
66 152 173.694589880493
2 122 173.758178875964
15 122 173.758178875964
66 122 173.758178875964
38 272 179.688961939578
99 242 184.700288485656
60 112 184.764060485732
99 112 184.764060485732
98 142 184.765401485732
60 142 184.765401485732
99 142 184.765401485732
60 362 184.766781485732
99 362 184.766781485732
60 352 184.770921485732
99 352 184.770921485732
41 392 184.772275485732
60 392 184.772275485732
99 392 184.772275485732
68 302 193.162594965666
64 232 204.659092696405
62 252 212.658320486285
29 252 212.658320486285
62 251 212.659661486285
29 251 212.659661486285
32 262 214.167820030841
46 192 214.169161030841
32 192 214.169161030841
46 282 214.170489030841
32 282 214.170489030841
90 372 214.181451030841
32 372 214.181451030841
3 163 214.195186030841
32 163 214.195186030841
3 342 225.673637062279
41 342 225.673637062279
52 153 225.686044062279
41 153 225.686044062279
41 113 225.691525062279
41 303 225.698321062279
77 102 231.669387980164
3 102 231.669387980164
96 212 232.161182808356
96 133 232.162523808356
74 123 236.198912143198
40 123 236.198912143198
32 123 236.198912143198
88 203 237.685758557406
15 203 237.685758557406
51 183 238.76349512579
88 183 238.76349512579
27 253 242.171706863692
44 313 250.666415095058
17 313 250.666415095058
80 273 256.158257887384
28 273 256.158257887384
50 263 256.198648321488
80 263 256.198648321488
55 103 256.258473598624
80 103 256.258473598624
92 193 256.261181598624
55 193 256.261181598624
80 193 256.261181598624
75 314 271.682957962674
55 314 271.682957962674
40 324 275.180364254674
9 213 275.195544254674
10 213 275.195544254674
40 213 275.195544254674
80 363 278.163480087853
10 343 280.175904991014
75 343 280.175904991014
32 343 280.175904991014
21 143 280.188246991014
9 143 280.188246991014
32 143 280.188246991014
45 333 280.189574991014
9 333 280.189574991014
32 333 280.189574991014
90 244 289.667445080996
87 243 289.681154080996
19 243 289.681154080996
90 243 289.681154080996
90 194 289.682534080996
19 344 289.683953080996
90 344 289.683953080996
64 214 289.688145080996
19 214 289.688145080996
90 214 289.688145080996
63 373 292.675652643104
64 373 292.675652643104
99 383 295.166393877745
51 383 295.166393877745
51 114 295.193217995047
18 294 295.198557171419
51 294 295.198557171419
51 204 295.255411444505
68 234 295.274344973621
50 234 295.274344973621
51 234 295.274344973621
50 254 295.278433537798
84 254 295.278433537798
52 233 295.287950537798
84 233 295.287950537798
90 184 300.171102099531
17 184 300.171102099531
63 391 300.180944099531
64 391 300.180944099531
17 391 300.180944099531
92 304 309.167858020638
16 353 309.169251020638
30 353 309.169251020638
92 353 309.169251020638
30 164 309.170618020638
92 164 309.170618020638
83 144 312.165107892959
83 134 312.170498363851
83 264 312.178649070189
74 104 312.27029586063
92 104 312.27029586063
83 104 312.27029586063
86 354 317.674856801052
19 354 317.674856801052
86 374 317.676236801052
19 374 317.676236801052
70 124 323.166972646317
70 394 323.180460768837
59 393 323.185876793341
70 393 323.185876793341
23 115 332.195884999378
82 115 332.195884999378
87 364 335.170748961679
98 364 335.170748961679
10 364 335.170748961679
98 255 335.173521961679
10 255 335.173521961679
98 215 340.174678893944
81 235 341.193128617794
81 275 341.194482617794
1 205 341.696675949395
27 205 341.696675949395
31 384 341.698042949395
27 384 341.698042949395
31 385 341.699370949395
27 385 341.699370949395
7 223 353.182647900072
28 223 353.182647900072
61 224 353.189443900072
28 224 353.189443900072
61 334 353.190784900072
28 334 353.190784900072
44 274 355.667770136912
89 274 355.667770136912
7 274 355.667770136912
89 295 355.676141136912
7 295 355.676141136912
46 245 357.178823305476
73 245 357.178823305476
35 245 357.178823305476
37 155 374.698457160992
21 155 374.698457160992
81 155 374.698457160992
21 375 374.699850160992
81 375 374.699850160992
21 165 382.270640464407
90 165 382.270640464407
90 296 382.276056464407
84 135 383.160976979258
84 335 383.162382979258
78 175 383.165194979258
84 175 383.165194979258
1 315 384.681719887552
80 315 384.681719887552
21 315 384.681719887552
62 154 388.694651570042
61 154 388.694651570042
58 154 388.694651570042
16 345 392.171863393851
37 345 392.171863393851
36 345 392.171863393851
5 265 392.180208393851
49 265 392.180208393851
36 265 392.180208393851
36 286 392.184296393851
54 395 392.196768393851
36 395 392.196768393851
65 125 406.185732074317
45 125 406.185732074317
98 125 406.185732074317
12 185 406.189898074317
65 185 406.189898074317
98 185 406.189898074317
65 226 406.193908074317
98 226 406.193908074317
60 225 409.16811837889
62 186 411.271971764897
22 186 411.271971764897
59 186 411.271971764897
97 305 430.175361468772
77 305 430.175361468772
97 306 430.17806957383
77 306 430.17806957383
64 276 430.184865678888
97 276 430.184865678888
77 276 430.184865678888
30 176 430.190372678888
40 176 430.190372678888
77 176 430.190372678888
11 376 441.187574185831
78 376 441.187574185831
25 156 441.190308185831
78 156 441.190308185831
87 256 441.193068185831
64 256 441.193068185831
78 256 441.193068185831
92 206 442.260919877791
32 206 442.260919877791
74 396 442.265033877791
32 396 442.265033877791
5 116 442.277453877791
70 116 442.277453877791
32 116 442.277453877791
89 157 455.270686863609
89 117 455.272092863609
34 386 457.157551787158
83 106 459.67621881092
47 106 459.67621881092
38 196 459.761167048289
34 196 459.761167048289
84 196 459.761167048289
84 347 459.772272048289
14 267 477.283633710555
70 267 477.283633710555
89 267 477.283633710555
14 177 477.286355507899
70 177 477.286355507899
89 177 477.286355507899
76 146 484.669826997096
17 146 484.669826997096
76 266 484.672547997096
17 266 484.672547997096
17 147 484.676674997096
55 207 484.678067997096
14 207 484.678067997096
17 207 484.678067997096
88 126 487.660968291322
35 126 487.660968291322
55 197 487.663754291322
35 197 487.663754291322
95 246 487.666566291322
55 246 487.666566291322
35 246 487.666566291322
95 247 487.667933291322
55 247 487.667933291322
35 247 487.667933291322
92 317 495.362568726677
14 317 495.362568726677
92 307 495.366695726677
14 307 495.366695726677
30 287 495.368062726677
92 287 495.368062726677
14 287 495.368062726677
92 316 499.258974946165
31 336 499.260380946165
92 336 499.260380946165
82 187 499.298929946165
19 187 499.298929946165
92 187 499.298929946165
76 337 501.176025122112
7 337 501.176025122112
76 377 501.177405122112
7 377 501.177405122112
91 217 501.181506122112
33 217 501.181506122112
7 217 501.181506122112
91 257 501.182912122112
33 257 501.182912122112
7 257 501.182912122112
94 277 509.667040692566
72 367 509.691919692566
79 367 509.691919692566
94 367 509.691919692566
74 297 513.755380249342
94 297 513.755380249342
73 297 513.755380249342
44 166 518.166621062564
24 166 518.166621062564
87 227 518.189938062564
34 227 518.189938062564
24 227 518.189938062564
24 348 518.191266062564
66 167 529.168919143468
26 167 529.168919143468
2 167 529.168919143468
52 387 539.179002518401
55 387 539.179002518401
86 388 539.184444518401
55 388 539.184444518401
71 168 539.191318518401
55 168 539.191318518401
55 237 539.192672518401
55 238 539.194091518401
21 107 539.198140518401
55 107 539.198140518401
47 228 539.199533518401
21 228 539.199533518401
55 228 539.199533518401
56 158 539.255491961479
21 158 539.255491961479
55 158 539.255491961479
56 118 539.256871961479
21 118 539.256871961479
55 118 539.256871961479
56 338 539.258264961479
21 338 539.258264961479
55 338 539.258264961479
86 318 539.261011961479
55 318 539.261011961479
86 218 539.262339961479
55 218 539.262339961479
66 288 550.191956418625
69 397 550.260951582011
66 397 550.260951582011
60 198 550.269088582011
69 198 550.269088582011
66 198 550.269088582011
49 188 550.271822582011
66 188 550.271822582011
49 358 550.273176582011
66 358 550.273176582011
62 208 550.275936582011
44 208 550.275936582011
66 208 550.275936582011
65 378 550.281443582011
66 378 550.281443582011
85 138 551.690884144559
65 138 551.690884144559
49 138 551.690884144559
90 236 553.678821884869
43 236 553.678821884869
94 236 553.678821884869
43 127 553.684211884869
94 127 553.684211884869
43 128 553.685578884869
94 128 553.685578884869
2 308 553.689705884869
94 308 553.689705884869
89 278 590.183916877728
21 278 590.183916877728
70 298 590.185322877728
89 298 590.185322877728
21 298 590.185322877728
89 289 590.188017877728
21 289 590.188017877728
63 268 590.190751877728
21 268 590.190751877728
60 398 590.193511877728
63 398 590.193511877728
21 398 590.193511877728
47 368 596.171223841977
72 368 596.171223841977
36 129 596.183604841977
47 129 596.183604841977
72 129 596.183604841977
36 179 596.185010841977
47 179 596.185010841977
72 179 596.185010841977
47 369 596.186338841977
72 369 596.186338841977
93 258 602.169508273737
43 259 602.176408273737
93 259 602.176408273737
93 349 602.177762273737
84 339 602.179116273737
93 339 602.179116273737
76 178 602.181837273737
83 178 602.181837273737
93 178 602.181837273737
25 149 602.184545273737
93 149 602.184545273737
