46 460 45.155552393444
47 470 67.758350334065
49 490 67.759743334065
44 440 88.16159009063
48 480 90.2635061923
58 580 95.157739056635
40 400 95.159080056635
43 430 95.160421056635
52 520 95.161775056635
55 550 95.163155056635
59 590 95.164483056635
56 560 95.165863056635
50 500 109.669377155623
40 401 109.674832155623
53 530 111.768489760159
57 570 111.776730760159
45 450 111.780844760159
42 421 111.782263760159
54 540 111.783630760159
54 541 111.786364760159
41 410 111.787783760159
42 420 111.789137760159
44 441 114.193620517218
56 561 130.66711920753
55 551 130.67947420753
43 431 132.172459586646
51 510 132.769372246558
50 501 132.773564246558
53 531 135.173457868879
45 451 135.174811868879
48 481 156.255548991452
49 491 156.258295991452
48 482 156.259714991452
54 542 159.159523254626
52 521 159.163663254626
59 591 159.165017254626
45 452 159.166358254626
46 461 174.15918988721
47 471 174.16194988721
58 581 174.167340256017
50 502 174.684844477622
51 511 174.686198477622
51 512 174.688984477622
43 432 177.789543234974
41 411 177.790871234974
42 422 179.692229544942
57 571 182.655527470828
57 572 182.656855470828
41 412 199.778447180912
55 552 203.66022639668
46 462 218.162414473311
47 472 218.165135810225
58 582 224.968082954531
52 522 226.671734891889
58 583 226.680079891889
44 442 227.672451370667
49 492 227.679299370667
56 562 227.682111370667
48 483 227.688972370667
40 402 227.693047370667
42 423 242.785367393177
51 513 244.279290323327
57 573 262.663987727774
55 553 269.655504709119
52 523 269.660920709119
59 593 269.662339709119
50 503 269.666440709119
55 554 269.677337709119
43 433 271.287538207565
43 434 285.666589557262
44 443 285.667943557262
49 493 289.657458377458
53 532 291.687871572646
58 584 303.163795331677
42 424 303.165136331677
45 454 303.181592331677
41 413 308.766831588888
47 473 308.776348588888
47 474 308.779056588888
40 403 308.781816588888
59 592 310.263729880993
52 524 310.27930337347
40 404 310.281972431814
56 563 310.287323533062
49 494 310.295434692654
45 453 310.298129750998
50 504 311.163811875918
53 533 333.186881500739
53 534 333.188248500739
54 543 335.172354450473
44 444 335.177874450473
57 574 336.259409326001
46 465 336.262117511495
59 594 336.264799696989
56 564 350.665888601231
48 484 350.670106601231
46 464 350.678373601231
59 595 350.683867601231
58 585 378.170177471366
51 514 379.658840424717
50 505 379.660194424717
52 525 379.661587424717
47 475 394.180785718583
49 495 394.182204718583
57 575 394.193088718583
56 565 394.197163718583
54 545 397.770674547522
53 535 397.86228889204
45 456 399.176414999823
55 555 413.172623717927
59 596 413.198287943983
52 526 413.199655428683
48 485 419.790684840755
55 556 443.158728702803
46 466 443.161501702803
45 455 443.167021702803
57 576 444.965946595155
56 566 444.980766018283
40 406 460.157600579416
47 476 463.755562144752
48 486 463.758309144752
49 496 463.759715144752
47 477 463.762462144752
58 586 465.165227583867
50 506 465.166568583867
40 407 465.173520583867
55 557 484.771892035253
51 516 487.655602680923
51 517 487.656930680923
51 515 487.663687807805
46 467 487.670484578163
52 527 487.682671475403
57 577 501.258314055799
53 536 504.197378329427
49 497 512.181265546105
45 457 529.766799921991
48 487 545.263009013774
48 488 545.265678013774
52 528 545.268412013774
55 558 545.269818013774
56 567 545.271146013774
49 498 551.760883454896
59 597 552.656786146544
51 518 552.660926146544
53 537 552.665092146544
46 468 556.188920783438
53 538 556.191667783438
58 588 572.786843830962
59 598 576.180687387129
54 547 576.191753387129
54 548 576.193107387129
58 587 576.194487387129
50 507 597.181487259449
50 508 597.182880259449
56 568 597.184208259449
47 479 597.185549259449
45 458 600.158448477084
