25 620 56.659626325104
65 260 76.656779930098
26 650 79.157015092208
3 270 100.164503351049
70 601 118.168089698113
76 251 118.169417698113
11 251 118.169417698113
70 251 118.169417698113
4 680 122.165787920903
47 660 122.174450859627
52 660 122.174450859627
4 660 122.174450859627
80 280 124.16088356376
80 281 124.16636456376
13 640 142.161588531723
13 641 142.165689630597
20 670 142.169738729471
13 670 142.169738729471
14 631 142.176547974486
97 631 142.176547974486
57 621 164.658866143597
48 621 164.658866143597
99 671 186.172162926597
67 262 186.181706134285
80 262 186.181706134285
99 262 186.181706134285
64 651 208.159946760303
62 252 212.658278210159
29 252 212.658278210159
29 622 212.659645210159
41 681 228.175162489592
41 682 228.176503489592
52 612 231.263205652761
15 612 231.263205652761
15 602 231.264611652761
41 272 231.772376980843
74 272 231.772376980843
76 633 252.178855046068
1 633 252.178855046068
27 633 252.178855046068
27 282 252.180235046068
27 283 252.192423790532
80 253 252.193842790532
27 253 252.193842790532
91 673 253.165873061068
28 652 253.179544519232
27 652 253.179544519232
91 652 253.179544519232
29 623 256.19214853523
56 623 256.19214853523
28 623 256.19214853523
39 632 274.670631993269
55 632 274.670631993269
97 693 274.676117236416
96 693 274.676117236416
55 693 274.676117236416
90 654 296.695667290307
51 294 297.190900663825
90 653 297.25544595271
51 653 297.25544595271
82 634 297.274610141637
58 264 297.276016141637
83 264 297.276016141637
82 264 297.276016141637
90 254 297.278724141637
82 254 297.278724141637
93 672 300.186173731495
19 672 300.186173731495
17 672 300.186173731495
82 663 300.195807731495
17 663 300.195807731495
84 674 301.767543853669
86 694 318.69563264514
19 694 318.69563264514
82 643 318.698289454658
1 643 318.698289454658
19 643 318.698289454658
92 683 318.760883239036
19 683 318.760883239036
14 263 319.160394983871
14 274 319.161761983871
52 684 319.195513980633
43 684 319.195513980633
70 684 319.195513980633
14 644 319.198170103059
42 613 320.159752193529
8 664 341.289032353244
82 664 341.289032353244
82 275 341.295815353244
74 604 344.158385363035
28 604 344.158385363035
75 675 363.369450755071
90 295 366.186957920004
80 295 366.186957920004
23 605 366.188337920004
80 605 366.188337920004
80 625 366.189665920004
21 624 384.656743717847
81 614 384.67121106307
62 614 384.67121106307
21 614 384.67121106307
20 603 384.67260406307
1 603 384.67260406307
21 603 384.67260406307
38 615 385.756808960747
29 615 385.756808960747
58 615 385.756808960747
71 655 398.779186081577
60 655 398.779186081577
90 655 398.779186081577
48 695 398.799473588363
73 695 398.799473588363
98 695 398.799473588363
36 685 406.661507299332
85 255 407.759988706777
59 255 407.759988706777
1 296 409.672213251388
69 296 409.672213251388
54 296 409.672213251388
77 645 431.662475491929
64 665 431.665274491929
56 665 431.665274491929
77 665 431.665274491929
37 265 431.668021491929
40 265 431.668021491929
77 265 431.668021491929
37 266 431.669427491929
40 266 431.669427491929
77 266 431.669427491929
64 635 431.672187491929
40 635 431.672187491929
77 635 431.672187491929
1 676 431.69265430896
11 286 473.268671402782
93 286 473.268671402782
17 286 473.268671402782
74 656 474.162601617505
32 656 474.162601617505
34 656 474.162601617505
96 666 474.167992181096
68 257 474.184151583284
91 646 474.186873092678
25 646 474.186873092678
68 646 474.186873092678
86 256 475.668073326697
58 256 475.668073326697
77 256 475.668073326697
93 276 475.685758406965
77 276 475.685758406965
1 276 475.685758406965
0 616 494.686020951537
46 616 494.686020951537
51 616 494.686020951537
87 627 495.169279176051
92 627 495.169279176051
13 626 516.674409330094
95 626 516.674409330094
73 626 516.674409330094
95 617 516.677104330094
73 617 516.677104330094
66 277 516.679851330094
94 277 516.679851330094
73 277 516.679851330094
94 667 516.681218330094
73 667 516.681218330094
79 696 516.684030330094
31 696 516.684030330094
73 696 516.684030330094
2 287 538.679356535076
26 297 538.682129535076
2 297 538.682129535076
2 268 538.683457535076
2 298 538.686152535076
2 288 538.687519535076
3 657 538.695799535076
28 657 538.695799535076
2 657 538.695799535076
66 278 543.256937334873
57 628 561.194846857597
49 628 561.194846857597
68 636 561.262531053738
67 636 561.262531053738
67 688 561.266762053738
65 698 561.280238830338
49 698 561.280238830338
67 698 561.280238830338
77 658 584.681479938326
89 658 584.681479938326
21 658 584.681479938326
33 259 605.259916456177
74 259 605.259916456177
93 259 605.259916456177
