65 790 76.656895327642
69 620 78.757009548262
24 770 82.961368922779
77 700 82.962774922779
24 700 82.962774922779
53 780 83.158197461778
29 730 87.265440472295
73 660 87.266807472295
29 660 87.266807472295
30 670 99.759208017248
3 670 99.759208017248
75 760 103.666363968124
70 750 121.858273453404
79 750 121.858273453404
79 701 121.861059453404
11 601 121.866540453404
79 601 121.866540453404
0 680 122.161511123577
0 720 122.162891123577
72 740 122.164219123577
0 740 122.164219123577
80 681 122.186351123577
0 681 122.186351123577
45 731 125.186723596548
4 731 125.186723596548
97 640 125.281058939511
16 640 125.281058939511
83 721 132.760949051114
13 721 132.760949051114
83 771 132.762290051114
13 771 132.762290051114
77 631 132.763618051114
83 631 132.763618051114
13 631 132.763618051114
93 651 134.666995809841
97 761 136.691405894391
91 781 136.692733894391
76 781 136.692733894391
97 781 136.692733894391
17 711 145.667651854883
33 661 173.267930353954
6 661 173.267930353954
20 641 173.271927353954
6 641 173.271927353954
59 741 173.273320353954
20 741 173.273320353954
6 741 173.273320353954
55 671 173.280181353954
20 671 173.280181353954
6 671 173.280181353954
62 712 207.262425219684
43 672 207.291132219684
84 672 207.291132219684
62 672 207.291132219684
43 602 207.292460219684
84 602 207.292460219684
62 602 207.292460219684
64 652 208.162366885858
55 772 208.170607885858
64 772 208.170607885858
55 782 208.171935885858
64 782 208.171935885858
53 722 208.177429885858
34 722 208.177429885858
64 722 208.177429885858
72 752 208.181543885858
64 752 208.181543885858
72 612 208.182884885858
64 612 208.182884885858
12 742 211.284864253919
29 742 211.284864253919
32 632 216.675672847659
46 692 231.276759998114
15 792 252.180624926949
27 792 252.180624926949
15 603 252.186157926949
27 603 252.186157926949
88 702 252.187563926949
15 702 252.187563926949
27 702 252.187563926949
29 623 255.284904217494
10 762 255.287729217494
77 762 255.287729217494
29 762 255.287729217494
29 773 255.290437217494
56 673 256.666084220292
56 783 256.667464220292
78 683 256.670224220292
56 683 256.670224220292
80 763 260.188889281117
28 763 260.188889281117
10 753 269.190219231196
32 753 269.190219231196
9 613 279.167933001858
98 643 279.183152001858
32 643 279.183152001858
9 643 279.183152001858
43 713 279.194179001858
9 713 279.194179001858
73 684 300.261021400566
50 684 300.261021400566
51 684 300.261021400566
71 793 300.262375527961
92 793 300.262375527961
14 793 300.262375527961
92 714 300.263703527961
14 714 300.263703527961
84 674 301.776673126103
52 734 301.778053126103
67 734 301.778053126103
84 734 301.778053126103
49 653 301.787700126103
18 653 301.787700126103
84 653 301.787700126103
83 663 305.6581989258
83 664 305.6637189258
83 784 305.6720249258
8 633 305.6789249258
83 633 305.6789249258
8 634 305.6816719258
83 634 305.6816719258
19 693 309.178582207191
17 774 309.689289110298
54 703 310.271070222927
30 703 310.271070222927
92 703 310.271070222927
64 614 342.188297804055
74 614 342.188297804055
59 704 342.787620757477
21 704 342.787620757477
35 704 342.787620757477
4 624 351.67843892041
27 624 351.67843892041
4 654 351.67976692041
27 654 351.67976692041
28 744 354.260899127935
74 604 354.262292127935
28 604 354.262292127935
74 644 354.266484127935
28 644 354.266484127935
64 794 354.267877127935
74 794 354.267877127935
28 794 354.267877127935
75 765 364.18364650075
74 765 364.18364650075
80 615 376.663557670074
80 625 376.682455430149
35 694 376.689342430149
3 694 376.689342430149
80 694 376.689342430149
94 675 377.172504817267
94 775 377.173923817267
47 705 377.179508817267
94 705 377.179508817267
70 725 377.180836817267
47 725 377.180836817267
94 725 377.180836817267
70 735 377.182177817267
47 735 377.182177817267
94 735 377.182177817267
70 795 377.183583817267
47 795 377.183583817267
94 795 377.183583817267
48 695 377.186291817267
37 695 377.186291817267
94 695 377.186291817267
65 715 382.182365451783
42 715 382.182365451783
21 715 382.182365451783
33 754 399.161677394731
94 754 399.161677394731
56 724 401.169293671276
59 724 401.169293671276
71 655 408.762626231075
60 655 408.762626231075
60 656 408.784940231075
64 635 426.16863902819
10 635 426.16863902819
13 635 426.16863902819
27 645 426.17004502819
13 645 426.17004502819
64 665 426.17284402819
27 665 426.17284402819
13 665 426.17284402819
67 685 433.760409899738
40 646 435.18140266912
78 646 435.18140266912
28 706 435.18413666912
15 706 435.18413666912
78 706 435.18413666912
40 776 435.18692266912
15 776 435.18692266912
78 776 435.18692266912
34 716 461.769154226429
54 716 461.769154226429
84 716 461.769154226429
47 626 463.178948617283
84 626 463.178948617283
40 626 463.178948617283
33 696 479.166319167692
17 696 479.166319167692
69 796 479.167673167692
33 796 479.167673167692
17 796 479.167673167692
17 707 479.170472167692
18 616 479.174638167692
14 616 479.174638167692
17 616 479.174638167692
14 746 479.176031167692
17 746 479.176031167692
74 726 479.177424167692
14 726 479.177424167692
17 726 479.177424167692
77 687 483.758397117781
51 736 485.763743224981
12 636 496.267940785355
33 636 496.267940785355
7 636 496.267940785355
12 637 496.269294785355
33 637 496.269294785355
7 637 496.269294785355
26 766 496.272067785355
22 766 496.272067785355
7 766 496.272067785355
22 767 496.274775785355
7 767 496.274775785355
22 627 496.276142785355
7 627 496.276142785355
7 607 496.784370829127
92 607 496.784370829127
94 666 517.158453055811
94 667 517.159833055811
55 727 517.165262055811
73 727 517.165262055811
94 727 517.165262055811
7 717 541.657626725152
71 677 541.660399725152
7 677 541.660399725152
7 718 541.665893725152
79 617 541.669942725152
55 617 541.669942725152
7 617 541.669942725152
79 787 541.671361725152
55 787 541.671361725152
7 787 541.671361725152
26 757 542.667699640514
2 757 542.667699640514
66 698 543.283506359571
65 697 543.284925359571
66 697 543.284925359571
53 647 543.286253359571
44 647 543.286253359571
66 647 543.286253359571
44 628 543.287594359571
66 628 543.287594359571
65 618 543.290341359571
66 618 543.290341359571
66 658 543.291760359571
31 797 563.761122851754
67 797 563.761122851754
67 688 563.765236851754
30 657 563.766616851754
52 657 563.766616851754
67 657 563.766616851754
39 608 565.186779693567
60 638 565.189604693567
39 638 565.189604693567
60 668 573.258280195036
43 768 573.283198195036
94 768 573.283198195036
60 768 573.283198195036
44 748 584.283109019057
21 748 584.283109019057
