61 610 52.755650967323
63 630 53.655631949011
71 710 57.655369076389
95 950 69.955572260121
60 600 74.155374983197
85 850 74.156715983197
65 650 76.655690698232
79 790 76.657044698232
87 870 76.658450698232
69 690 78.755439110617
62 620 78.756819110617
78 780 83.161343390936
84 840 83.165535390936
92 920 83.166928390936
86 860 85.667265655229
96 960 85.670077655229
73 730 85.671457655229
66 660 85.672863655229
83 830 92.357078831513
82 820 92.369446831513
98 980 100.77751922197
70 700 103.656735861922
77 770 103.658102861922
81 810 103.659495861922
76 760 103.665041861922
90 900 103.671902861922
75 751 103.673308861922
61 611 112.755664297116
79 791 121.855683315523
75 750 121.861229315523
94 940 121.864028315523
88 880 121.865382315523
70 701 121.866723315523
60 601 121.868090315523
88 881 121.869470315523
68 680 122.158811858114
72 720 122.16353830674
74 740 122.16486630674
89 890 122.16756130674
68 681 122.17029530674
80 800 122.17718230674
91 910 122.17996830674
80 801 122.18270230674
99 990 124.193437905496
73 731 131.268118394351
86 861 131.269537394351
84 841 132.690675266345
91 911 132.692029266345
77 771 132.697588266345
63 631 132.698929266345
83 831 132.755579619947
72 721 132.756959619947
66 661 134.664870042078
93 931 134.666237042078
65 651 134.667591042078
99 991 134.683995042078
97 970 136.655492448028
64 640 136.656859448028
69 691 141.269178496976
93 930 141.365089501102
87 871 142.170094324086
76 761 142.176968324086
97 971 142.194869324086
71 711 145.668247335745
90 901 145.669666335745
67 670 145.683466335745
96 961 164.663102540596
74 741 168.674184278151
82 821 168.756796274428
85 851 168.758202274428
94 941 168.759530274428
64 641 168.760884274428
67 671 168.762238274428
93 932 175.771995272626
78 781 177.178181965185
92 921 177.180902965185
98 981 177.182321965185
66 662 187.265092492893
95 951 187.280428492893
95 952 187.284607492893
88 882 187.296871492893
74 742 188.870676509132
80 802 188.872030509132
62 621 207.255643153333
62 622 207.257049153333
81 811 207.259783153333
89 891 207.262582153333
71 712 207.264001153333
68 682 207.266683153333
81 812 207.268037153333
84 842 207.287461153333
85 852 207.288867153333
97 972 207.290195153333
83 832 207.298384153333
98 982 207.358390148883
64 642 208.162328694288
72 722 208.170595694288
86 862 208.171923694288
61 612 208.177430694288
75 752 208.187051694288
69 692 208.670076937403
70 702 208.675557937403
82 822 209.278005593079
90 902 209.286272593079
67 672 209.759619194816
63 632 216.670297262455
76 762 219.679886144584
60 603 219.693738144584
91 912 219.762335140218
60 602 220.370657776192
77 772 220.372011776192
78 782 220.374745776192
73 732 234.655528205945
96 962 234.676176205945
73 733 234.678897205945
89 892 235.166639864351
74 743 235.173435864351
94 942 236.969190769948
92 922 240.459695998292
79 792 240.858229612945
96 963 240.881403612945
88 883 242.271494366011
62 623 242.359448689248
77 773 242.363601689248
95 953 242.366374689248
65 652 252.176829128782
92 923 253.862536551139
91 913 254.96237145001
67 673 254.96369945001
84 843 262.166631801862
61 613 262.174911801862
80 803 262.183139801862
98 983 262.184467801862
64 643 262.185886801862
99 992 268.770625315128
87 872 277.292354735783
76 763 277.293734735783
63 633 277.295114735783
79 793 291.667675341278
79 794 291.689664341278
78 783 301.760888658557
89 893 301.762216658557
68 683 301.763557658557
67 674 301.770392658557
84 844 301.775847658557
99 993 301.778685658557
90 903 301.780013658557
68 684 301.781406658557
71 713 302.960285148617
80 804 303.055410147868
65 653 303.056777147868
63 634 303.062141147868
78 784 303.063560147868
82 824 303.064927147868
83 834 303.066255147868
82 823 305.156028040828
66 663 305.157356040828
83 833 305.65559278369
85 853 305.65695978369
66 664 305.66517478369
85 854 305.682994353491
87 873 305.684387353491
96 964 305.685715353491
69 693 306.395142466587
76 764 306.396535466587
94 943 307.684393660462
72 723 309.190582292958
77 774 309.197262654778
86 863 309.285035399749
93 933 309.289072142887
92 924 309.293069818701
69 694 309.355508528193
86 864 309.359519276821
71 714 309.380977060931
98 984 324.184279910083
81 813 330.655479633807
70 703 330.659554633807
81 814 330.660947633807
89 894 330.666415633807
87 874 335.174970168147
61 614 335.195735168147
91 914 335.198404168147
65 654 335.255611163698
94 944 335.25897370068
93 934 335.26039270068
70 704 335.26315270068
64 644 347.082788182529
74 744 352.179025844661
60 604 352.183178844661
74 745 352.258346843929
73 734 353.666745347823
88 884 353.683318347823
82 825 353.761281348158
75 754 356.978843090457
79 795 356.980223090457
70 705 356.981577090457
72 724 356.982970090457
98 985 357.192540942262
99 994 366.661894319909
84 845 378.399159788102
97 973 382.160539984237
81 815 382.163273984237
61 615 382.164614984237
90 904 382.165968984237
80 805 382.168676984237
83 835 382.176995984237
62 625 382.178336984237
93 935 382.179755984237
60 605 382.185353984237
62 624 384.685269926499
97 974 384.773109172168
89 895 388.192039381644
68 685 393.166538500269
91 915 393.167957500269
69 695 393.170691500269
67 675 393.172071500269
85 855 393.173438500269
73 735 393.180299500269
75 753 393.188579500269
77 775 393.191326500269
72 725 393.192693500269
78 785 400.393717787965
94 945 407.77949898899
90 905 407.788938542811
66 665 407.79966669707
86 865 407.855433568058
71 715 408.776470011121
60 606 408.783422011121
67 676 415.179292208414
75 755 422.658527818993
87 875 432.66173043784
64 645 432.66583143784
83 836 432.67278343784
77 776 434.96087970938
95 955 434.98141070938
97 975 434.98277770938
81 816 434.98410570938
63 635 434.98676170938
96 965 434.99238570938
64 646 434.99511970938
87 876 434.99794470938
93 936 435.05680471388
78 786 435.05818471388
98 986 435.06642571388
89 896 435.26932990294
86 866 435.27070990294
97 976 435.27883390294
76 765 441.67498227488
74 746 441.68190827488
65 655 441.68324927488
84 846 462.696668964973
68 686 474.15670740754
85 856 474.15803540754
91 916 474.15936340754
71 716 474.160691469327
84 847 474.271765457069
90 906 481.194056251668
63 636 481.195436251668
63 637 485.191595346303
79 796 485.194381346303
62 627 485.195761346303
76 766 485.197102346303
70 707 485.198443346303
65 656 485.199810346303
82 826 485.280909590521
72 726 485.286351590521
88 886 485.291819590521
77 777 485.376227177566
62 626 488.756987925217
76 767 496.267724911083
96 966 498.158458866277
66 666 498.159799866277
73 736 498.161205866277
72 727 498.163991866277
61 617 498.165345866277
78 787 498.166738866277
88 887 498.168131866277
92 926 508.255673501043
92 927 508.259787501043
65 657 508.263888501043
60 607 508.277818501043
73 737 510.770830198803
88 885 510.774931198803
67 677 510.776337198803
85 857 529.176098399981
87 877 529.180251399981
82 827 542.665684356322
74 747 542.668418356322
66 667 542.672571356322
71 717 542.676607356322
75 757 543.26095282314
66 668 543.26231982314
61 616 543.28713382314
69 698 543.28846182314
89 897 543.29528382314
60 608 543.29666382314
69 697 543.29804382314
64 647 543.29946282314
93 937 543.358192818635
65 658 543.360913818635
64 648 543.362319818635
85 858 543.363673818635
80 807 548.384027325306
79 797 548.388141325306
86 867 548.396317325306
68 688 548.397710325306
81 817 548.45971132746
88 888 548.46106532746
67 678 548.46240632746
73 738 548.46378632746
87 878 551.195144988668
74 748 554.86383721829
80 808 554.86519121829
90 907 559.155503824921
71 718 559.158185824921
92 928 563.272018818885
86 868 563.276171818885
70 708 568.685441050707
90 908 568.696481050707
79 798 568.697887050707
80 806 568.755446046687
60 609 570.473302089629
91 917 604.156987980767
83 838 604.159773980767
96 967 604.161140980767
89 898 604.687520645982
63 638 604.690241645982
82 828 604.694264645982
75 758 604.695683645982
68 689 604.697037645982
67 679 604.758081641506
76 768 604.759435641506
