46 460 45.155650591611
61 610 52.755516553808
63 630 53.655672628742
45 450 53.658393628742
71 710 57.6554505652
47 470 57.6568435652
49 490 57.6582495652
60 600 68.658147491616
44 440 74.15693328369
57 570 74.16387228369
65 650 76.655626680097
79 790 76.657006680097
48 480 76.658412680097
69 690 78.755734979252
78 780 78.769584511985
53 530 83.865038049117
62 620 83.869243049117
58 580 95.159182826258
40 400 95.160523826258
43 430 95.161864826258
52 520 95.163270826258
50 500 95.166017826258
59 590 95.167410826258
77 770 95.168816826258
56 560 95.170157826258
66 660 95.171498826258
73 730 95.175690826258
70 700 101.26124773033
67 670 101.26950173033
40 401 101.27230073033
68 680 101.29035773033
74 740 101.29173773033
72 720 101.29314373033
54 541 101.29452373033
75 750 103.655703814787
51 510 103.657070814787
76 760 103.667967814787
48 481 103.690099814787
49 491 103.691453814787
75 751 103.692846814787
55 550 109.661905098875
79 791 121.85549511324
54 540 125.172130893593
43 431 125.176231893593
53 531 125.184381893593
41 410 130.656787169085
42 420 130.659547169085
42 421 130.666434169085
56 561 130.671863169085
68 681 130.677305169085
50 501 130.681393169085
58 581 130.686887169085
64 640 130.688280169085
55 551 130.689608169085
64 641 130.690962169085
77 771 137.069016327064
72 721 137.070370327064
66 661 137.073039327064
45 451 137.074406327064
52 521 137.075786327064
44 441 139.287699723684
76 761 139.29039484002
41 411 154.157054694354
60 601 154.164032694354
78 781 154.175072694354
44 442 154.176400694354
47 471 154.184680694354
73 731 154.188781694354
71 711 154.264490651804
45 452 154.787588114207
61 611 155.887281726182
69 691 155.890054726182
48 482 156.258344600988
59 591 168.67358732632
74 741 168.67496732632
46 461 168.67767532632
65 651 168.68309132632
56 562 176.786559170437
67 672 176.790634170437
40 402 187.285299091019
66 662 187.289361651703
51 511 187.359525522279
51 512 187.365110522279
62 621 207.255398869244
62 622 207.256804869244
53 532 218.160982400773
79 792 218.162336400773
72 722 218.163742400773
52 522 218.165161400773
54 542 218.169249400773
64 642 218.170655400773
55 552 218.172048400773
40 403 218.173376400773
61 612 218.174782400773
68 682 218.177529400773
43 432 218.178857400773
41 412 218.655384319836
63 632 219.661394575007
46 462 219.664063575007
47 472 219.666810575007
46 463 224.170409764914
57 571 224.188258764914
57 572 224.189677764914
58 582 224.192411764914
73 732 224.193765764914
70 701 224.195132764914
70 702 224.196473764914
77 772 229.285035062
60 602 229.287730361018
65 652 229.291766681318
67 671 229.356850641137
76 762 229.377163986252
42 422 241.158362858494
49 492 241.161044858494
59 592 241.169246858494
42 423 241.170600858494
58 583 241.174740858494
69 692 241.185702858494
44 443 241.187095858494
74 742 245.673142781889
48 483 245.675915781889
71 712 245.682867781889
41 413 245.687033781889
78 782 246.996002621807
62 623 247.066458618781
77 773 247.076131618781
75 752 247.077459618781
75 753 247.081560618781
66 663 249.184739820923
55 553 254.789565274339
52 523 254.792247274339
59 593 254.793575274339
56 563 256.256803630311
76 763 267.198526487084
40 404 267.269067484137
63 633 267.270421484137
43 433 268.958723189378
63 631 268.969659189378
45 453 284.75698790986
71 713 285.658306224679
79 793 285.673447224679
43 434 285.674827224679
78 783 285.678850224679
44 444 285.680243224679
65 653 296.667965634576
72 723 296.669371634576
51 513 296.670764634576
69 693 296.673537634576
52 524 296.674956634576
65 654 296.677664634576
77 774 296.680450634576
42 424 300.680765391481
78 784 300.683538391481
61 613 300.684918391481
45 454 300.687639391481
58 584 303.166429984894
47 473 303.192740984894
47 474 303.195565984894
76 764 303.196984984894
57 573 309.761952851381
49 493 309.778434851381
66 664 310.691916395943
63 634 312.997529660706
71 714 314.197195713058
48 484 324.184253309952
73 734 333.200162790046
46 465 333.256952407357
53 533 334.173693575629
53 534 334.177768575629
57 574 334.179122575629
73 733 334.180502575629
46 464 334.183223575629
49 494 336.18028039184
62 624 336.18162139184
42 425 336.19950939184
59 594 351.684956835091
74 744 352.865308712607
59 595 357.181213712445
43 435 357.182606712445
75 754 365.655690733051
53 535 365.673487733051
75 755 365.674867733051
72 724 365.677575733051
72 725 365.680283733051
54 544 374.796580636911
50 504 383.264805105861
63 635 383.270260105861
58 585 385.271226797893
54 543 385.276720797893
42 426 385.285013797893
62 625 386.262379565134
47 475 390.162136679395
49 495 390.163555679395
77 775 390.167682679395
58 586 391.170478920356
40 405 397.762103541502
78 785 397.781189541502
41 414 397.782608541502
65 655 399.189016697781
71 715 399.190396697781
45 455 399.191750697781
60 604 399.195799697781
44 445 399.197166697781
45 456 399.255611079158
76 765 407.792902204681
48 485 407.794321204681
47 476 407.795688204681
66 665 409.669288737876
75 756 409.670629737876
46 466 444.26842762786
48 486 444.26980762786
49 496 444.27523662786
65 656 444.27936362786
40 406 462.16463921885
78 786 462.17005521885
40 407 462.17144821885
77 776 463.769011690334
72 726 463.781042455437
47 477 463.783737605795
43 436 463.858871952077
76 766 476.181799235544
42 427 487.18673054993
66 666 489.170193144504
44 446 489.177041144504
62 626 489.179749144504
48 487 489.185269144504
71 716 497.264716609056
53 536 509.260739744811
53 537 509.264801744811
50 505 509.266220744811
71 717 541.266135603472
46 467 541.270340603472
58 587 541.271720603472
72 727 541.273048603472
71 718 541.274402603472
41 417 541.275795603472
48 488 541.277175603472
49 497 541.278555603472
40 408 541.279974603472
43 437 544.984386223562
63 636 544.985740223562
43 438 552.280016224115
49 498 552.656832637232
75 757 552.658212637232
66 667 552.659605637232
62 627 552.665164637232
63 637 552.667846637232
53 538 552.669213637232
42 428 552.670567637232
66 668 552.671960637232
76 767 552.673327637232
65 658 552.674707637232
62 628 552.676061637232
44 447 553.258972601917
65 657 553.272099003611
46 468 553.283113003611
45 457 554.187883947924
47 478 554.191933761924
63 638 570.165269425558
58 588 570.173523425558
44 448 570.174864425558
41 418 603.375393588988
45 458 603.378114588988
43 439 603.383686588988
65 659 603.397395588988
44 449 605.268631251151
63 639 605.269959251151
