61 610 52.755335105448
63 630 53.655445388099
95 950 69.955511707456
60 600 74.155586175287
85 850 74.156940175287
71 710 74.160976175287
65 650 76.655633682814
79 790 76.657026682814
87 870 76.658406682814
69 690 78.755419707668
62 620 78.756812707668
78 780 83.15779456102
84 840 83.16183056102
92 920 83.16318456102
94 940 87.658310066774
96 960 92.355409458532
83 830 92.356776458532
86 860 92.359471458532
70 700 100.775976819021
77 770 100.778723819021
73 730 100.780077819021
80 800 100.781418819021
74 740 100.782824819021
89 890 100.784152819021
81 810 101.264469981207
67 670 101.265849981207
66 660 101.271240890479
82 820 101.272581890479
69 691 101.298465620596
76 760 103.665018181704
75 751 103.671983181704
61 611 112.755361435241
75 750 121.86107021037
70 701 121.86522321037
88 881 121.86657721037
68 680 122.158274682978
72 720 122.159693682978
98 980 122.168520971556
91 910 122.172673628048
68 681 122.176917628048
80 801 122.187983628048
87 871 122.259697679639
79 791 123.279846009412
90 900 124.169412572819
99 990 124.184501572819
73 731 124.185907572819
64 641 125.200178227785
97 971 125.256947223644
88 880 130.182319511432
86 861 131.269149133934
93 930 134.655506222746
93 931 134.664268299483
65 651 134.665648299483
99 991 134.680186620883
97 970 136.655543419488
64 640 136.656936419488
83 831 136.688598419488
72 721 136.689939419488
77 771 136.691345419488
76 761 136.758251415282
78 781 136.759605415282
91 911 136.760946415282
84 841 136.762274415282
89 891 136.763641415282
63 631 142.177590193503
71 711 145.670390880143
90 901 145.673111880143
96 961 164.663848951132
98 981 167.682806738872
92 921 167.684212738872
82 821 173.269202911609
85 851 173.270595911609
66 661 173.271936911609
94 941 173.273316911609
74 741 173.276076911609
67 671 181.681553992801
81 811 181.688518992801
60 601 181.692580992801
99 992 181.693999992801
66 662 187.26360307149
88 882 187.28272807149
62 621 188.757908618253
70 702 196.372612819187
91 912 196.379447819187
62 622 207.256916217331
97 972 207.292783217331
73 732 207.295621217331
69 692 207.297040217331
64 642 208.159913636385
65 652 208.161254636385
78 782 208.164053636385
79 792 208.173648636385
72 722 208.176369636385
61 612 208.190026636385
75 752 208.191367636385
86 862 208.192760636385
71 712 211.267995072203
68 682 211.269414072203
81 812 211.270794072203
74 742 211.273567072203
84 842 211.274921072203
85 852 211.277616072203
90 902 211.289945072203
98 982 211.291338072203
80 802 211.294072072203
89 892 216.670563330935
82 822 231.263442602808
63 632 231.264835602808
95 952 231.781287490229
95 951 231.790793921741
60 602 231.797486732245
94 942 231.856838295745
77 772 231.862359124691
73 733 234.690688359335
74 743 235.170481547518
87 872 239.198758086188
69 693 239.266432090073
96 962 240.35539662077
63 633 241.697560667689
88 883 242.177539935873
62 623 242.196690935873
92 923 252.685985837479
67 673 256.662347345065
78 783 256.665081345065
68 683 256.669234345065
92 922 260.158519265635
96 963 260.183151265635
83 832 260.189973265635
80 803 260.191379265635
76 763 260.194113265635
76 762 263.28580201137
84 843 263.357080087167
61 613 263.359736087167
71 713 263.361090087167
98 983 263.362483087167
64 643 263.363824087167
75 753 269.270778212935
95 953 269.273486212935
77 773 269.274866212935
65 653 278.176960790642
72 723 278.186685790642
99 993 278.188013790642
89 893 278.194718790642
64 644 278.197439790642
68 684 286.77304217165
73 734 286.77437017165
67 674 286.77578917165
90 903 286.77716917165
91 913 299.767504404957
84 844 299.770186730811
83 833 302.959777938716
85 853 302.961196938716
66 663 303.066675373525
82 823 305.155611371805
66 664 305.668123105134
63 634 305.673643105134
78 784 305.674971105134
82 824 305.679033105134
85 854 305.685855105134
76 764 305.762348615578
96 964 305.763689615578
94 943 307.689731404279
71 714 307.775852538892
92 924 307.777245538892
83 834 307.779992538892
60 603 308.171597524758
77 774 309.255408357256
86 863 309.256775357256
93 933 309.259458100394
97 973 309.262179843532
86 864 309.766028505845
81 813 330.655539301433
70 703 330.659744301433
81 814 330.661098301433
98 984 335.161027429231
70 704 335.265747389994
79 794 343.370581462838
74 744 346.967516037772
60 604 346.968883037772
61 614 346.975705037772
89 894 351.661706433865
93 934 351.678045433865
88 884 351.679412433865
91 914 351.680831433865
65 654 351.682250433865
62 624 351.684997433865
95 954 351.686403433865
66 665 351.759695436971
80 804 356.675950477529
74 745 356.677330477529
98 985 357.199181849857
61 615 366.260977229103
89 895 366.262305229103
80 805 368.165347259146
69 694 368.187154259146
90 904 368.192648259146
94 944 368.195369259146
62 625 368.255687254721
81 815 368.257106254721
97 974 373.691355651884
99 994 382.182282136565
93 935 382.187815136565
60 605 382.189143136565
90 905 382.190562136565
78 785 390.965753074511
72 725 390.975335074511
72 724 390.976715074511
67 675 390.978082074511
85 855 390.979449074511
77 775 390.980842074511
94 945 390.982183074511
70 705 390.983563074511
76 765 390.986297074511
92 925 390.987690074511
91 915 393.667089164032
69 695 393.668456164032
88 885 393.669862164032
75 754 393.683402164032
95 955 393.686123164032
64 645 401.198508976546
63 635 401.255660972517
86 865 401.258433972517
84 845 401.265281972517
68 685 406.6670656894
79 795 406.6725986894
82 825 406.6849406894
73 735 406.6931686894
71 715 408.773635203211
65 655 408.774976203211
60 606 408.797082203211
67 676 415.183179540218
75 755 422.658348138775
75 756 422.684399138775
87 874 426.168175299523
87 875 426.169503299523
77 776 434.962414706404
98 986 435.055501710904
78 786 435.056894710904
93 936 435.058300710904
95 956 435.059628710904
97 975 435.163816194498
97 976 435.179113194498
64 646 435.180480194498
87 876 435.199631194498
80 806 435.261147190682
86 866 435.262566190682
99 995 445.663840146706
74 746 445.673565146706
65 656 445.674932146706
84 846 458.755409841305
96 965 458.766397841305
71 716 458.770472841305
81 816 458.781304841305
89 896 462.656919210583
83 836 473.79503780437
96 967 473.878869368343
68 686 474.156619319972
85 856 474.158025319972
68 687 474.262211505945
76 766 474.264893505945
88 886 474.266312505945
72 726 475.299614444822
94 946 475.356950440314
99 996 475.358278440314
91 916 481.188849351637
90 906 481.193054351637
62 626 485.663234904926
62 627 485.664575904926
79 796 485.670095904926
69 696 485.674197293868
66 666 485.678220985131
61 616 485.695798540899
97 977 485.771877139091
82 826 489.158410893629
70 706 489.166495893629
83 835 489.174723893629
82 827 489.176129893629
61 617 489.177496893629
77 777 489.256928894208
92 926 489.260977894208
63 637 493.284693413565
76 767 493.286021413565
84 847 493.287375413565
79 797 498.183044561081
95 957 498.189983561081
92 927 508.259781828736
73 737 520.656939242119
96 966 520.660975242119
72 727 520.662368242119
66 667 520.680962555257
94 947 520.682342555257
73 738 520.683709555257
65 657 527.680099591928
85 857 527.682794591928
89 897 527.693691591928
73 736 527.696412591928
60 607 527.758270590462
67 678 542.700126258379
68 688 542.756884656054
88 887 542.764970670422
65 658 543.366402397232
64 647 543.367730397232
64 648 543.369149397232
86 867 544.987530125509
88 888 544.995810125509
75 757 544.999976125509
78 787 545.055583121677
79 798 545.056989121677
71 717 546.681548032467
80 807 546.682889032467
81 817 546.684269032467
90 907 546.688500032467
71 718 546.689893032467
86 868 546.692588032467
87 878 546.696754032467
67 677 551.181668467554
97 978 551.36378882893
92 928 553.175672927974
90 908 561.292558308151
63 636 561.295357308151
74 747 561.299497308151
74 748 561.356854307156
60 608 561.359614307156
66 668 561.360955307156
87 877 561.362348307156
83 837 561.367803307156
69 697 561.369222307156
63 638 561.370641307156
69 698 572.76072658885
99 997 572.778318124724
75 758 572.781091124724
99 998 572.782458124724
60 609 573.458255160191
89 898 586.267658663826
78 788 586.270483663826
80 808 586.271824663826
79 799 605.362211215398
99 999 605.363617215398
70 707 605.364971215398
82 829 605.366377215398
65 659 605.367705215398
77 778 605.369111215398
