38 380 41.155420378653
8 80 48.159490535654
63 630 53.655415390983
39 390 63.655446695854
49 490 63.656852695854
79 790 67.665660899505
48 480 67.667014899505
18 180 67.668342899505
3 30 70.167794360338
69 690 70.169187360338
53 530 78.765026542625
24 240 78.766393542625
14 140 78.767721542625
9 90 78.769062542625
58 580 78.770455542625
29 290 80.656823121952
29 291 80.659531911338
4 40 89.670432671686
59 590 89.67310250102
44 440 97.670525096041
94 940 102.672616251921
33 330 111.669414567034
28 280 111.681522994648
28 281 111.684205137186
34 340 111.690988422262
73 730 111.692381422262
4 41 111.693761422262
74 740 111.695141422262
9 91 111.696469422262
54 541 111.697810422262
69 691 111.699138422262
78 780 114.965608325788
3 31 114.973940325788
53 531 114.988925325788
54 540 114.993104325788
79 791 114.997231325788
84 840 124.167008975223
18 181 124.168414975223
39 391 124.176785975223
14 141 124.185078975223
43 430 124.186471975223
43 431 124.189296975223
63 631 124.193462975223
19 190 124.194790975223
13 130 124.197589975223
13 131 124.198956975223
64 640 124.255428972491
89 890 124.256821972491
98 980 124.258149972491
93 930 134.655587567122
83 830 134.658295567122
68 680 134.662448567122
34 341 134.663867567122
93 931 134.665260567122
99 990 134.666588567122
19 191 134.670793567122
73 731 134.672199567122
99 991 134.673566567122
13 132 138.684610972378
33 331 138.687331972378
59 591 138.692877972378
74 741 138.694296972378
88 880 166.759178589283
44 441 166.760545589283
3 32 166.790724081455
23 231 166.793484081455
78 781 171.172476992515
88 881 171.180665992515
93 932 171.259541989653
64 641 176.670078940975
94 941 176.679764940975
68 681 181.680220194207
14 142 181.681587194207
43 432 181.682915194207
39 392 181.684269194207
48 481 181.688305194207
24 241 181.689633194207
4 42 181.692367194207
38 382 181.696429194207
24 242 181.697770194207
99 992 181.699176194207
89 891 200.159495481935
68 682 200.163661481935
83 831 202.677048076065
98 981 202.679743076065
8 81 202.682451076065
9 92 202.685224076065
84 842 214.766813880961
98 982 214.768219880961
19 192 224.165065706987
28 282 224.167877706987
63 632 224.169283706987
84 841 224.176222706987
74 742 224.179034706987
83 832 224.181729706987
23 232 224.187184706987
29 292 224.966234580406
33 332 224.968929580406
73 732 232.164711545515
13 133 232.168708857259
23 230 232.186299415979
34 342 232.189007727723
8 82 232.191690002747
54 542 232.197067626235
38 381 232.198395662955
64 642 232.199723937979
88 882 236.66288256954
53 532 236.66422356954
44 442 242.155645217643
79 792 242.166802217643
94 942 242.176423217643
88 883 242.179183217643
19 193 251.690487352707
39 393 251.691893352707
59 593 251.693286352707
49 492 251.756971916645
89 892 256.174511828693
23 233 256.177220209567
59 592 256.181256590441
34 343 258.666971516476
98 983 262.181171080675
9 93 271.18138016121
84 843 276.168041086773
43 433 285.655520712303
43 434 285.656861712303
79 793 285.665076712303
79 794 290.987648728231
9 94 290.993103728231
49 491 290.994470728231
78 783 290.997217728231
78 784 290.998610728231
99 993 300.171145888255
69 692 300.172473888255
69 693 300.173892888255
19 194 300.175298888255
84 844 304.156040456139
83 833 305.655364475911
14 144 305.658111475911
13 134 305.659504475911
63 633 305.666352475911
63 634 305.667771475911
83 834 305.669177475911
78 782 305.670505475911
89 893 305.682847475911
14 143 310.271392193234
23 234 315.172932063589
59 594 334.676060893333
93 933 334.677414893333
23 235 334.678768893333
98 984 335.157443615395
34 344 335.171282615395
39 394 339.181292729267
53 533 339.185367729267
88 884 339.186734729267
93 934 339.189429729267
59 595 339.190783729267
94 944 354.179647215959
34 345 354.258157233364
98 985 357.179256084571
79 795 361.694653397228
93 935 366.18198121991
39 395 377.177612516029
89 894 385.666544994457
23 236 385.674707994457
84 845 390.697532216494
78 785 390.698860216494
94 945 403.659675660701
38 384 403.675572295251
53 535 427.764767083496
93 936 430.167639035708
13 136 430.170295038151
13 135 430.174370245824
83 835 430.175698248267
63 635 430.181101353325
89 895 430.183874353325
88 885 430.187515642927
54 546 430.188856642927
43 435 430.192996642927
13 137 430.194376642927
99 994 440.663080403037
99 995 440.664408403037
39 396 440.672636403037
84 846 459.665816431167
83 836 459.668498431167
34 346 460.176378220663
89 896 460.179099605795
98 986 460.184541983921
79 796 460.185908983921
43 437 460.187249983921
78 786 484.756984201324
53 534 486.278705785637
43 436 486.297507499629
88 886 488.964393092408
79 797 508.160402939555
94 946 517.155493374377
94 947 517.156912374377
83 837 526.168408918261
59 596 537.160077707686
99 996 537.161496707686
59 597 537.162902707686
88 887 537.170125422054
23 237 540.177595233261
23 238 540.178962233261
43 438 540.180355233261
98 987 540.183115233261
99 997 552.266601526123
84 847 552.276067408955
53 537 552.277434408955
59 598 552.278775408955
78 787 552.280168408955
63 637 552.282928408955
78 788 552.284256408955
94 948 561.156847377396
53 538 561.160987377396
93 937 561.163734377396
53 536 561.166533377396
83 838 596.1632407139
79 798 596.1701927139
39 398 596.1716117139
