62 790 67.665660899505
61 940 102.672616251921
96 940 102.672616251921
12 780 114.965608325788
35 780 114.965608325788
70 791 114.997231325788
35 791 114.997231325788
80 840 124.167008975223
13 890 124.256821972491
80 890 124.256821972491
13 980 124.258149972491
80 980 124.258149972491
21 830 134.658295567122
93 830 134.658295567122
93 990 134.666588567122
93 991 134.673566567122
57 880 166.759178589283
89 781 171.172476992515
91 781 171.172476992515
51 781 171.172476992515
51 881 171.180665992515
51 932 171.259541989653
20 941 176.679764940975
30 891 200.159495481935
41 831 202.677048076065
67 831 202.677048076065
31 981 202.679743076065
35 981 202.679743076065
67 981 202.679743076065
90 842 214.766813880961
43 842 214.766813880961
81 842 214.766813880961
43 982 214.768219880961
81 982 214.768219880961
98 841 224.176222706987
90 841 224.176222706987
46 841 224.176222706987
84 832 224.181729706987
90 832 224.181729706987
46 832 224.181729706987
15 882 236.66288256954
88 792 242.166802217643
41 942 242.176423217643
11 942 242.176423217643
88 942 242.176423217643
80 892 256.174511828693
84 983 262.181171080675
32 843 276.168041086773
43 793 285.665076712303
82 783 290.997217728231
79 783 290.997217728231
82 784 290.998610728231
79 784 290.998610728231
90 993 300.171145888255
17 993 300.171145888255
5 782 305.670505475911
83 782 305.670505475911
51 893 305.682847475911
83 893 305.682847475911
53 933 334.677414893333
23 933 334.677414893333
82 933 334.677414893333
59 884 339.186734729267
76 884 339.186734729267
20 934 339.189429729267
59 934 339.189429729267
76 934 339.189429729267
35 944 354.179647215959
75 795 361.694653397228
90 935 366.18198121991
61 935 366.18198121991
80 935 366.18198121991
80 894 385.666544994457
23 894 385.666544994457
52 845 390.697532216494
17 785 390.698860216494
52 785 390.698860216494
59 945 403.659675660701
77 936 430.167639035708
13 835 430.175698248267
63 895 430.183874353325
27 895 430.183874353325
13 895 430.183874353325
54 885 430.187515642927
13 885 430.187515642927
32 994 440.663080403037
32 995 440.664408403037
47 846 459.665816431167
47 836 459.668498431167
80 896 460.179099605795
34 896 460.179099605795
84 896 460.179099605795
15 986 460.184541983921
40 986 460.184541983921
12 796 460.185908983921
43 796 460.185908983921
40 796 460.185908983921
90 786 484.756984201324
97 786 484.756984201324
77 786 484.756984201324
76 886 488.964393092408
17 886 488.964393092408
72 797 508.160402939555
56 837 526.168408918261
46 837 526.168408918261
59 996 537.161496707686
2 996 537.161496707686
0 887 537.170125422054
2 887 537.170125422054
21 987 540.183115233261
86 987 540.183115233261
55 987 540.183115233261
92 997 552.266601526123
11 997 552.266601526123
62 847 552.276067408955
60 847 552.276067408955
66 847 552.276067408955
1 787 552.280168408955
66 787 552.280168408955
1 788 552.284256408955
66 788 552.284256408955
20 937 561.163734377396
53 937 561.163734377396
94 937 561.163734377396
50 838 596.1632407139
72 838 596.1632407139
95 798 596.1701927139
40 798 596.1701927139
72 798 596.1701927139
