6 60 25.155481967234
38 380 41.155493189904
15 150 51.655632525387
8 80 51.656986525387
20 200 51.658340525387
25 250 56.655471237303
39 390 63.655407953153
7 70 63.656813953153
0 0 63.658219953153
16 160 63.659586953153
23 230 63.660927953153
31 310 63.662281953153
10 100 63.665067953153
8 81 70.168608051123
3 30 71.170274972577
32 320 71.173073972577
12 120 72.160023974799
11 110 75.664670413989
26 260 75.666024413989
18 180 75.685214413989
9 90 75.686633413989
29 290 80.655547755308
17 170 80.656901755308
21 210 80.658242755308
5 50 80.659622755308
0 1 80.662369755308
29 291 80.666561755308
7 71 80.672016755308
17 171 96.662262146198
1 10 96.679672511668
14 140 96.682458511668
22 220 96.683825511668
24 240 96.685218511668
1 11 96.686611511668
4 40 96.687952511668
4 41 96.689306511668
9 91 96.690699511668
16 161 96.692027511668
31 311 96.693446511668
27 270 101.655535650072
37 370 101.658884834046
30 300 101.661579834046
35 350 101.664326834046
27 271 101.668427834046
3 31 101.669768834046
35 351 101.671148834046
34 340 101.672515834046
14 141 101.678074834046
12 121 101.680795834046
13 130 101.682162834046
2 20 105.685782289456
15 151 111.655632535994
24 241 111.758288808519
11 111 123.17714060176
28 280 124.159418564914
28 281 124.163610564914
32 321 124.170562564914
30 301 124.171981564914
19 190 124.195233564914
19 191 124.196561564914
13 131 124.197980564914
10 101 124.199347564914
20 201 124.255609562182
5 51 138.695756832893
36 360 138.698438832893
36 361 138.699805832893
33 331 138.756988108132
38 381 138.758407108132
13 132 138.763875108132
22 221 138.765229108132
16 162 140.256757562697
37 371 140.785147282313
33 330 140.865042108474
4 42 142.287389966236
2 21 149.175610307721
6 61 154.258197235751
18 182 154.267727235751
22 222 154.270487235751
17 172 163.676339654253
33 332 170.666960392708
23 231 170.672415392708
18 181 170.677167824016
6 62 170.679836824016
34 341 170.68204611001
20 202 170.68901111001
31 312 172.76481139467
5 52 172.768873926552
21 211 173.660362880493
15 152 173.694589880493
2 22 173.700031880493
7 72 173.756811875964
12 122 173.758178875964
38 382 179.672648939578
0 2 179.683532939578
27 272 179.688961939578
24 242 184.700288485656
11 112 184.764060485732
14 142 184.765401485732
36 362 184.766781485732
9 92 184.769541485732
35 352 184.770921485732
39 392 184.772275485732
30 302 193.162594965666
23 232 204.659092696405
29 292 212.656901486285
25 252 212.658320486285
25 251 212.659661486285
5 53 212.680387486285
3 32 212.683160486285
29 293 212.692677486285
32 322 214.155426030841
26 262 214.167820030841
19 192 214.169161030841
28 282 214.170489030841
32 323 214.176048030841
37 372 214.181451030841
3 33 214.193806030841
16 163 214.195186030841
1 12 214.196566030841
34 342 225.673637062279
8 82 225.684625062279
15 153 225.686044062279
11 113 225.691525062279
1 13 225.692853062279
30 303 225.698321062279
10 102 231.669387980164
21 212 232.161182808356
13 133 232.162523808356
8 83 234.66972929431
12 123 236.198912143198
20 203 237.685758557406
2 23 237.688440557406
18 183 238.76349512579
25 253 242.171706863692
17 173 250.656833095058
31 313 250.666415095058
17 174 250.684485095058
28 283 256.155458887384
27 273 256.158257887384
26 263 256.198648321488
0 3 256.257080598624
10 103 256.258473598624
19 193 256.261181598624
31 314 271.682957962674
32 324 275.180364254674
1 14 275.181757254674
9 93 275.192732254674
7 73 275.194125254674
21 213 275.195544254674
9 94 275.196937254674
3 34 277.673490575578
36 363 278.163480087853
34 343 280.175904991014
14 143 280.188246991014
33 333 280.189574991014
24 244 289.667445080996
24 243 289.681154080996
19 194 289.682534080996
34 344 289.683953080996
21 214 289.688145080996
37 373 292.675652643104
38 383 295.166393877745
11 114 295.193217995047
29 294 295.198557171419
20 204 295.255411444505
23 234 295.274344973621
25 254 295.278433537798
23 233 295.287950537798
18 184 300.171102099531
39 391 300.180944099531
30 304 309.167858020638
35 353 309.169251020638
16 164 309.170618020638
5 54 309.198062020638
7 74 309.199429020638
14 144 312.165107892959
13 134 312.170498363851
26 264 312.178649070189
10 104 312.27029586063
14 145 315.266695652343
35 354 317.674856801052
37 374 317.676236801052
19 195 317.755692801725
12 124 323.166972646317
39 394 323.180460768837
39 393 323.185876793341
1 15 323.196617864404
32 325 324.195172902596
11 115 332.195884999378
10 105 335.169394961679
36 364 335.170748961679
25 255 335.173521961679
21 215 340.174678893944
23 235 341.193128617794
27 275 341.194482617794
20 205 341.696675949395
38 384 341.698042949395
38 385 341.699370949395
22 223 353.182647900072
7 75 353.185407900072
28 285 353.188115900072
22 224 353.189443900072
33 334 353.190784900072
3 35 353.259494903593
27 274 355.667770136912
29 295 355.676141136912
35 355 357.173368305476
24 245 357.178823305476
3 36 373.663816036317
15 155 374.698457160992
37 375 374.699850160992
2 24 374.755414803055
0 5 374.756742803055
16 165 382.270640464407
29 296 382.276056464407
13 135 383.160976979258
33 335 383.162382979258
17 175 383.165194979258
0 4 384.674832887552
31 315 384.681719887552
21 216 384.694087887552
15 154 388.694651570042
7 76 388.773227574344
36 365 392.156774393851
34 345 392.171863393851
5 55 392.178802393851
26 265 392.180208393851
36 366 392.182877393851
28 286 392.184296393851
2 25 392.195362393851
39 395 392.196768393851
2 26 392.198187393851
12 125 406.185732074317
18 185 406.189898074317
22 226 406.193908074317
22 225 409.16811837889
1 16 409.261080383052
18 186 411.271971764897
30 305 430.175361468772
13 137 430.176728471215
30 306 430.17806957383
27 276 430.184865678888
17 176 430.190372678888
5 56 441.162942185831
37 376 441.187574185831
15 156 441.190308185831
25 256 441.193068185831
32 326 442.255373877791
20 206 442.260919877791
39 396 442.265033877791
11 116 442.277453877791
32 327 442.281619877791
7 77 455.269280863609
15 157 455.270686863609
11 117 455.272092863609
34 346 457.156132787158
38 386 457.157551787158
1 17 457.193210787158
10 106 459.67621881092
19 196 459.761167048289
34 347 459.772272048289
26 267 477.283633710555
17 177 477.286355507899
14 146 484.669826997096
26 266 484.672547997096
14 147 484.676674997096
20 207 484.678067997096
3 37 484.679486997096
35 356 487.655578291322
35 357 487.656932291322
12 126 487.660968291322
19 197 487.663754291322
24 246 487.666566291322
24 247 487.667933291322
2 27 495.290099722751
31 317 495.362568726677
5 57 495.365341726677
30 307 495.366695726677
28 287 495.368062726677
14 148 495.372163726677
31 316 499.258974946165
33 336 499.260380946165
18 187 499.298929946165
1 18 499.358289946756
33 337 501.176025122112
37 377 501.177405122112
21 217 501.181506122112
25 257 501.182912122112
7 78 501.184305122112
27 277 509.667040692566
36 367 509.691919692566
0 6 513.672680603544
0 7 513.674099603544
29 297 513.755380249342
16 166 518.166621062564
3 38 518.172089062564
24 248 518.173456062564
22 227 518.189938062564
34 348 518.191266062564
16 167 529.168919143468
38 387 539.179002518401
38 388 539.184444518401
16 168 539.191318518401
23 237 539.192672518401
23 238 539.194091518401
10 107 539.198140518401
22 228 539.199533518401
15 158 539.255491961479
11 118 539.256871961479
33 338 539.258264961479
31 318 539.261011961479
21 218 539.262339961479
28 288 550.191956418625
39 397 550.260951582011
5 58 550.263607582011
19 198 550.269088582011
18 188 550.271822582011
35 358 550.273176582011
6 67 550.274543582011
20 208 550.275936582011
37 378 550.281443582011
13 138 551.690884144559
23 236 553.678821884869
12 127 553.684211884869
12 128 553.685578884869
2 28 553.686997884869
30 308 553.689705884869
0 8 553.695225884869
2 29 553.699300884869
11 119 555.669459564619
21 219 590.170337877728
7 79 590.174373877728
27 278 590.183916877728
29 298 590.185322877728
0 9 590.186650877728
28 289 590.188017877728
26 268 590.190751877728
39 398 590.193511877728
36 368 596.171223841977
12 129 596.183604841977
17 179 596.185010841977
36 369 596.186338841977
25 258 602.169508273737
25 259 602.176408273737
34 349 602.177762273737
33 339 602.179116273737
17 178 602.181837273737
14 149 602.184545273737
