46 460 45.155510633658
61 610 52.755457670452
63 630 53.655512455032
45 450 53.658259455032
57 570 53.659587455032
71 710 57.655572292505
47 470 57.656978292505
49 490 57.658332292505
60 600 68.658365378519
44 440 74.156944042544
65 650 76.655497833498
79 790 76.656890833498
48 480 76.658270833498
69 690 78.755626668477
62 620 78.759701668477
53 530 78.768733201211
43 430 79.270375805522
56 560 79.271755805522
66 660 79.273148805522
73 730 79.277262805522
75 750 103.655350392493
51 510 103.656717392493
70 700 103.658110392493
50 500 103.659451392493
55 550 103.660818392493
58 580 103.662237392493
40 400 103.663656392493
52 520 103.665075392493
77 770 103.667861392493
76 760 103.680281392493
48 481 103.685736392493
75 751 103.687090392493
78 780 104.966964268207
67 670 104.968370268207
68 680 104.975205268207
74 740 104.977926268207
72 720 104.979345268207
40 401 104.980738268207
54 541 104.982079268207
42 421 104.983485268207
59 590 121.865131574047
44 441 123.280054687068
70 701 123.281473687068
79 791 123.284194687068
54 540 124.173319444975
43 431 124.181573444975
42 420 125.658814015691
56 561 125.672536015691
68 681 125.691817015691
50 501 125.698743015691
58 581 125.756942014763
41 410 130.666662176941
55 551 132.283780244047
64 641 132.285186244047
66 661 135.195396357622
64 640 139.160974380758
76 761 139.189707380758
53 531 146.665055477693
41 411 154.15690895222
60 601 154.16241595222
44 442 154.17603395222
65 651 154.18823295222
45 451 154.18965195222
71 711 154.258197947737
52 521 154.776266235813
45 452 154.788556235813
69 691 154.789962235813
49 491 156.256984033132
48 482 156.258325033132
54 542 159.1760885394
73 731 159.1829235394
61 611 159.1857095394
77 771 168.676199064559
72 721 168.678920064559
47 471 168.680326064559
43 432 180.689170873528
56 562 180.694716873528
67 671 180.697450873528
51 512 186.19575530775
62 622 207.257031426926
40 402 218.158238550503
61 612 218.159579550503
72 722 218.160933550503
41 412 218.162287770565
46 461 218.163628770565
52 522 218.164969979323
46 462 218.166337199385
49 492 218.167678408143
47 472 218.169058628205
42 422 218.174449265783
63 632 218.175790485845
64 642 218.177118694603
65 652 218.182509343485
55 552 218.185191772305
59 592 218.187887201125
40 403 218.193238838703
79 792 218.194631838703
68 682 218.195972838703
74 742 218.198667838703
60 602 218.658085055204
63 631 218.660858055204
76 762 218.663631055204
41 413 218.670492055204
51 511 218.673148055204
53 532 218.674528055204
70 702 221.859842602449
59 591 221.861235602449
74 741 221.862589602449
73 732 221.866664602449
58 583 221.869411602449
46 463 224.167993339577
57 571 224.194226339577
57 572 224.195580339577
58 582 224.198288339577
62 621 224.975812245642
71 712 224.979900245642
77 772 231.272953258803
78 781 231.274372258803
78 782 231.275752258803
73 733 234.671863736972
74 743 235.167813650978
48 483 245.690463948151
62 623 245.697311948151
77 773 251.28887953282
51 513 251.29028553282
52 523 251.29299353282
55 553 251.29434753282
59 593 251.29571453282
75 752 253.763445238767
75 753 253.764838238767
49 493 253.784197238767
76 763 255.673462100704
42 423 255.692743100704
44 443 255.696896100704
40 404 280.172020354526
45 453 284.690821108019
79 793 289.159397457873
43 433 289.160764457873
71 713 289.171557457873
43 434 289.172898457873
78 783 289.182545457873
44 444 289.183964457873
79 794 289.185344457873
65 653 296.668389175465
57 573 296.673909175465
50 503 296.690313175465
50 504 296.691641175465
77 774 296.693060175465
53 533 297.286320896008
72 723 297.287674896008
52 524 297.298597896008
78 784 300.677314836786
45 454 300.682795836786
75 754 300.684136836786
61 613 303.255395601165
70 703 313.158165624512
71 714 315.185036618854
63 633 324.157011935543
76 764 324.158339935543
47 473 334.16334200855
53 534 334.16740400855
57 574 334.16874500855
46 464 334.17015100855
48 484 334.17293700855
62 624 334.17435600855
65 654 334.17576200855
54 544 336.159230966503
70 704 336.162055966503
58 584 341.286195856968
42 424 341.289020856968
49 494 350.657343340362
47 474 350.658697340362
73 734 350.665610340362
46 465 350.679371340362
54 543 350.680712340362
59 594 350.687612340362
59 595 350.693158340362
73 735 350.694577340362
74 744 351.15717677981
72 724 351.683689904673
65 655 356.173352690253
45 455 380.184597892619
58 585 380.188672892619
42 425 380.191458892619
62 625 380.192799892619
41 415 385.267407305577
44 445 391.284118059848
71 715 391.285459059848
72 725 391.292898489538
75 755 391.294265489538
49 495 396.759801367435
47 475 396.761168367435
53 535 396.762574367435
77 775 396.769422367435
78 785 396.774838367435
43 435 396.780410367435
58 586 396.791398367435
48 485 397.758602965158
54 545 397.759956965158
54 546 401.167860555223
76 765 401.180202555223
75 756 409.668021916386
77 776 434.961078582947
40 406 434.969241582947
78 786 434.970582582947
40 405 435.173514454485
41 416 435.183005454485
46 466 439.16526054722
49 496 439.16945254722
45 456 439.17214754722
47 476 457.279267405082
79 795 463.759623670773
76 766 463.760990670773
72 726 463.763711670773
74 746 463.765091670773
42 426 463.766510670773
44 446 463.767851670773
65 656 463.769231670773
62 626 463.770559670773
48 486 463.771913670773
47 477 463.773293670773
40 407 463.781677670773
58 587 474.199192672132
77 777 474.255651623011
51 516 487.655601924963
71 716 487.658348924963
73 736 487.661173924963
51 517 487.662501924963
46 467 487.670859924963
54 547 487.672252924963
53 536 493.356739816695
63 637 493.360957816695
72 727 498.165064513719
45 457 498.167837513719
79 797 498.169243513719
70 705 498.171912513719
74 747 498.173240513719
79 796 498.177380513719
73 737 515.270368701451
70 706 515.281907527325
42 427 519.698680364082
44 447 519.700021364082
49 497 519.756852367357
53 537 519.759638367357
65 657 519.760979367357
75 757 519.762372367357
46 468 532.672347639282
53 538 532.673688639282
40 408 545.292980302545
71 717 545.294308302545
71 718 545.295675302545
62 627 550.255538939139
73 738 550.258324939139
76 767 562.786750301759
47 478 562.788130301759
74 748 563.279103239675
70 707 563.280496239675
70 708 563.281824239675
63 638 563.287266239675
75 758 563.291458239675
72 728 566.970632527443
44 448 566.973353527443
42 428 566.981581527443
62 628 566.982948527443
41 417 566.984302527443
43 436 568.656946692978
43 438 605.262820778372
74 749 605.359714113234
45 458 605.361081113234
44 449 605.365130113234
63 639 605.366549113234
54 548 605.367942113234
79 798 605.369296113234
58 589 605.370624113234
