15 200 51.658292430252
8 100 70.156951860961
37 140 75.164039833712
12 140 75.164039833712
53 140 75.164039833712
37 30 75.165406833712
12 30 75.165406833712
53 30 75.165406833712
48 190 75.663643431516
79 190 75.663643431516
19 120 75.665062431516
48 120 75.665062431516
79 120 75.665062431516
48 110 75.666429431516
79 110 75.666429431516
7 0 96.659539872386
17 0 96.659539872386
7 160 96.660867872386
17 160 96.660867872386
17 10 96.667754872386
17 11 96.671842872386
1 40 96.674039152562
17 40 96.674039152562
1 41 96.675432152562
38 41 96.675432152562
17 41 96.675432152562
30 121 112.182469480677
69 121 112.182469480677
20 130 112.190645480677
35 130 112.190645480677
69 130 112.190645480677
78 20 112.197519480677
3 20 112.197519480677
69 20 112.197519480677
0 161 132.158287366728
31 141 132.163820366728
0 141 132.163820366728
31 191 132.168188786617
0 191 132.168188786617
30 31 132.169529786617
27 31 132.169529786617
0 31 132.169529786617
13 201 132.177939786617
16 201 132.177939786617
0 201 132.177939786617
84 180 137.666582438303
80 180 137.666582438303
58 131 137.688939704405
80 131 137.688939704405
13 101 137.690345704405
58 101 137.690345704405
80 101 137.690345704405
80 2 137.695787704405
97 21 139.693717928127
76 111 139.695110928127
2 111 139.695110928127
97 111 139.695110928127
97 22 139.696490928127
45 182 154.180676642971
45 181 156.198636828394
54 181 156.198636828394
51 172 176.26668120194
27 122 179.668873912357
38 122 179.668873912357
30 112 200.16028649418
2 152 203.162542351866
23 152 203.162542351866
67 152 203.162542351866
64 32 204.657616750012
78 192 204.658944750012
55 192 204.658944750012
64 192 204.658944750012
34 12 204.667003750012
64 12 204.667003750012
94 43 204.673955750012
41 43 204.673955750012
64 43 204.673955750012
41 33 204.675374750012
64 33 204.675374750012
46 102 220.664607677201
3 3 220.681801891407
46 3 220.681801891407
77 13 220.687295891407
3 13 220.687295891407
46 13 220.687295891407
77 23 220.688662891407
3 23 220.688662891407
46 23 220.688662891407
3 163 220.690003891407
46 163 220.690003891407
39 142 221.670842755409
11 142 221.670842755409
40 142 221.670842755409
52 153 227.185835190071
40 153 227.185835190071
32 153 227.185835190071
81 123 237.666416462271
15 123 237.666416462271
51 183 247.694070446708
29 183 247.694070446708
88 203 247.695437446708
29 203 247.695437446708
75 104 249.194361312197
31 34 265.192016440397
55 103 269.678625839077
80 103 269.678625839077
86 113 269.686711645421
55 113 269.686711645421
80 113 269.686711645421
39 193 292.665870696711
34 193 292.665870696711
64 193 292.665870696711
65 184 292.667250696711
34 184 292.667250696711
64 184 292.667250696711
19 44 292.669958696711
64 44 292.669958696711
64 194 292.671286696711
95 124 294.694711401304
51 124 294.694711401304
51 114 294.696091401304
67 204 294.697484401304
51 204 294.697484401304
86 154 296.18920261923
19 154 296.18920261923
79 154 296.18920261923
83 143 309.680435995614
83 134 309.681828995614
26 144 309.683156995614
83 144 309.683156995614
58 133 313.699985373853
57 14 335.166495091701
10 14 335.166495091701
67 115 353.671304781947
4 115 353.671304781947
27 115 353.671304781947
70 4 357.176600234733
98 4 357.176600234733
74 4 357.176600234733
23 45 357.182068234733
27 45 357.182068234733
74 45 357.182068234733
38 205 357.184841234733
27 205 357.184841234733
74 205 357.184841234733
38 15 357.186221234733
27 15 357.186221234733
74 15 357.186221234733
21 135 362.165282128229
35 135 362.165282128229
78 175 381.185331461567
84 175 381.185331461567
80 175 381.185331461567
41 35 381.189458461567
84 35 381.189458461567
80 35 381.189458461567
34 5 396.164237598715
23 5 396.164237598715
1 26 418.667937778587
55 125 422.680960779353
83 125 422.680960779353
13 125 422.680960779353
18 24 422.682314779353
83 24 422.682314779353
13 24 422.682314779353
18 165 422.683694779353
83 165 422.683694779353
13 165 422.683694779353
83 186 422.687795779353
13 186 422.687795779353
83 106 422.689214779353
13 106 422.689214779353
54 155 422.690542779353
13 155 422.690542779353
67 25 427.168862351085
27 176 441.16122349461
87 176 441.16122349461
78 176 441.16122349461
78 156 441.17225049461
30 116 462.194478970235
9 116 462.194478970235
40 116 462.194478970235
40 117 462.197212970235
40 157 462.198540970235
88 146 464.166556446405
47 146 464.166556446405
88 206 464.167884446405
47 206 464.167884446405
96 196 464.169290446405
47 196 464.169290446405
10 136 464.663233601808
83 136 464.663233601808
1 136 464.663233601808
24 126 473.664963308162
88 126 473.664963308162
96 126 473.664963308162
20 164 473.666291308162
88 164 473.666291308162
96 164 473.666291308162
46 6 486.192306519577
36 6 486.192306519577
51 6 486.192306519577
58 107 486.193686519577
0 107 486.193686519577
51 107 486.193686519577
55 207 494.158512242917
35 207 494.158512242917
49 47 494.159866242917
55 47 494.159866242917
35 47 494.159866242917
92 18 506.681096937107
31 197 509.69388262008
72 197 509.69388262008
19 147 509.69524962008
31 147 509.69524962008
72 147 509.69524962008
85 127 514.668987052986
5 127 514.668987052986
24 127 514.668987052986
5 138 514.670315052986
24 138 514.670315052986
97 118 551.695522068668
7 118 551.695522068668
86 118 551.695522068668
66 167 551.757024363866
49 167 551.757024363866
86 167 551.757024363866
49 185 553.670597944383
66 185 553.670597944383
35 177 553.673253944383
66 177 553.673253944383
61 187 553.685680106271
1 187 553.685680106271
66 187 553.685680106271
57 198 553.691265106271
66 198 553.691265106271
62 208 553.692658106271
57 208 553.692658106271
66 208 553.692658106271
9 158 554.656740480616
99 7 555.661075743885
11 7 555.661075743885
22 37 555.67331375853
7 37 555.67331375853
97 37 555.67331375853
39 38 572.667801960342
28 8 572.673269960342
39 8 572.673269960342
39 169 572.678698960342
80 48 572.691080183713
60 48 572.691080183713
71 168 572.697993183713
54 168 572.697993183713
60 168 572.697993183713
72 199 597.687034279244
43 178 602.164201655041
93 178 602.164201655041
43 149 602.166961655041
93 149 602.166961655041
