6 60 25.1555830313
38 380 41.155474226136
15 150 51.655718103107
8 80 51.657098103107
20 200 51.658465103107
25 250 56.655468652031
32 320 56.656848652031
39 390 63.655348180115
7 70 63.656754180115
0 0 63.658082180115
16 160 63.659423180115
23 230 63.660842180115
31 310 63.662209180115
10 100 63.664891180115
21 210 63.666258180115
5 50 63.667664180115
8 81 70.188004835564
12 120 72.157633662575
11 110 75.664402110436
26 260 75.665743110436
3 30 75.671276110436
18 180 75.685115110436
0 1 80.666343422575
17 171 80.683937230003
17 170 96.655689909856
29 290 96.661144909856
7 71 96.674905909856
16 161 96.679849190032
38 381 96.682570190032
1 10 96.683963190032
9 90 96.685382190032
14 140 96.686801190032
22 220 96.688207190032
24 240 96.689561190032
1 11 96.690902190032
4 40 96.692295190032
4 41 96.693623190032
27 270 101.655420435369
37 370 101.658743619343
30 300 101.661503619343
35 350 101.664289619343
27 271 101.667088619343
14 141 101.668468619343
13 130 105.658123720886
35 351 105.662263720886
34 340 105.688470720886
12 121 105.692662720886
3 31 105.696763720886
15 151 111.656943206363
19 190 111.671825264811
24 241 111.694702117095
28 280 124.159500880877
28 281 124.160906880877
32 321 124.171985880877
18 181 124.173378880877
30 301 124.176099880877
31 311 124.195263880877
19 191 124.196604880877
13 131 124.197945880877
20 201 124.256811878145
10 101 132.199236856113
13 132 138.777226729634
36 361 138.779908891628
9 91 138.782617053622
33 331 138.783971053622
4 42 138.861095166905
33 330 140.194522546266
16 162 140.255394401667
0 2 140.256787401667
36 360 140.274561014035
6 61 142.678366808144
2 20 149.176444936819
11 111 149.184646936819
29 291 149.188708936819
37 371 149.190075936819
25 251 149.191442936819
39 391 149.192822936819
34 341 149.687837263671
6 62 149.690597263671
2 21 154.255552660213
18 182 154.262400660213
33 332 170.663797707603
3 32 170.670720096679
15 152 170.672100096679
22 222 170.676683527987
20 202 170.680207813981
31 312 172.771586232194
14 142 172.774294764076
35 352 172.777016295958
17 172 172.867601241953
37 372 172.88247183272
22 221 173.17039928467
38 382 173.182533501862
7 72 173.18787155616
12 122 173.18919955616
2 22 173.256859069178
27 272 173.270412352148
23 231 173.662464998925
34 342 186.189670018706
5 52 186.759830238736
24 242 186.761236238736
5 51 186.765363238736
36 362 186.766717238736
26 262 186.770909238736
30 302 191.156870215084
23 232 205.690076141662
29 292 205.697067141662
9 92 209.277609026749
11 112 209.279028026749
12 123 209.280408026749
25 252 212.658217551076
39 392 212.670559551076
29 293 212.695243551076
32 322 214.155588587675
19 192 214.173437587675
10 102 214.174791587675
32 323 214.194202587675
1 12 225.675744976652
8 82 225.677072976652
11 113 225.679780976652
1 13 225.681186976652
2 23 225.683985976652
30 303 225.694856976652
6 63 226.173078407644
21 211 228.158770723077
21 212 228.160137723077
13 133 228.164264723077
8 83 228.178038723077
27 273 242.164929648989
28 282 242.184145648989
28 283 242.186814648989
36 363 242.189600648989
23 233 242.190954648989
15 153 242.668391384779
20 203 242.669784384779
3 33 242.678077384779
16 163 242.679483384779
31 313 246.681378099777
17 173 246.682797099777
17 174 251.188911871866
5 53 256.16385705547
25 253 256.166565436344
26 263 256.18678595984
10 103 256.267672650301
0 3 256.270381023539
4 43 256.271709023539
28 284 256.27713853358
39 393 256.279924770015
37 373 271.672210359655
35 353 271.676428359655
4 44 271.677795359655
1 14 275.178693669914
32 324 275.181466669914
10 104 275.185723669914
31 314 275.195279669914
9 93 275.198039669914
7 73 275.199445669914
21 213 275.255514670314
9 94 275.256920670314
3 34 277.675275174315
18 183 279.755620731179
34 343 279.756987731179
18 184 279.758328731179
24 244 279.759747731179
19 193 280.185753547848
38 383 293.691441497672
19 194 293.755371162012
34 344 293.760865162012
24 243 293.766372162012
25 254 293.769158162012
22 223 293.776019162012
14 144 293.777412162012
30 304 293.780250162012
11 114 295.186209411643
20 204 295.191755411643
38 384 295.267670721165
23 234 301.278036886801
33 333 309.170471197838
14 143 309.25754314048
12 124 309.762428625567
13 134 311.660079037217
26 264 311.662813037217
36 364 311.675194037217
37 374 311.676587037217
21 214 312.757010676483
14 145 315.264056228901
19 195 317.688576236585
5 54 322.165257754578
7 74 322.166676754578
32 325 324.19832945943
10 105 335.168096082622
35 354 335.176324082622
24 245 335.177730082622
1 15 341.261067669099
4 45 341.697615734692
11 115 341.698995734692
29 294 354.16737150011
7 75 354.17278750011
28 285 354.17414150011
3 35 354.18098950011
30 305 354.18240850011
22 224 354.18382750011
35 355 362.18883787474
20 205 362.19017887474
6 65 371.156898296577
0 4 371.158226296577
33 334 374.172975959353
33 335 374.175683959353
5 55 374.178482959353
25 255 374.181242959353
26 265 374.183989959353
39 394 374.199052959353
21 215 374.256762950582
8 85 374.259522950582
36 365 374.264990950582
15 154 374.269000950582
15 155 374.270406950582
37 375 374.271812950582
9 95 374.273153950582
34 345 374.274572950582
7 76 377.683112387235
3 36 377.688645387235
23 235 381.173171100797
12 125 381.184198100797
38 385 381.186958100797
31 315 381.188299100797
8 84 381.189666100797
29 295 381.2568381053
6 64 384.766157392309
16 164 384.771573760153
21 216 384.782367204757
23 236 385.686911061994
29 296 385.688278061994
4 46 385.697938061994
27 274 390.777524340708
36 366 392.181881699406
22 225 398.180969858797
0 5 398.190499858797
2 24 398.191905858797
18 185 398.193324858797
17 175 398.200185858797
27 275 398.255667840655
22 226 401.696019086015
1 16 415.181383715505
2 25 415.182802715505
2 26 415.184208715505
16 166 415.185601715505
16 165 418.677733647339
39 395 418.679087647339
3 37 421.768126107562
27 276 430.18353899882
25 256 430.18487999882
17 176 430.18907199882
30 306 430.19869299882
13 136 430.26265591454
6 66 430.26403591454
18 186 430.26542891454
13 137 430.26679591454
9 96 433.180996253309
5 56 441.157149599803
37 376 441.188746599803
11 116 441.198315599803
34 346 457.157611856878
19 196 457.158939856878
1 17 464.65562769212
38 386 464.66664169212
10 106 464.66804769212
13 135 464.67356769212
0 6 464.67906169212
36 367 470.265386992417
7 77 473.260838716403
11 117 473.262166990536
33 336 473.263508355134
39 396 473.264836355134
12 126 473.270227740296
17 177 473.2742254359
12 127 473.278262490056
35 357 473.360878289034
5 57 484.670726907282
20 206 484.673473907282
26 266 484.674840907282
26 267 484.676220907282
15 157 484.683055907282
35 356 487.655337722752
19 197 487.671845722752
15 156 487.673225722752
28 286 493.267991952032
14 146 493.269397952032
14 147 493.270803952032
18 187 493.272170952032
34 347 493.281726952032
1 18 493.283119952032
4 47 509.687976985884
0 7 513.669986489876
20 207 513.675467489876
24 246 513.676873489876
31 317 513.678227489876
29 297 513.679568489876
2 27 513.686481489876
31 316 513.687874489876
27 277 513.692001489876
24 247 518.155620983931
24 248 518.174914983931
2 28 529.159618691058
38 388 551.180786863745
31 318 551.189014863745
23 237 551.190342863745
23 238 551.191709863745
30 307 551.193063863745
30 308 551.197151863745
26 268 551.198518863745
28 287 551.199898863745
28 288 551.255617763953
0 8 553.682495023933
2 29 553.686609023933
11 118 554.656862820534
9 99 554.660898820534
11 119 555.658191274843
33 338 555.680011274843
16 167 558.178611470116
16 168 558.180004470116
21 217 558.185511470116
19 198 577.661207753423
39 397 577.662600753423
34 348 577.663941753423
5 58 577.667977753423
37 378 577.669305753423
39 398 577.670633753423
21 218 577.681699753423
16 169 577.684433753423
21 219 577.687206753423
7 79 577.688560753423
0 9 577.689940753423
39 399 577.692661753423
3 38 605.175098765643
6 69 605.176426765643
29 298 605.177832765643
29 299 605.179225765643
1 19 605.180618765643
5 59 605.181985765643
36 368 605.188781765643
22 227 605.190187765643
22 228 605.191515765643
32 328 605.192882765643
25 257 605.194249765643
10 107 605.196970765643
24 249 605.198350765643
25 259 605.199678765643
32 327 605.257159487678
9 98 605.258487487678
20 209 605.259828487678
3 39 605.261221487678
27 279 605.264007487678
34 349 605.265426487678
38 389 605.269618487678
18 189 605.271024487678
26 269 605.272430487678
