46 460 45.155486550564
61 610 52.755615105829
63 630 53.655626152003
45 450 53.658347152003
57 570 53.659753152003
71 710 57.655546330382
47 470 57.656887330382
49 490 57.658241330382
60 600 74.155633617858
44 440 74.157000617858
65 650 76.65553670443
79 790 76.65690370443
48 480 76.65825770443
69 690 78.755577713249
62 620 78.759600713249
53 530 78.762373713249
43 430 87.658358076962
40 400 87.659777076962
55 550 87.661118076962
52 520 87.662524076962
58 580 87.663852076962
70 700 87.665258076962
59 590 87.666638076962
77 770 87.668018076962
56 560 87.669424076962
66 660 87.670778076962
73 730 87.674801076962
67 670 101.267062459263
50 500 101.269731913899
40 401 101.287284187079
42 421 101.298000550987
68 680 101.299341550987
72 720 101.36223991058
54 541 101.364948361376
74 740 101.370390720882
75 750 103.655572098355
51 510 103.656926098355
76 760 103.669203098355
75 751 103.680178098355
61 611 105.880828141787
69 691 108.18341807406
54 540 108.18620407406
48 481 112.264883973986
79 791 121.85561449109
60 601 121.86392049109
43 431 122.170563755461
41 410 123.263771259502
44 441 123.288066129546
70 701 123.289446129546
42 420 125.660293139409
78 780 125.667245139409
56 561 125.672817139409
68 681 125.689299139409
64 640 125.700157139409
55 551 125.755611138481
58 581 125.756952138481
47 471 132.782222608114
66 661 132.783641608114
45 451 132.789044608114
50 501 132.793158608114
65 651 132.794564608114
73 731 132.795905608114
52 521 132.800032608114
76 761 139.289223063105
41 411 154.156965312511
44 442 154.182834312511
71 711 154.184227312511
54 542 159.174937942587
78 781 175.664482645264
72 721 175.665875645264
77 771 175.667281645264
50 502 175.671447645264
51 511 175.677084645264
51 512 175.682604645264
67 672 176.799222310107
64 641 177.773603287744
59 591 179.165463798315
43 432 179.25988413163
56 562 179.26403713163
57 571 182.655451776598
62 621 182.656831776598
57 572 182.658198776598
74 741 182.671959776598
66 662 182.691149776598
42 422 187.266460844698
62 622 207.256864525787
71 712 207.263855525787
41 412 207.267904525787
74 742 207.269271525787
64 642 208.156765379566
65 652 208.158184379566
55 552 208.159564379566
78 782 208.167636379566
77 772 208.169003379566
53 532 208.171841379566
72 722 208.178754379566
61 612 208.182855379566
53 531 208.184209379566
59 592 208.185628379566
52 522 208.186982379566
67 671 209.755382340808
40 402 218.157257545847
40 403 218.196812993347
60 602 218.267723988739
47 472 218.282619287699
68 682 218.290964287699
41 413 218.678834607868
46 461 218.687062607868
73 732 224.96576623309
69 692 224.96717223309
58 582 234.657030023397
70 702 234.667901023397
58 583 234.671963023397
73 733 234.673343023397
42 423 234.676142023397
79 792 236.171868933386
62 623 245.68422484874
56 563 248.159835703233
67 673 248.161176703233
46 462 249.18154703173
63 632 249.18291403173
50 503 249.18426803173
76 762 249.18563503173
51 513 253.764178249544
75 752 253.765597249544
55 553 253.787729249544
75 753 257.268911146647
77 773 257.270330146647
52 523 257.271671146647
59 593 257.274418146647
76 763 267.19682744582
63 633 267.259813776444
43 433 268.960559723686
66 663 268.971417723686
64 643 268.976885723686
63 631 269.661171787554
55 554 269.688381787554
40 404 280.170883559568
79 793 289.161791418111
71 713 289.165905418111
43 434 289.168639418111
79 794 289.178208418111
52 524 292.266459266307
50 504 292.267878266307
77 774 292.270573266307
69 693 296.170552573857
65 653 296.175994573857
53 533 296.177413573857
72 723 296.178741573857
57 573 296.192181598343
64 644 296.193574598343
56 564 296.68480155901
51 514 298.256756113701
60 603 298.258097113701
78 783 298.265010984957
67 674 298.269073856213
61 613 298.273265856213
68 683 299.286250808221
68 684 299.299998808221
78 784 300.678953909907
42 424 300.681778909907
47 474 303.255594622813
47 473 308.784263942826
75 754 308.789731942826
66 664 314.261030111982
70 703 321.255607751305
70 704 321.258393751305
53 534 321.265254751305
59 594 321.266634751305
76 764 324.161790916763
57 574 324.186318916763
54 543 337.161097362358
71 714 337.178829504253
58 584 337.190911628375
69 694 350.18942470722
73 734 350.256952326417
65 654 350.268122326417
59 595 350.286101326417
74 744 352.863125855463
60 604 352.865820855463
74 745 355.262268560477
61 614 373.661399518462
61 615 373.662779518462
62 624 373.669627518462
63 635 373.673741518462
64 645 373.675108518462
58 585 382.187533558264
65 655 382.188874558264
47 475 384.668184360669
57 575 384.669577360669
53 535 384.670996360669
77 775 384.675123360669
70 705 384.680552360669
72 725 384.683299360669
56 565 384.684640360669
62 625 384.685994360669
79 795 384.687374360669
75 755 384.688728360669
73 735 384.691514360669
72 724 384.694326360669
40 405 385.885433695993
69 695 385.886787695993
68 685 385.888115695993
60 605 385.889443695993
58 586 391.186019562781
54 545 397.757942980434
49 495 397.777042548596
78 785 397.785166548596
63 634 403.659679830247
51 515 403.672034830247
59 596 403.674755830247
71 715 403.681707830247
60 606 404.181672383959
76 765 407.798224513613
47 476 407.861011509301
52 525 407.863797509301
52 526 407.870146950021
75 756 418.791450009261
67 676 419.781734359636
67 675 433.756023183413
77 776 434.95969580494
78 786 435.165141796815
57 576 435.166469796815
50 505 435.169203796815
50 506 435.170609796815
56 566 435.177496796815
64 646 435.178889796815
40 406 435.181675796815
51 516 455.159939410967
54 544 455.188659410967
40 407 455.190013410967
68 686 463.87659544136
62 626 463.87796244136
77 777 465.789291323474
70 706 474.157591385904
66 666 484.877533320569
73 736 484.887154320569
71 716 484.888547320569
72 726 484.889875320569
74 746 484.891268320569
65 656 484.892609320569
54 547 484.895369320569
55 556 484.959647320807
79 796 484.961014320807
69 696 484.962355320807
55 557 484.963748320807
63 636 492.270553561412
76 766 492.277492561412
60 607 492.278833561412
56 567 492.280174561412
57 577 492.281593561412
51 517 496.191787185433
72 727 498.171755893667
66 665 498.173174893667
73 737 498.175960893667
67 677 498.177301893667
61 616 498.188211893667
53 536 498.189591893667
79 797 498.193653893667
61 617 498.195046893667
70 707 499.791404269813
53 537 520.676594106614
72 728 532.188790166903
40 408 532.191589166903
52 528 532.192969166903
55 558 540.28389377172
43 437 540.29361877172
43 438 540.29499877172
71 717 540.29773277172
71 718 540.355547770692
66 667 550.868797859745
75 757 550.870125859745
63 637 550.874187859745
62 627 550.875541859745
66 668 550.876947859745
69 697 550.878288859745
76 767 550.882402859745
65 657 550.886490859745
53 538 550.887896859745
62 628 550.889315859745
57 578 550.890643859745
65 658 550.892049859745
60 608 550.893416859745
69 698 550.894809859745
78 787 550.897582859745
59 597 550.899001859745
78 788 550.955576857074
68 687 551.795872732865
49 498 552.661077063974
52 527 553.776988223873
58 587 553.796191223873
68 688 553.798938223873
73 738 553.856999313569
64 647 558.174845425396
