96 830 92.35686398546
53 840 92.363445093428
29 840 92.363445093428
64 970 128.175873756031
58 970 128.175873756031
80 970 128.175873756031
13 980 128.177214756031
80 980 128.177214756031
64 890 128.18123782278
58 890 128.18123782278
0 890 128.18123782278
58 971 128.183945852399
80 971 128.183945852399
18 881 134.258349773769
93 850 134.657378566424
45 990 134.668969066147
65 990 134.668969066147
93 990 134.668969066147
93 991 134.671703066147
97 831 136.681038317227
83 821 136.682392317227
97 821 136.682392317227
83 820 136.685074656751
36 820 136.685074656751
97 820 136.685074656751
7 851 136.689123996274
36 851 136.689123996274
97 851 136.689123996274
12 871 177.17948724233
27 871 177.17948724233
38 871 177.17948724233
98 841 177.18366624233
43 841 177.18366624233
38 841 177.18366624233
43 981 177.18508524233
38 981 177.18508524233
98 891 177.18645224233
43 891 177.18645224233
38 891 177.18645224233
69 962 196.359097759143
44 810 196.361870759143
69 810 196.361870759143
50 880 196.367533759143
44 880 196.367533759143
69 880 196.367533759143
11 811 197.668638490803
67 811 197.668638490803
35 802 197.682568490803
67 802 197.682568490803
14 892 216.658127793621
81 892 216.658127793621
81 842 216.677008451873
84 852 216.756682790964
12 852 216.756682790964
81 852 216.756682790964
43 982 216.758088790964
81 982 216.758088790964
40 861 217.661508755078
40 951 217.666976755078
40 952 217.668395755078
95 882 217.669788755078
40 882 217.669788755078
40 862 217.671129755078
46 822 219.265476212723
98 972 262.171086231509
84 972 262.171086231509
50 803 262.185384248025
28 803 262.185384248025
84 983 263.28494228697
80 983 263.28494228697
76 872 269.182388591161
9 872 269.182388591161
32 872 269.182388591161
12 813 269.199940497157
75 813 269.199940497157
32 813 269.199940497157
18 993 286.699168563018
51 993 286.699168563018
9 993 286.699168563018
51 844 286.758147300029
9 844 286.758147300029
51 893 304.173854076956
77 893 304.173854076956
19 893 304.173854076956
8 823 305.169125228053
83 853 305.656823712756
51 953 306.17008264639
52 953 306.17008264639
84 953 306.17008264639
84 834 306.18255464639
58 832 306.18392164639
66 832 306.18392164639
84 832 306.18392164639
14 804 312.681525102123
10 863 331.673460980169
4 973 331.676207980169
86 973 331.676207980169
10 973 331.676207980169
10 864 331.677535980169
53 884 335.174562124224
98 884 335.174562124224
11 954 335.182855124224
98 954 335.182855124224
37 974 371.677711463727
20 974 371.677711463727
8 974 371.677711463727
8 805 371.680484463727
8 815 371.681877463727
7 854 373.261551548517
58 994 378.677839048259
58 995 378.679258048259
58 835 384.674932027457
81 835 384.674932027457
37 825 393.673521523153
36 825 393.673521523153
49 955 393.687284076499
36 955 393.687284076499
67 855 393.691411850665
49 855 393.691411850665
36 855 393.691411850665
49 975 393.692739850665
36 975 393.692739850665
3 895 397.669945841084
7 895 397.669945841084
69 885 417.286489531983
47 885 417.286489531983
22 885 417.286489531983
60 845 417.287895531983
22 845 417.287895531983
13 874 438.362769837721
13 875 438.364162837721
84 865 458.173674662321
86 894 458.176434662321
84 894 458.176434662321
84 866 458.177762662321
19 965 458.183230662321
34 965 458.183230662321
84 965 458.183230662321
19 964 459.161384365793
47 964 459.161384365793
72 886 459.165433365793
47 886 459.165433365793
1 806 461.268697858962
80 816 461.270025858962
1 816 461.270025858962
89 986 462.662541173022
98 876 462.66795811517
89 876 462.66795811517
56 976 462.670679586244
89 976 462.670679586244
68 856 463.762296864198
40 856 463.762296864198
35 966 482.36733035209
70 956 488.784346438617
17 956 488.784346438617
73 807 503.167097991572
72 807 503.167097991572
49 826 503.168438991572
48 826 503.168438991572
72 826 503.168438991572
49 996 503.169831991572
48 996 503.169831991572
72 996 503.169831991572
72 957 503.173958991572
24 857 526.770896944374
52 887 548.77313779791
52 867 548.77868379791
52 888 548.78419079791
81 977 549.263850565381
21 977 549.263850565381
86 977 549.263850565381
97 817 549.265269565381
86 817 549.265269565381
86 978 549.266649565381
66 878 549.267977565381
86 878 549.267977565381
63 897 572.662043066634
39 897 572.662043066634
39 808 572.663371066634
54 997 572.666105066634
39 997 572.666105066634
21 898 591.68425541242
38 858 591.68708041242
89 858 591.68708041242
21 858 591.68708041242
93 987 592.164451069375
98 847 592.165831069375
93 847 592.165831069375
98 848 592.167198069375
93 848 592.167198069375
93 988 592.168578069375
