38 380 41.15540470585
8 80 48.160797480263
63 630 53.655417037246
39 390 63.65543015014
49 490 63.65679715014
79 790 63.66098915014
48 480 63.66239515014
8 81 70.159621471343
69 690 78.755479741592
3 30 78.756846741592
9 90 78.758187741592
24 240 78.759580741592
29 290 80.655469852907
29 291 80.662241431679
18 180 97.158011800301
53 530 97.159430800301
84 840 97.160849800301
78 780 97.162190800301
18 181 97.163609800301
44 440 97.164937800301
4 40 102.669747962763
74 740 102.671075962763
14 140 102.673900962763
9 91 102.676738962763
68 680 102.678157962763
73 730 107.180955490359
58 580 111.657072917288
3 31 111.658478917288
33 330 111.685780138146
28 280 111.695297332312
28 281 111.696651332312
34 340 111.699385332312
4 41 111.755389065849
54 541 111.759503065849
59 590 112.177828545361
54 540 112.195780037724
69 691 112.268940319217
39 391 124.170246757787
43 430 124.177094757787
43 431 124.179815757787
14 141 124.183981757787
19 190 124.185348757787
19 191 124.188043757787
63 631 124.190764757787
33 331 124.192105757787
94 940 124.193524757787
13 130 124.197625757787
13 131 124.198953757787
89 890 124.255603755055
98 980 124.257009755055
64 640 124.258389755055
64 641 124.259743755055
93 930 134.655455342562
83 830 134.658176342562
34 341 134.663592342562
99 990 134.669060342562
73 731 134.670440342562
99 991 134.673135342562
48 481 134.684149342562
24 241 134.690971342562
38 381 134.695189342562
13 132 138.690982181913
53 531 138.692375181913
83 831 138.693729181913
74 741 138.695057181913
93 931 144.195026927628
54 542 159.168906648996
23 231 159.197509648996
18 182 159.198902648996
59 591 173.189189877471
94 941 173.198564040365
88 880 176.690967907857
73 732 198.756898745702
58 582 198.761025745702
53 532 198.773419745702
34 342 198.776179745702
68 681 200.160082417567
89 891 200.162829417567
68 682 200.165589417567
14 142 200.175210417567
43 432 200.176603417567
9 92 200.177944417567
74 742 200.179337417567
4 42 200.180704417567
38 382 200.184870417567
69 692 200.186237417567
24 242 202.668817353452
23 232 202.675730353452
29 292 210.762808660918
39 392 210.769604660918
83 832 210.772286660918
89 892 210.773653660918
98 981 210.779212660918
59 592 210.791528660918
84 841 210.858260656916
84 842 212.259733614812
3 32 220.19851766801
19 192 224.660199990174
63 632 224.665758990174
49 491 224.686562990174
8 82 224.687942990174
79 791 229.664885497239
79 792 229.666252497239
88 881 229.669025497239
88 882 229.670379497239
64 642 229.671772497239
28 282 229.673126497239
78 781 229.683947492977
78 782 229.685301492977
3 33 229.687984060033
94 942 229.694819627089
8 83 247.171189276397
34 343 251.174467876798
19 193 251.178503876798
98 982 256.166311911544
23 233 256.167691911544
59 593 256.186868911544
39 393 256.188248911544
69 693 256.189589911544
4 43 256.190917911544
4 44 256.192297911544
28 283 271.180434060131
9 93 271.192776060131
14 143 271.195614060131
33 332 271.196981060131
43 433 285.656893305732
43 434 285.662335305732
3 34 285.663689305732
34 344 300.169892255115
18 184 300.171311255115
24 244 300.172665255115
53 533 300.174019255115
18 183 300.175399255115
19 194 300.186543255115
23 234 300.189264255115
69 694 300.190657255115
89 893 302.666973124174
9 94 302.675188124174
8 84 310.282372457529
78 783 310.285158457529
98 983 310.290626457529
63 633 312.163548043013
83 833 312.164902043013
13 133 312.166308043013
78 784 312.167649043013
8 85 312.182738043013
33 333 315.1622620448
58 583 315.294217257595
58 584 315.298266767702
19 195 317.672135464511
13 134 317.677720464511
93 934 322.182342211304
53 534 322.185063211304
4 45 322.186469211304
23 235 322.187836211304
54 544 322.189255211304
14 144 328.19157793972
24 243 334.669261791515
94 944 334.673324300001
24 245 334.697595859403
63 634 335.162737554007
54 543 335.26381879003
89 894 353.664703921613
93 933 361.177214921456
53 535 361.190897921456
59 594 361.193579921456
59 595 361.194985921456
3 35 373.658374953249
89 895 373.666524953249
3 36 373.667930953249
34 345 373.674869953249
39 394 385.675912130143
23 236 385.678672130143
94 943 388.274581196094
54 545 393.662435721479
69 695 393.663763721479
49 494 393.669309721479
49 495 393.670676721479
94 945 393.673410721479
98 984 401.166212658167
9 96 401.185222644863
39 396 401.186602644863
54 546 401.188021644863
9 95 401.189349644863
39 395 401.190703644863
4 46 424.669100421253
18 185 424.670467421253
14 145 424.678682421253
13 136 462.6825064173
34 346 462.6853184173
93 935 462.6881304173
78 785 462.6922574173
93 936 466.76827471972
89 896 466.77099571972
9 97 466.77371671972
14 147 491.155646633409
19 196 491.157013633409
19 197 491.159669633409
53 536 491.161023633409
13 137 491.163796633409
3 37 491.165189633409
14 148 491.167885234825
43 436 506.257005526542
24 246 506.261132526542
18 187 508.179660108505
14 146 508.186443108505
8 86 526.188308205188
53 537 537.158052791158
4 47 537.160812791158
23 237 544.674125768812
23 238 544.675492768812
69 697 544.758894592127
63 636 544.761615592127
63 637 544.762956592127
3 38 544.768320592127
69 698 544.769739592127
53 538 544.771158592127
8 88 544.777495309105
19 198 544.778914309105
24 247 544.780307309105
24 248 544.781635309105
18 186 550.266532005111
8 87 550.269227005111
39 397 550.681158690793
9 98 554.658235279539
54 547 570.190496380524
54 548 570.191889380524
9 99 576.658365285845
