62 570 53.659753152003
63 570 53.659753152003
65 790 76.65690370443
69 620 78.759600713249
69 530 78.762373713249
24 550 87.661118076962
55 520 87.662524076962
24 520 87.662524076962
24 580 87.663852076962
24 700 87.665258076962
70 590 87.666638076962
24 590 87.666638076962
24 770 87.668018076962
24 560 87.669424076962
56 660 87.670778076962
24 660 87.670778076962
56 730 87.674801076962
24 730 87.674801076962
30 670 101.267062459263
3 670 101.267062459263
67 500 101.269731913899
30 500 101.269731913899
3 500 101.269731913899
54 680 101.299341550987
3 680 101.299341550987
74 720 101.36223991058
54 720 101.36223991058
3 720 101.36223991058
3 541 101.364948361376
72 740 101.370390720882
54 740 101.370390720882
35 740 101.370390720882
75 510 103.656926098355
75 760 103.669203098355
30 540 108.18620407406
69 540 108.18620407406
70 601 121.86392049109
79 601 121.86392049109
28 780 125.667245139409
80 780 125.667245139409
80 561 125.672817139409
80 681 125.689299139409
58 640 125.700157139409
80 640 125.700157139409
13 551 125.755611138481
80 551 125.755611138481
80 581 125.756952138481
93 661 132.783641608114
93 501 132.793158608114
93 651 132.794564608114
6 731 132.795905608114
93 731 132.795905608114
6 521 132.800032608114
93 521 132.800032608114
58 761 139.289223063105
25 711 154.184227312511
37 711 154.184227312511
44 711 154.184227312511
98 781 175.664482645264
31 781 175.664482645264
93 781 175.664482645264
36 721 175.665875645264
50 721 175.665875645264
93 721 175.665875645264
36 771 175.667281645264
50 771 175.667281645264
93 771 175.667281645264
93 502 175.671447645264
93 511 175.677084645264
93 512 175.682604645264
24 672 176.799222310107
99 672 176.799222310107
20 641 177.773603287744
38 641 177.773603287744
20 591 179.165463798315
4 562 179.26403713163
38 562 179.26403713163
20 562 179.26403713163
57 621 182.656831776598
22 741 182.671959776598
38 741 182.671959776598
57 741 182.671959776598
20 662 182.691149776598
57 662 182.691149776598
62 712 207.263855525787
98 742 207.269271525787
43 742 207.269271525787
62 742 207.269271525787
64 652 208.158184379566
64 552 208.159564379566
55 782 208.167636379566
64 782 208.167636379566
78 772 208.169003379566
55 772 208.169003379566
64 772 208.169003379566
1 532 208.171841379566
34 532 208.171841379566
64 532 208.171841379566
53 722 208.178754379566
34 722 208.178754379566
64 722 208.178754379566
72 612 208.182855379566
64 612 208.182855379566
72 531 208.184209379566
64 531 208.184209379566
95 592 208.185628379566
40 592 208.185628379566
64 592 208.185628379566
8 522 208.186982379566
86 522 208.186982379566
64 522 208.186982379566
40 602 218.267723988739
30 682 218.290964287699
40 682 218.290964287699
21 732 224.96576623309
50 732 224.96576623309
12 732 224.96576623309
21 692 224.96717223309
50 692 224.96717223309
12 692 224.96717223309
73 582 234.657030023397
61 702 234.667901023397
73 702 234.667901023397
73 583 234.671963023397
42 792 236.171868933386
15 792 236.171868933386
88 623 245.68422484874
56 673 248.161176703233
82 632 249.18291403173
27 632 249.18291403173
27 503 249.18426803173
66 762 249.18563503173
25 762 249.18563503173
27 762 249.18563503173
0 513 253.764178249544
10 513 253.764178249544
10 752 253.765597249544
92 553 253.787729249544
10 553 253.787729249544
10 753 257.268911146647
91 753 257.268911146647
10 773 257.270330146647
91 773 257.270330146647
92 523 257.271671146647
10 523 257.271671146647
91 523 257.271671146647
92 593 257.274418146647
10 593 257.274418146647
91 593 257.274418146647
32 763 267.19682744582
76 633 267.259813776444
32 633 267.259813776444
98 663 268.971417723686
84 663 268.971417723686
98 643 268.976885723686
84 643 268.976885723686
39 631 269.661171787554
55 631 269.661171787554
43 713 289.165905418111
79 713 289.165905418111
24 524 292.266459266307
17 524 292.266459266307
52 504 292.267878266307
24 504 292.267878266307
17 504 292.267878266307
17 774 292.270573266307
97 693 296.170552573857
64 693 296.170552573857
64 653 296.175994573857
65 533 296.177413573857
64 533 296.177413573857
65 723 296.178741573857
64 723 296.178741573857
19 573 296.192181598343
17 573 296.192181598343
64 573 296.192181598343
90 564 296.68480155901
11 603 298.258097113701
18 603 298.258097113701
51 603 298.258097113701
67 783 298.265010984957
51 783 298.265010984957
51 674 298.269073856213
9 613 298.273265856213
51 613 298.273265856213
92 683 299.286250808221
67 683 299.286250808221
84 683 299.286250808221
52 684 299.299998808221
84 684 299.299998808221
82 784 300.678953909907
66 754 308.789731942826
96 754 308.789731942826
8 754 308.789731942826
17 664 314.261030111982
39 534 321.265254751305
70 534 321.265254751305
39 594 321.266634751305
70 594 321.266634751305
10 574 324.186318916763
76 574 324.186318916763
81 543 337.161097362358
92 714 337.178829504253
27 714 337.178829504253
82 714 337.178829504253
82 584 337.190911628375
35 694 350.18942470722
35 734 350.256952326417
95 654 350.268122326417
35 654 350.268122326417
35 595 350.286101326417
74 604 352.865820855463
98 745 355.262268560477
3 614 373.661399518462
89 615 373.662779518462
3 615 373.662779518462
4 624 373.669627518462
93 624 373.669627518462
3 624 373.669627518462
3 635 373.673741518462
63 645 373.675108518462
3 645 373.675108518462
21 585 382.187533558264
83 655 382.188874558264
58 655 382.188874558264
21 655 382.188874558264
94 575 384.669577360669
57 535 384.670996360669
94 535 384.670996360669
94 775 384.675123360669
94 705 384.680552360669
70 725 384.683299360669
94 725 384.683299360669
72 565 384.684640360669
70 565 384.684640360669
94 565 384.684640360669
79 625 384.685994360669
70 625 384.685994360669
94 625 384.685994360669
70 795 384.687374360669
94 795 384.687374360669
70 755 384.688728360669
94 755 384.688728360669
56 735 384.691514360669
94 735 384.691514360669
37 724 384.694326360669
94 724 384.694326360669
73 695 385.886787695993
90 695 385.886787695993
69 685 385.888115695993
73 685 385.888115695993
90 685 385.888115695993
90 605 385.889443695993
36 545 397.757942980434
53 785 397.785166548596
49 785 397.785166548596
36 785 397.785166548596
85 634 403.659679830247
59 634 403.659679830247
52 515 403.672034830247
17 515 403.672034830247
59 515 403.672034830247
60 715 403.681707830247
98 715 403.681707830247
59 715 403.681707830247
47 765 407.798224513613
22 765 407.798224513613
22 525 407.863797509301
22 526 407.870146950021
1 676 419.781734359636
78 576 435.166469796815
85 505 435.169203796815
57 505 435.169203796815
78 505 435.169203796815
85 506 435.170609796815
57 506 435.170609796815
78 506 435.170609796815
77 566 435.177496796815
78 566 435.177496796815
56 646 435.178889796815
77 646 435.178889796815
78 646 435.178889796815
89 516 455.159939410967
15 544 455.188659410967
40 544 455.188659410967
89 544 455.188659410967
40 686 463.87659544136
84 626 463.87796244136
40 626 463.87796244136
97 777 465.789291323474
68 706 474.157591385904
35 666 484.877533320569
35 736 484.887154320569
51 716 484.888547320569
35 716 484.888547320569
35 726 484.889875320569
72 746 484.891268320569
35 746 484.891268320569
72 656 484.892609320569
35 656 484.892609320569
72 547 484.895369320569
35 547 484.895369320569
35 556 484.959647320807
55 796 484.961014320807
35 796 484.961014320807
79 696 484.962355320807
55 696 484.962355320807
35 696 484.962355320807
35 557 484.963748320807
8 636 492.270553561412
7 636 492.270553561412
33 766 492.277492561412
7 766 492.277492561412
33 607 492.278833561412
7 607 492.278833561412
8 567 492.280174561412
7 567 492.280174561412
8 577 492.281593561412
7 577 492.281593561412
96 665 498.173174893667
73 665 498.173174893667
72 665 498.173174893667
72 737 498.175960893667
73 677 498.177301893667
72 677 498.177301893667
82 616 498.188211893667
55 616 498.188211893667
72 616 498.188211893667
31 536 498.189591893667
79 536 498.189591893667
72 536 498.189591893667
95 797 498.193653893667
72 797 498.193653893667
79 617 498.195046893667
95 617 498.195046893667
72 617 498.195046893667
14 707 499.791404269813
13 537 520.676594106614
24 537 520.676594106614
46 728 532.188790166903
86 528 532.192969166903
46 528 532.192969166903
16 717 540.29773277172
90 717 540.29773277172
55 717 540.29773277172
55 718 540.355547770692
66 757 550.870125859745
87 637 550.874187859745
66 637 550.874187859745
87 627 550.875541859745
66 627 550.875541859745
66 697 550.878288859745
57 767 550.882402859745
8 767 550.882402859745
66 767 550.882402859745
53 657 550.886490859745
8 657 550.886490859745
66 657 550.886490859745
8 538 550.887896859745
66 538 550.887896859745
8 628 550.889315859745
66 628 550.889315859745
8 578 550.890643859745
66 578 550.890643859745
66 658 550.892049859745
69 608 550.893416859745
65 608 550.893416859745
66 608 550.893416859745
65 698 550.894809859745
66 698 550.894809859745
1 787 550.897582859745
66 787 550.897582859745
78 597 550.899001859745
1 597 550.899001859745
66 597 550.899001859745
1 788 550.955576857074
66 788 550.955576857074
88 687 551.795872732865
4 527 553.776988223873
99 527 553.776988223873
97 527 553.776988223873
88 587 553.796191223873
97 587 553.796191223873
88 688 553.798938223873
97 688 553.798938223873
88 738 553.856999313569
97 738 553.856999313569
6 647 558.174845425396
53 647 558.174845425396
94 647 558.174845425396
