62 250 53.661014462782
63 250 53.661014462782
25 620 56.660891955308
60 310 74.157001749662
65 260 76.656897599456
65 790 76.658225599456
24 320 78.769303703364
69 320 78.769303703364
70 330 78.772115703364
24 330 78.772115703364
69 330 78.772115703364
70 350 78.773443703364
24 350 78.773443703364
69 350 78.773443703364
32 270 78.774784703364
24 270 78.774784703364
69 270 78.774784703364
24 770 78.776190703364
69 770 78.776190703364
26 650 79.156897750033
53 780 83.161223626064
53 370 83.165428626064
3 700 101.258803261505
70 300 101.260144261505
3 300 101.260144261505
30 670 101.265729261505
3 670 101.265729261505
47 730 101.271171261505
56 730 101.271171261505
3 730 101.271171261505
3 301 101.272564261505
3 351 101.273983261505
35 271 101.275350261505
3 271 101.275350261505
73 660 102.662330088055
96 660 102.662330088055
75 760 103.688008089175
11 601 121.856936544114
79 601 121.856936544114
70 251 121.862391544114
79 251 121.862391544114
79 701 121.866609544114
4 720 122.162168424954
70 291 123.288412767842
80 280 124.159451765038
80 281 124.160818765038
68 340 124.164945765038
80 340 124.164945765038
72 740 124.168968765038
68 740 124.168968765038
80 740 124.168968765038
16 631 124.186869765038
80 631 124.186869765038
14 311 126.967019885881
16 311 126.967019885881
13 640 142.16402237236
13 641 142.16679537236
13 761 142.18614137236
13 360 142.18890137236
13 361 142.19030737236
36 721 142.19719437236
13 721 142.19719437236
85 341 142.19998037236
83 341 142.19998037236
13 341 142.19998037236
85 661 142.255728927872
83 661 142.255728927872
13 661 142.255728927872
36 771 142.257095927872
13 771 142.257095927872
7 381 142.258655115285
83 381 142.258655115285
13 381 142.258655115285
50 331 149.664327178865
17 371 149.758295183419
50 371 149.758295183419
38 272 167.182814267694
29 711 167.185522441057
88 711 167.185522441057
89 781 167.199051895444
56 781 167.199051895444
38 781 167.199051895444
54 680 170.187054812795
93 680 170.187054812795
51 680 170.187054812795
93 372 170.192548812795
51 372 170.192548812795
27 602 186.664493570817
99 602 186.664493570817
60 362 186.665834570817
27 362 186.665834570817
99 362 186.665834570817
99 671 186.667253570817
24 672 187.367655418333
99 672 187.367655418333
66 672 187.367655418333
62 252 207.258141429354
29 710 207.266291939424
62 710 207.266291939424
81 321 207.268987449494
62 321 207.268987449494
12 742 207.279898469634
62 742 207.279898469634
53 792 208.16883261391
95 792 208.16883261391
64 792 208.16883261391
53 722 208.17017361391
95 722 208.17017361391
64 722 208.17017361391
47 282 208.17699561391
56 282 208.17699561391
64 282 208.17699561391
67 262 212.756775401399
29 262 212.756775401399
32 392 214.183815854743
60 352 216.684265829687
41 352 216.684265829687
19 762 216.687064829687
94 762 216.687064829687
41 762 216.687064829687
3 782 216.688483829687
41 782 216.688483829687
78 651 216.689863829687
3 651 216.689863829687
41 651 216.689863829687
78 652 216.691204829687
3 652 216.691204829687
41 652 216.691204829687
1 731 216.692597829687
41 731 216.692597829687
2 772 216.696802829687
41 772 216.696802829687
41 682 216.765259825167
40 752 216.766639825167
15 752 216.766639825167
41 752 216.766639825167
68 302 216.768006825167
41 302 216.768006825167
30 681 216.769399825167
41 681 216.769399825167
41 303 216.772120825167
58 732 230.672505048177
96 732 230.672505048177
70 612 230.682230048177
8 612 230.682230048177
96 612 230.682230048177
84 391 235.196422682069
74 391 235.196422682069
74 263 235.199131177367
29 603 250.175742366519
29 753 250.182629366519
29 623 250.189412366519
1 353 250.197614366519
92 353 250.197614366519
29 353 250.197614366519
92 383 250.198994366519
29 383 250.198994366519
92 393 250.258129398372
77 393 250.258129398372
29 393 250.258129398372
29 773 250.259522398372
10 342 250.260889398372
77 342 250.260889398372
29 342 250.260889398372
10 343 250.262269398372
77 343 250.262269398372
29 343 250.262269398372
27 253 252.175910207372
27 283 252.191090207372
50 633 256.273203394495
28 633 256.273203394495
63 373 256.27725263093
50 373 256.27725263093
80 373 256.27725263093
8 702 256.36766052581
17 702 256.36766052581
80 702 256.36766052581
56 313 256.665146109645
56 673 256.668469131723
91 312 256.669797131723
44 312 256.669797131723
56 312 256.669797131723
56 284 256.759448159768
98 643 275.193883461753
76 643 275.193883461753
40 643 275.193883461753
46 322 277.680315059067
88 322 277.680315059067
55 322 277.680315059067
9 763 277.697956059067
55 763 277.697956059067
9 324 277.755393430242
55 324 277.755393430242
80 363 278.168726600246
19 344 278.194315698405
64 344 278.194315698405
90 254 299.665476471584
25 653 299.666804471584
90 653 299.666804471584
90 654 299.682961741296
90 774 299.692401011008
14 333 302.957543121484
27 314 302.967099121484
14 314 302.967099121484
89 683 303.688793251751
95 683 303.688793251751
50 683 303.688793251751
67 783 303.694170251751
50 783 303.694170251751
50 674 303.695550251751
67 294 303.696891251751
50 294 303.696891251751
83 264 304.163856995436
83 663 304.165275995436
78 634 304.167970995436
83 634 304.167970995436
83 784 304.169324995436
58 664 304.173412995436
83 664 304.173412995436
65 723 304.182929995436
51 723 304.182929995436
83 723 304.182929995436
78 713 305.682872388705
82 713 305.682872388705
8 712 305.687064388705
78 712 305.687064388705
82 712 305.687064388705
85 613 305.692636388705
83 613 305.692636388705
82 613 305.692636388705
70 304 321.25817214237
52 684 321.283820815114
9 684 321.283820815114
70 684 321.283820815114
92 644 321.359474246014
29 274 324.264804202765
81 274 324.264804202765
86 354 324.278177431132
76 354 324.278177431132
92 714 324.374601036714
32 714 324.374601036714
4 624 340.182652099551
46 624 340.182652099551
98 624 340.182652099551
38 734 340.184006099551
46 734 340.184006099551
98 734 340.184006099551
57 384 340.688382208673
93 384 340.688382208673
82 384 340.688382208673
82 275 340.698107208673
27 385 341.687079498109
35 693 357.657549344697
48 724 357.658890344697
35 724 357.658890344697
35 795 357.665699344697
21 265 357.668433344697
79 265 357.668433344697
35 265 357.668433344697
59 394 357.669800344697
35 394 357.669800344697
59 735 357.675294344697
35 735 357.675294344697
74 604 364.177602916752
28 793 364.180362916752
74 793 364.180362916752
74 285 364.181690916752
28 614 364.183044916752
74 614 364.183044916752
11 794 365.675015398511
75 794 365.675015398511
75 675 365.693007398511
85 335 365.694426398511
67 335 365.694426398511
75 335 365.694426398511
75 705 365.695754398511
70 725 365.698527398511
75 725 365.698527398511
2 395 370.695394602483
6 395 370.695394602483
3 395 370.695394602483
6 345 370.696787602483
3 345 370.696787602483
94 765 385.284736169445
94 365 385.288863169445
94 375 385.290269169445
84 255 387.260498536057
8 315 390.171521668166
58 315 390.171521668166
61 334 390.190452800103
90 334 390.190452800103
81 334 390.190452800103
61 295 390.193134989211
81 295 390.193134989211
90 615 390.195869178319
81 615 390.195869178319
8 625 390.681761947683
52 625 390.681761947683
62 364 392.768898472684
58 364 392.768898472684
7 364 392.768898472684
60 715 404.175855873286
71 655 404.17855141083
60 655 404.17855141083
73 694 404.255619196454
98 694 404.255619196454
73 695 404.258507186465
98 695 404.258507186465
47 775 404.293985152574
60 775 404.293985152574
7 756 414.79716510723
11 685 433.765842887894
67 685 433.765842887894
11 266 433.767183887894
67 266 433.767183887894
17 305 433.768537887894
67 305 433.768537887894
17 306 433.769891887894
67 306 433.769891887894
1 296 433.782116887894
67 296 433.782116887894
63 665 434.96370055285
93 665 434.96370055285
77 665 434.96370055285
93 645 434.96643455285
77 645 434.96643455285
64 635 434.96781455285
93 635 434.96781455285
77 635 434.96781455285
93 276 434.96922055285
77 276 434.96922055285
87 256 434.97893255285
77 256 434.97893255285
26 286 434.98441355285
11 286 434.98441355285
77 286 434.98441355285
77 646 434.98860555285
77 786 434.99685955285
32 746 450.172789404638
29 656 450.174182404638
32 656 450.174182404638
32 706 450.182423404638
30 396 450.183751404638
70 396 450.183751404638
32 396 450.183751404638
84 736 459.666021724679
47 736 459.666021724679
19 346 459.668781724679
47 346 459.668781724679
68 636 472.790023556962
15 636 472.790023556962
40 636 472.790023556962
68 257 474.177380047585
34 386 476.677279829567
1 386 476.677279829567
96 356 478.660770931339
17 766 478.667515364471
96 357 478.682384599735
88 726 478.685040599735
96 726 478.685040599735
70 267 478.693165310933
17 267 478.693165310933
17 707 478.695886588999
31 796 478.699896867065
70 796 478.699896867065
17 796 478.699896867065
95 797 487.676072325194
48 797 487.676072325194
35 797 487.676072325194
18 617 487.677426325194
55 617 487.677426325194
35 617 487.677426325194
92 307 497.268261034375
89 347 497.362322493141
14 347 497.362322493141
34 716 497.371879010623
14 716 497.371879010623
79 696 517.194795110271
73 696 517.194795110271
13 626 517.198818110271
95 626 517.198818110271
73 626 517.198818110271
79 316 517.200172110271
95 316 517.200172110271
73 316 517.200172110271
73 318 517.25692711029
28 376 518.165031114672
24 376 518.165031114672
85 287 518.166411114672
24 287 518.166411114672
18 616 522.200165236774
95 616 522.200165236774
94 616 522.200165236774
79 317 522.256928241065
95 317 522.256928241065
94 317 522.256928241065
55 388 541.28369138801
58 367 541.28503238801
16 367 541.28503238801
55 367 541.28503238801
16 717 541.28637338801
55 717 541.28637338801
43 336 541.28772738801
90 336 541.28772738801
55 336 541.28772738801
55 718 541.29466638801
86 607 542.684906765598
88 387 542.687731765598
86 387 542.687731765598
2 288 543.664073133139
2 297 543.665479133139
29 757 543.669619133139
2 757 543.669619133139
2 298 543.670986133139
2 748 543.677808133139
59 787 543.679162133139
28 787 543.679162133139
2 787 543.679162133139
2 308 543.683276133139
52 277 543.684695133139
2 277 543.684695133139
52 678 543.691595133139
2 678 543.691595133139
88 677 546.671735378214
52 677 546.671735378214
29 747 546.693594378214
30 747 546.693594378214
52 747 546.693594378214
67 688 546.697591378214
52 688 546.697591378214
51 668 560.669416767339
49 668 560.669416767339
53 647 561.198814119989
94 647 561.198814119989
64 627 561.257032119556
53 627 561.257032119556
94 627 561.257032119556
49 358 561.259727119556
94 358 561.259727119556
51 608 561.262474119556
49 608 561.262474119556
94 608 561.262474119556
65 377 561.265143119556
49 377 561.265143119556
94 377 561.265143119556
49 658 561.266471119556
94 658 561.266471119556
65 778 561.267838119556
49 778 561.267838119556
94 778 561.267838119556
57 767 561.269166119556
49 767 561.269166119556
94 767 561.269166119556
1 788 561.270494119556
49 788 561.270494119556
94 788 561.270494119556
9 337 566.25554377474
27 667 566.284083351201
49 667 566.284083351201
9 667 566.284083351201
93 348 604.685088936525
93 628 604.686494936525
98 368 604.690673936525
93 368 604.690673936525
93 349 604.755526677026
14 259 604.758260677026
93 259 604.758260677026
93 749 604.759653677026
