15 80 48.160797480263
69 30 78.756846741592
37 90 78.758187741592
69 90 78.758187741592
37 240 78.759580741592
69 240 78.759580741592
75 180 97.158011800301
75 181 97.163609800301
1 40 102.669747962763
96 40 102.669747962763
9 140 102.673900962763
1 140 102.673900962763
96 140 102.673900962763
1 91 102.676738962763
96 91 102.676738962763
54 41 111.755389065849
35 41 111.755389065849
43 141 124.183981757787
80 141 124.183981757787
43 190 124.185348757787
80 190 124.185348757787
43 191 124.188043757787
80 191 124.188043757787
80 130 124.197625757787
14 131 124.198953757787
80 131 124.198953757787
15 241 134.690971342562
93 241 134.690971342562
53 231 159.197509648996
45 231 159.197509648996
54 231 159.197509648996
45 182 159.198902648996
54 182 159.198902648996
43 142 200.175210417567
12 142 200.175210417567
30 142 200.175210417567
35 92 200.177944417567
12 92 200.177944417567
30 92 200.177944417567
43 42 200.180704417567
12 42 200.180704417567
30 42 200.180704417567
80 242 202.668817353452
67 242 202.668817353452
0 232 202.675730353452
67 232 202.675730353452
64 32 220.19851766801
72 32 220.19851766801
41 32 220.19851766801
46 192 224.660199990174
1 82 224.687942990174
3 82 224.687942990174
46 82 224.687942990174
22 83 247.171189276397
17 83 247.171189276397
59 193 251.178503876798
92 193 251.178503876798
75 193 251.178503876798
98 233 256.167691911544
80 233 256.167691911544
97 43 256.190917911544
55 43 256.190917911544
80 43 256.190917911544
97 44 256.192297911544
55 44 256.192297911544
80 44 256.192297911544
55 93 271.192776060131
21 143 271.195614060131
9 143 271.195614060131
55 143 271.195614060131
43 34 285.663689305732
90 184 300.171311255115
17 184 300.171311255115
90 244 300.172665255115
17 244 300.172665255115
65 183 300.175399255115
17 183 300.175399255115
17 194 300.186543255115
86 234 300.189264255115
77 234 300.189264255115
17 234 300.189264255115
50 94 302.675188124174
66 84 310.282372457529
83 133 312.166308043013
8 133 312.166308043013
66 134 317.677720464511
19 134 317.677720464511
23 45 322.186469211304
81 45 322.186469211304
81 235 322.187836211304
92 144 328.19157793972
10 243 334.669261791515
10 245 334.697595859403
39 96 401.185222644863
54 96 401.185222644863
69 95 401.189349644863
54 95 401.189349644863
22 46 424.669100421253
4 185 424.670467421253
22 185 424.670467421253
76 145 424.678682421253
47 145 424.678682421253
22 145 424.678682421253
10 136 462.6825064173
86 136 462.6825064173
1 136 462.6825064173
97 97 466.77371671972
14 196 491.157013633409
14 197 491.159669633409
26 137 491.163796633409
14 137 491.163796633409
26 37 491.165189633409
70 37 491.165189633409
14 37 491.165189633409
62 246 506.261132526542
17 246 506.261132526542
7 246 506.261132526542
82 187 508.179660108505
55 187 508.179660108505
72 187 508.179660108505
31 146 508.186443108505
95 146 508.186443108505
72 146 508.186443108505
43 86 526.188308205188
46 86 526.188308205188
0 47 537.160812791158
2 47 537.160812791158
55 237 544.674125768812
55 238 544.675492768812
69 38 544.768320592127
66 38 544.768320592127
57 88 544.777495309105
66 88 544.777495309105
57 198 544.778914309105
66 198 544.778914309105
66 247 544.780307309105
66 248 544.781635309105
0 186 550.266532005111
86 186 550.266532005111
7 186 550.266532005111
15 87 550.269227005111
11 87 550.269227005111
7 87 550.269227005111
