45 240 56.160632254257
24 140 56.161986254257
45 140 56.161986254257
8 340 68.658172680202
49 340 68.658172680202
65 440 83.859731740257
40 590 92.66562737655
27 590 92.66562737655
30 40 92.66695537655
40 40 92.66695537655
27 40 92.66695537655
15 241 100.774861647152
61 940 100.779040647152
24 940 100.779040647152
15 940 100.779040647152
69 540 112.175214080305
54 141 112.182088595481
69 141 112.182088595481
69 541 112.183481595481
72 740 115.163515478268
54 740 115.163515478268
3 740 115.163515478268
42 840 122.263922175755
31 840 122.263922175755
80 840 122.263922175755
97 640 130.258080210202
58 640 130.258080210202
64 890 130.259486210202
97 890 130.259486210202
58 890 130.259486210202
50 990 137.657500691374
73 341 173.664593760215
66 341 173.664593760215
20 641 176.661577103943
65 991 176.671799496485
20 991 176.671799496485
20 941 176.678712496485
43 142 178.667904065894
56 142 178.667904065894
38 142 178.667904065894
38 42 178.674791065894
12 741 178.677564065894
4 741 178.677564065894
38 741 178.677564065894
55 591 181.660982411711
99 591 181.660982411711
47 592 208.163778517238
56 592 208.163778517238
64 592 208.163778517238
12 742 212.669038448709
29 742 212.669038448709
62 742 212.669038448709
62 841 212.671707619539
62 842 212.681160132029
91 891 218.185800048076
96 891 218.185800048076
61 342 218.192739048076
96 342 218.192739048076
41 942 222.276258769023
81 942 222.276258769023
72 792 222.278992769023
41 792 222.278992769023
81 792 222.278992769023
3 892 225.171782721897
0 43 242.177194563008
51 43 242.177194563008
88 43 242.177194563008
96 442 246.665627404002
27 442 246.665627404002
55 593 256.694383125113
73 593 256.694383125113
80 593 256.694383125113
97 44 271.672232678466
55 44 271.672232678466
75 843 271.679041678466
9 843 271.679041678466
55 843 271.679041678466
51 893 278.171878157326
65 893 278.171878157326
64 893 278.171878157326
65 343 278.179924854394
64 343 278.179924854394
19 693 278.185302551462
64 693 278.185302551462
65 243 293.681674657546
51 243 293.681674657546
18 993 293.684421657546
51 993 293.684421657546
55 144 298.188974400654
83 143 300.657007037602
78 543 304.656935889922
8 543 304.656935889922
92 443 328.162951955
3 444 334.698401547198
81 444 334.698401547198
3 894 334.699820547198
81 894 334.699820547198
28 744 341.859906699242
27 45 350.18133635209
35 694 352.663895217649
35 944 352.667957332467
35 594 352.676107676921
6 345 366.662227568622
20 994 376.187447566783
58 994 376.187447566783
81 994 376.187447566783
20 995 376.188775566783
58 995 376.188775566783
81 995 376.188775566783
1 344 381.173953737551
80 344 381.173953737551
3 645 386.158156186467
84 645 386.158156186467
62 545 388.689912094639
58 545 388.689912094639
73 695 391.175383096363
90 695 391.175383096363
72 595 393.667191640457
36 595 393.667191640457
15 244 393.671202461167
36 244 393.671202461167
59 945 403.658165054355
22 46 422.669984713062
1 46 422.669984713062
20 446 440.68923950469
32 446 440.68923950469
26 746 440.69202550469
32 746 440.69202550469
76 544 459.676892720613
48 544 459.676892720613
47 544 459.676892720613
76 146 459.678285720613
48 146 459.678285720613
47 146 459.678285720613
49 996 459.682360720613
48 996 459.682360720613
47 996 459.682360720613
56 646 459.685094720613
78 646 459.685094720613
47 646 459.685094720613
12 795 476.670970564211
33 795 476.670970564211
68 795 476.670970564211
12 796 476.672324564211
33 796 476.672324564211
68 796 476.672324564211
33 696 476.675020375821
68 696 476.675020375821
55 797 476.689979901111
35 797 476.689979901111
83 946 479.175597838805
96 946 479.175597838805
77 846 484.16433073019
12 245 491.172561714842
17 245 491.172561714842
92 447 501.189417009386
92 897 501.197476009386
73 547 515.660996293809
0 445 515.662363293809
73 445 515.662363293809
0 47 515.663730293809
73 47 515.663730293809
79 246 515.674679293809
73 246 515.674679293809
73 947 515.682855293809
94 747 517.165097130587
43 148 537.69290778667
21 148 537.69290778667
7 148 537.69290778667
7 997 537.69564178667
67 548 564.681621339077
8 448 564.684342339077
60 448 564.684342339077
67 448 564.684342339077
60 697 572.666042169299
69 348 572.668802169299
60 348 572.668802169299
60 698 572.670130169299
60 948 572.686664169299
44 748 589.255428590821
21 748 589.255428590821
44 898 589.256847590821
21 898 589.256847590821
21 449 589.258175590821
21 798 589.264984590821
79 998 589.266377590821
21 998 589.266377590821
