61 610 52.755529514133
63 630 53.655397030484
71 710 57.655420373489
95 950 69.9556481897
60 600 74.155568257374
85 850 74.156896257374
65 650 76.655438248951
79 790 76.656779248951
87 870 76.658159248951
69 690 78.755616555293
62 620 78.757022555293
77 770 82.95675335331
70 700 82.95809435331
78 780 83.158206349442
84 840 83.162307349442
92 920 83.163674349442
96 960 92.35543198508
94 940 92.382711570052
76 760 92.384091570052
81 810 103.659692563055
75 751 103.673414563055
61 611 105.879516550091
66 660 107.163781312286
73 730 107.165122312286
83 830 107.170642312286
90 900 107.176045312286
69 691 116.755616443318
72 720 116.758311443318
74 740 116.759665443318
82 820 116.761006443318
89 890 116.762334443318
98 980 116.763675443318
86 860 116.777371443318
79 791 121.85563932368
88 880 121.85699332368
70 701 121.86394532368
88 881 121.86529932368
68 680 122.160425350265
63 631 122.171989745711
80 800 122.173369745711
75 750 122.174723745711
91 910 122.176116745711
80 801 122.180191745711
84 841 132.686089620962
77 771 132.688771620962
83 831 132.694304620962
72 721 132.695632620962
85 851 132.756978564571
93 930 134.655631521818
93 931 134.669648099886
65 651 134.671041099886
99 990 134.673827099886
99 991 134.680701099886
97 970 136.655628073116
64 640 142.159155560005
76 761 142.173033560005
97 971 142.193616560005
71 711 145.662366238529
86 861 145.693911238529
96 961 164.659078774415
78 781 167.670111466825
91 911 167.671491466825
81 811 167.759727462533
67 670 167.763828462533
82 821 173.183746475339
66 661 173.259637478995
94 941 173.262410478995
64 641 173.263751478995
67 671 173.265144478995
73 731 176.671993294137
68 681 177.180681679178
66 662 187.263861352244
95 951 188.687371768989
89 891 194.163728553125
90 901 194.167829553125
68 682 194.169157553125
60 602 194.170498553125
74 742 194.171865553125
85 852 194.173219553125
97 972 194.174625553125
70 702 196.385361666812
91 912 196.386780666812
72 722 196.396388666812
79 792 196.397807666812
90 902 207.358166497946
64 642 208.159724009943
65 652 208.161117009943
67 672 209.756802766008
63 632 216.681247602787
84 842 216.767493116081
74 741 216.774211986053
80 802 216.780982856025
98 982 216.785071291011
94 942 219.666545388103
69 692 219.685800388103
62 622 220.174994143596
60 601 220.192651377916
92 921 220.198210377916
87 872 220.281556740431
78 782 220.282975740431
77 772 220.285722740431
98 981 233.370428546149
87 871 233.378760546149
60 603 233.380153546149
73 732 234.655540894863
61 612 234.670369894863
75 752 234.671723894863
73 733 234.675772894863
62 621 235.172179374061
71 712 235.174887374061
81 812 235.176254374061
89 892 235.177634374061
74 743 235.179014374061
69 693 239.258239863055
76 762 242.293164714021
91 913 251.369350207443
67 673 251.370743207443
82 822 252.172364577243
66 663 252.173783577243
80 803 252.176517577243
92 922 252.180670577243
76 763 260.196516987871
98 983 269.176452346961
64 643 269.177819346961
84 843 269.179147346961
61 613 269.194184346961
75 753 269.255423342989
77 773 269.256751342989
62 623 269.259550342989
92 923 269.266476342989
71 713 277.261794722586
78 783 286.699611627326
90 903 286.755554631828
68 684 286.756960631828
67 674 286.758301631828
65 653 298.190132185458
72 723 298.195665185458
77 774 298.259716188174
68 683 299.278674623329
89 893 299.281473623329
71 714 299.282879623329
92 924 299.284220623329
63 633 302.978990025942
94 943 302.981763025942
82 824 302.984484025942
85 853 302.985864025942
83 834 302.987244025942
82 823 305.156021256361
63 634 307.69702337483
78 784 307.755444976725
70 703 310.26766595027
64 644 310.28138795027
66 664 310.29911995027
83 832 310.35537594924
76 764 324.156819974957
98 984 324.170567974957
94 944 331.759647036318
62 624 343.286392506752
93 934 343.290402506752
93 933 350.395728545507
65 654 350.399777545507
73 734 350.455591546121
74 744 352.177212354371
89 894 352.189567354371
83 833 352.192340354371
85 854 352.195087354371
61 614 352.196493354371
74 745 352.263564709909
97 973 372.464433004202
97 974 372.465839004202
69 694 372.468586004202
62 625 372.471320004202
79 795 382.167666881737
93 935 382.173160881737
60 604 382.177300881737
60 605 382.178667881737
71 715 382.181414881737
65 655 382.182833881737
68 685 393.666221528894
70 704 393.669046528894
70 705 393.670387528894
76 765 393.671728528894
77 775 393.673147528894
92 925 393.674527528894
67 675 393.682833528894
85 855 393.684252528894
60 606 398.169342481591
94 945 407.774878446588
63 635 407.780320446588
64 645 407.783067446588
89 895 407.784447446588
78 785 407.792610446588
73 735 415.167846919486
72 724 415.169239919486
72 725 415.184367919486
69 696 415.185734919486
97 975 415.187088919486
67 676 415.188429919486
65 656 430.177829502956
82 825 433.762911608613
77 776 434.959624642391
78 786 435.158348245873
64 646 435.169271245873
93 936 435.181639245873
89 896 435.185766245873
97 976 466.866421863926
68 686 474.156695259038
71 716 474.158023320825
68 687 474.189284067754
73 736 475.272553484218
72 726 475.275339484218
74 746 475.279401484218
82 826 475.280820484218
77 777 480.955484430533
63 636 480.963699430533
85 856 485.170630249087
76 766 485.174783249087
62 626 485.177530249087
70 706 485.180342249087
70 707 485.181683249087
61 615 492.165216520073
61 616 492.166583520073
74 747 492.181646520073
92 926 495.76464488959
92 927 495.77019088959
75 754 495.77706488959
65 657 495.77845788959
66 665 495.79223188959
66 666 495.79355988959
61 617 495.79767388959
73 737 497.271148371817
79 796 524.672737003184
67 677 542.667400672212
72 727 542.668780672212
71 717 542.681073770934
60 607 542.682427770934
71 718 542.683755770934
88 887 550.155371722518
67 678 550.162141722518
68 688 550.164914722518
82 827 550.172413884058
88 888 550.173819884058
78 787 550.175238884058
75 757 550.176592884058
79 798 550.177959884058
66 667 551.158722447501
63 638 551.181743114873
64 647 551.183084114873
78 788 551.185779559435
60 608 551.187120967059
69 697 551.188487967059
77 778 551.189816003997
85 857 551.191196411621
85 858 551.192537448559
65 658 551.255539100163
61 618 551.262257583814
62 627 551.269002472966
62 628 551.273025917542
92 928 562.764573348286
94 947 562.778321348286
94 948 562.785104348286
97 977 562.786497348286
97 978 562.787877348286
63 637 568.689405061141
75 758 568.693415545861
60 609 574.177687220901
69 698 605.792632666751
93 938 605.794012666751
86 867 605.795431666751
74 749 605.796850666751
86 868 605.799610666751
