62 570 66.759947013497
55 520 93.662065322582
3 520 93.662065322582
55 580 93.664812322582
3 580 93.664812322582
55 590 93.666179322582
3 590 93.666179322582
12 530 93.667533322582
55 530 93.667533322582
3 530 93.667533322582
24 560 93.671634322582
40 560 93.671634322582
3 560 93.671634322582
58 550 95.163009277082
24 550 95.163009277082
69 540 112.683112754205
69 541 112.685937754205
4 531 115.180740274297
75 501 115.188916274297
4 501 115.188916274297
80 561 130.664027320855
93 500 132.770104159245
75 510 132.774244159245
93 510 132.774244159245
13 551 139.164969669306
97 581 139.293117777935
24 581 139.293117777935
88 511 159.169201222976
54 511 159.169201222976
55 591 174.172635620834
20 591 174.172635620834
6 521 174.173963620834
20 521 174.173963620834
93 512 175.680955196395
69 582 203.678822792692
64 552 205.169270147276
40 522 205.173306147276
64 522 205.173306147276
95 562 218.16783822904
40 562 218.16783822904
97 502 219.668174583667
90 502 219.668174583667
32 502 219.668174583667
96 583 226.671108006152
29 513 242.776749227456
15 513 242.776749227456
79 532 245.193035636318
42 532 245.193035636318
17 532 245.193035636318
74 503 248.198862051156
29 503 248.198862051156
28 592 262.662898834125
55 523 269.659592490733
55 593 269.662274490733
19 573 290.981973776345
34 573 290.981973776345
64 573 290.981973776345
64 563 290.986113776345
50 524 299.167919616218
70 543 313.769278532746
32 543 313.769278532746
24 533 335.188793746294
10 533 335.188793746294
24 534 335.190121746294
10 534 335.190121746294
10 574 335.192816746294
39 594 335.256863746876
70 594 335.256863746876
10 594 335.256863746876
35 564 350.660361786288
59 544 350.678132786288
35 544 350.678132786288
35 595 350.680853786288
8 585 374.763497189115
62 545 374.767663189115
8 545 374.767663189115
94 565 376.283028067854
75 575 377.66040589091
84 505 387.170955290936
84 515 387.173689290936
84 525 387.175056290936
26 535 419.767816768484
69 535 419.767816768484
1 535 419.767816768484
89 516 460.66745955992
58 576 460.67021955992
89 576 460.67021955992
77 566 462.172694313108
84 566 462.172694313108
77 506 466.167203780668
34 506 466.167203780668
14 555 487.665817908379
14 556 487.667210908379
24 536 487.669996908379
14 536 487.669996908379
70 557 487.674058908379
14 557 487.674058908379
72 587 504.158883278898
94 547 510.199504531364
28 537 512.174943097111
92 537 512.174943097111
86 527 535.168540785214
86 528 535.172130354198
23 577 535.173497354198
86 577 535.173497354198
86 558 535.174890354198
8 567 535.176296354198
7 567 535.176296354198
86 567 535.176296354198
94 568 554.265113131978
33 508 554.266493131978
14 508 554.266493131978
94 508 554.266493131978
2 596 554.267899131978
94 596 554.267899131978
2 597 554.269240131978
94 597 554.269240131978
67 548 555.062485197387
7 548 555.062485197387
63 598 572.16128145031
60 598 572.16128145031
39 518 572.16267445031
60 518 572.16267445031
21 588 577.255586924144
31 588 577.255586924144
39 588 577.255586924144
8 538 593.759782809062
89 538 593.759782809062
21 538 593.759782809062
8 578 593.761201809062
89 578 593.761201809062
21 578 593.761201809062
21 589 593.762542809062
