15 200 51.658465103107
3 320 56.656848652031
25 320 56.656848652031
7 0 63.658082180115
39 0 63.658082180115
7 160 63.659423180115
39 160 63.659423180115
7 230 63.660842180115
39 230 63.660842180115
7 310 63.662209180115
39 310 63.662209180115
8 100 63.664891180115
39 100 63.664891180115
47 210 63.666258180115
39 210 63.666258180115
69 120 72.157633662575
48 110 75.664402110436
79 110 75.664402110436
79 260 75.665743110436
62 30 75.671276110436
79 30 75.671276110436
53 180 75.685115110436
79 180 75.685115110436
29 1 80.666343422575
86 171 80.683937230003
29 171 80.683937230003
17 290 96.661144909856
96 161 96.679849190032
17 161 96.679849190032
17 381 96.682570190032
17 10 96.683963190032
1 140 96.686801190032
17 140 96.686801190032
1 220 96.688207190032
17 220 96.688207190032
9 240 96.689561190032
1 240 96.689561190032
17 240 96.689561190032
17 11 96.690902190032
1 40 96.692295190032
17 40 96.692295190032
1 41 96.693623190032
17 41 96.693623190032
40 370 101.658743619343
27 370 101.658743619343
27 300 101.661503619343
30 350 101.664289619343
27 350 101.664289619343
77 141 101.668468619343
27 141 101.668468619343
35 130 105.658123720886
54 340 105.688470720886
68 340 105.688470720886
35 340 105.688470720886
35 121 105.692662720886
12 31 105.696763720886
35 31 105.696763720886
44 190 111.671825264811
62 190 111.671825264811
15 190 111.671825264811
15 241 111.694702117095
80 280 124.159500880877
80 281 124.160906880877
80 321 124.171985880877
92 181 124.173378880877
80 181 124.173378880877
56 301 124.176099880877
80 301 124.176099880877
0 311 124.195263880877
80 311 124.195263880877
31 191 124.196604880877
0 191 124.196604880877
80 191 124.196604880877
80 131 124.197945880877
98 201 124.256811878145
13 201 124.256811878145
80 201 124.256811878145
13 101 132.199236856113
16 101 132.199236856113
0 101 132.199236856113
13 361 138.779908891628
36 331 138.783971053622
13 331 138.783971053622
97 42 138.861095166905
50 330 140.194522546266
93 330 140.194522546266
16 2 140.256787401667
50 360 140.274561014035
93 360 140.274561014035
54 20 149.176444936819
71 111 149.184646936819
54 111 149.184646936819
71 291 149.188708936819
54 291 149.188708936819
71 371 149.190075936819
54 371 149.190075936819
37 251 149.191442936819
71 251 149.191442936819
54 251 149.191442936819
92 391 149.192822936819
91 391 149.192822936819
54 391 149.192822936819
93 341 149.687837263671
61 341 149.687837263671
50 341 149.687837263671
18 21 154.255552660213
45 21 154.255552660213
45 182 154.262400660213
6 32 170.670720096679
33 32 170.670720096679
6 152 170.672100096679
33 152 170.672100096679
6 222 170.676683527987
33 222 170.676683527987
33 202 170.680207813981
88 312 172.771586232194
31 142 172.774294764076
88 142 172.774294764076
31 352 172.777016295958
88 352 172.777016295958
51 172 172.867601241953
88 372 172.88247183272
38 221 173.17039928467
85 122 173.18919955616
38 122 173.18919955616
76 22 173.256859069178
38 22 173.256859069178
38 272 173.270412352148
34 231 173.662464998925
66 231 173.662464998925
66 342 186.189670018706
20 342 186.189670018706
99 242 186.761236238736
41 362 186.766717238736
43 362 186.766717238736
99 362 186.766717238736
67 262 186.770909238736
99 262 186.770909238736
64 232 205.690076141662
30 292 205.697067141662
68 292 205.697067141662
64 292 205.697067141662
35 112 209.279028026749
12 112 209.279028026749
81 112 209.279028026749
81 123 209.280408026749
62 252 212.658217551076
29 252 212.658217551076
5 392 212.670559551076
14 392 212.670559551076
29 392 212.670559551076
82 192 214.173437587675
32 192 214.173437587675
82 102 214.174791587675
32 102 214.174791587675
79 12 225.675744976652
72 12 225.675744976652
41 12 225.675744976652
41 113 225.679780976652
11 13 225.681186976652
41 13 225.681186976652
16 23 225.683985976652
11 23 225.683985976652
41 23 225.683985976652
41 303 225.694856976652
73 211 228.158770723077
73 212 228.160137723077
58 133 228.164264723077
73 133 228.164264723077
27 282 242.184145648989
27 283 242.186814648989
80 363 242.189600648989
27 363 242.189600648989
98 233 242.190954648989
80 233 242.190954648989
27 233 242.190954648989
88 153 242.668391384779
88 203 242.669784384779
48 33 242.678077384779
88 33 242.678077384779
48 163 242.679483384779
88 163 242.679483384779
91 313 246.681378099777
67 313 246.681378099777
56 313 246.681378099777
67 173 246.682797099777
56 173 246.682797099777
80 253 256.166565436344
28 253 256.166565436344
50 263 256.18678595984
28 263 256.18678595984
55 103 256.267672650301
80 103 256.267672650301
10 3 256.270381023539
55 3 256.270381023539
80 3 256.270381023539
10 43 256.271709023539
55 43 256.271709023539
80 43 256.271709023539
92 393 256.279924770015
55 393 256.279924770015
80 393 256.279924770015
97 373 271.672210359655
55 373 271.672210359655
4 353 271.676428359655
97 353 271.676428359655
55 353 271.676428359655
97 44 271.677795359655
55 44 271.677795359655
76 14 275.178693669914
98 14 275.178693669914
40 14 275.178693669914
40 324 275.181466669914
75 104 275.185723669914
40 104 275.185723669914
75 314 275.195279669914
40 314 275.195279669914
9 213 275.255514670314
10 213 275.255514670314
40 213 275.255514670314
43 34 277.675275174315
67 183 279.755620731179
31 183 279.755620731179
18 343 279.756987731179
67 343 279.756987731179
31 343 279.756987731179
67 184 279.758328731179
31 184 279.758328731179
51 244 279.759747731179
67 244 279.759747731179
31 244 279.759747731179
92 193 280.185753547848
75 193 280.185753547848
32 193 280.185753547848
1 383 293.691441497672
64 383 293.691441497672
64 194 293.755371162012
19 344 293.760865162012
64 344 293.760865162012
17 243 293.766372162012
64 243 293.766372162012
77 254 293.769158162012
17 254 293.769158162012
64 254 293.769158162012
33 223 293.776019162012
14 223 293.776019162012
64 223 293.776019162012
64 144 293.777412162012
92 304 293.780250162012
14 304 293.780250162012
64 304 293.780250162012
51 114 295.186209411643
51 204 295.191755411643
23 384 295.267670721165
50 384 295.267670721165
51 384 295.267670721165
50 234 301.278036886801
84 234 301.278036886801
14 333 309.170471197838
92 333 309.170471197838
83 143 309.25754314048
66 143 309.25754314048
92 143 309.25754314048
70 124 309.762428625567
83 134 311.660079037217
83 264 311.662813037217
87 364 311.675194037217
96 364 311.675194037217
83 364 311.675194037217
87 374 311.676587037217
96 374 311.676587037217
83 374 311.676587037217
82 214 312.757010676483
52 214 312.757010676483
86 354 335.176324082622
98 354 335.176324082622
10 354 335.176324082622
10 245 335.177730082622
46 15 341.261067669099
23 15 341.261067669099
81 15 341.261067669099
27 45 341.697615734692
4 115 341.698995734692
27 115 341.698995734692
89 294 354.16737150011
74 294 354.16737150011
74 285 354.17414150011
30 35 354.18098950011
7 35 354.18098950011
74 35 354.18098950011
7 305 354.18240850011
74 305 354.18240850011
61 224 354.18382750011
28 224 354.18382750011
74 224 354.18382750011
98 355 362.18883787474
43 205 362.19017887474
35 205 362.19017887474
98 205 362.19017887474
6 4 371.158226296577
85 334 374.172975959353
94 334 374.172975959353
85 335 374.175683959353
94 335 374.175683959353
5 255 374.181242959353
94 255 374.181242959353
5 265 374.183989959353
94 265 374.183989959353
59 394 374.199052959353
56 394 374.199052959353
94 394 374.199052959353
79 215 374.256762950582
56 215 374.256762950582
94 215 374.256762950582
94 365 374.264990950582
36 154 374.269000950582
94 154 374.269000950582
91 155 374.270406950582
36 155 374.270406950582
94 155 374.270406950582
94 375 374.271812950582
16 345 374.274572950582
37 345 374.274572950582
94 345 374.274572950582
7 36 377.688645387235
80 235 381.173171100797
34 125 381.184198100797
80 125 381.184198100797
80 385 381.186958100797
1 315 381.188299100797
80 315 381.188299100797
23 295 381.2568381053
61 295 381.2568381053
80 295 381.2568381053
12 164 384.771573760153
8 164 384.771573760153
21 164 384.771573760153
23 296 385.688278061994
45 46 385.697938061994
65 46 385.697938061994
23 46 385.697938061994
93 274 390.777524340708
90 274 390.777524340708
84 274 390.777524340708
45 225 398.180969858797
60 225 398.180969858797
98 225 398.180969858797
65 5 398.190499858797
98 5 398.190499858797
12 24 398.191905858797
65 24 398.191905858797
98 24 398.191905858797
12 185 398.193324858797
65 185 398.193324858797
98 185 398.193324858797
78 175 398.200185858797
84 175 398.200185858797
98 175 398.200185858797
84 275 398.255667840655
98 275 398.255667840655
60 226 401.696019086015
69 16 415.181383715505
54 16 415.181383715505
75 16 415.181383715505
69 25 415.182802715505
54 25 415.182802715505
75 25 415.182802715505
69 26 415.184208715505
54 26 415.184208715505
75 26 415.184208715505
69 166 415.185601715505
54 166 415.185601715505
75 166 415.185601715505
2 165 418.677733647339
1 165 418.677733647339
2 395 418.679087647339
1 395 418.679087647339
64 276 430.18353899882
80 276 430.18353899882
77 276 430.18353899882
87 256 430.18487999882
80 256 430.18487999882
77 256 430.18487999882
41 176 430.18907199882
56 176 430.18907199882
77 176 430.18907199882
97 306 430.19869299882
77 306 430.19869299882
77 136 430.26265591454
83 186 430.26542891454
13 186 430.26542891454
77 186 430.26542891454
77 137 430.26679591454
11 376 441.188746599803
78 376 441.188746599803
98 116 441.198315599803
78 116 441.198315599803
34 196 457.158939856878
34 386 464.66664169212
84 386 464.66664169212
1 386 464.66664169212
80 106 464.66804769212
86 106 464.66804769212
1 106 464.66804769212
83 135 464.67356769212
1 135 464.67356769212
32 6 464.67906169212
77 6 464.67906169212
1 6 464.67906169212
96 367 470.265386992417
47 367 470.265386992417
97 367 470.265386992417
40 117 473.262166990536
68 117 473.262166990536
12 336 473.263508355134
43 336 473.263508355134
40 336 473.263508355134
17 396 473.264836355134
43 396 473.264836355134
40 396 473.264836355134
43 126 473.270227740296
68 126 473.270227740296
43 177 473.2742254359
68 177 473.2742254359
98 127 473.278262490056
43 127 473.278262490056
68 127 473.278262490056
96 357 473.360878289034
47 357 473.360878289034
40 357 473.360878289034
76 206 484.673473907282
17 206 484.673473907282
76 266 484.674840907282
17 266 484.674840907282
76 267 484.676220907282
17 267 484.676220907282
89 157 484.683055907282
17 157 484.683055907282
88 197 487.671845722752
35 197 487.671845722752
17 156 487.673225722752
35 156 487.673225722752
70 286 493.267991952032
19 286 493.267991952032
92 286 493.267991952032
19 146 493.269397952032
92 146 493.269397952032
19 147 493.270803952032
92 147 493.270803952032
82 187 493.272170952032
19 187 493.272170952032
92 187 493.272170952032
1 347 493.281726952032
92 347 493.281726952032
92 18 493.283119952032
0 47 509.687976985884
80 47 509.687976985884
94 47 509.687976985884
73 7 513.669986489876
79 207 513.675467489876
73 207 513.675467489876
31 246 513.676873489876
79 246 513.676873489876
73 246 513.676873489876
79 317 513.678227489876
73 317 513.678227489876
79 297 513.679568489876
73 297 513.679568489876
26 27 513.686481489876
95 27 513.686481489876
73 27 513.686481489876
79 316 513.687874489876
95 316 513.687874489876
73 316 513.687874489876
94 277 513.692001489876
73 277 513.692001489876
52 388 551.180786863745
52 318 551.189014863745
68 237 551.190342863745
52 237 551.190342863745
68 238 551.191709863745
52 238 551.191709863745
52 307 551.193063863745
52 308 551.197151863745
30 268 551.198518863745
52 268 551.198518863745
30 287 551.199898863745
0 287 551.199898863745
52 287 551.199898863745
30 288 551.255617763953
0 288 551.255617763953
52 288 551.255617763953
2 8 553.682495023933
94 8 553.682495023933
94 29 553.686609023933
9 118 554.656862820534
56 338 555.680011274843
94 338 555.680011274843
11 338 555.680011274843
90 167 558.178611470116
90 168 558.180004470116
90 217 558.185511470116
60 198 577.661207753423
69 397 577.662600753423
60 397 577.662600753423
69 348 577.663941753423
60 348 577.663941753423
63 378 577.669305753423
60 378 577.669305753423
5 398 577.670633753423
60 398 577.670633753423
31 218 577.681699753423
60 218 577.681699753423
31 169 577.684433753423
60 169 577.684433753423
60 219 577.687206753423
63 9 577.689940753423
60 9 577.689940753423
60 399 577.692661753423
6 38 605.175098765643
68 38 605.175098765643
6 298 605.177832765643
68 298 605.177832765643
6 299 605.179225765643
68 299 605.179225765643
46 19 605.180618765643
68 19 605.180618765643
98 368 605.188781765643
68 368 605.188781765643
32 227 605.190187765643
98 227 605.190187765643
68 227 605.190187765643
32 228 605.191515765643
98 228 605.191515765643
68 228 605.191515765643
98 328 605.192882765643
68 328 605.192882765643
98 257 605.194249765643
68 257 605.194249765643
25 107 605.196970765643
98 107 605.196970765643
68 107 605.196970765643
98 249 605.198350765643
68 249 605.198350765643
43 259 605.199678765643
98 259 605.199678765643
68 259 605.199678765643
98 327 605.257159487678
11 327 605.257159487678
68 327 605.257159487678
27 209 605.259828487678
68 209 605.259828487678
20 39 605.261221487678
27 39 605.261221487678
68 39 605.261221487678
67 279 605.264007487678
68 279 605.264007487678
43 349 605.265426487678
68 349 605.265426487678
41 389 605.269618487678
37 389 605.269618487678
68 389 605.269618487678
80 189 605.271024487678
68 189 605.271024487678
18 269 605.272430487678
80 269 605.272430487678
68 269 605.272430487678
