15 200 51.658350940224
3 320 56.656801683571
25 320 56.656801683571
7 230 63.661121673191
39 230 63.661121673191
7 310 63.662475673191
39 310 63.662475673191
79 260 75.667841258782
37 220 75.678920258782
53 220 75.678920258782
79 220 75.678920258782
29 210 80.656933652944
40 370 101.658346912363
27 370 101.658346912363
27 300 101.661041912363
32 240 101.665142912363
27 240 101.665142912363
27 350 101.667889912363
27 351 101.669308912363
54 340 101.670714912363
35 340 101.670714912363
27 340 101.670714912363
3 301 101.683069912363
27 301 101.683069912363
96 290 102.661677136047
92 280 105.6970402358
12 280 105.6970402358
35 280 105.6970402358
92 281 105.6984462358
12 281 105.6984462358
35 281 105.6984462358
15 241 111.689267852456
80 321 124.175221038148
0 311 124.255699035416
80 311 124.255699035416
13 201 124.263953035416
14 201 124.263953035416
80 201 124.263953035416
5 331 138.691800969229
13 331 138.691800969229
5 381 138.693180969229
13 381 138.693180969229
13 361 138.698570969229
85 341 138.758425487101
36 341 138.758425487101
13 341 138.758425487101
50 330 139.687877435539
13 330 139.687877435539
97 330 139.687877435539
92 391 160.671018971781
91 391 160.671018971781
88 391 160.671018971781
88 312 160.699894971781
31 392 160.758090575282
88 392 160.758090575282
88 371 160.774611575282
33 360 170.663124707208
53 231 170.673626993202
94 231 170.673626993202
33 231 170.673626993202
94 222 170.676360993202
33 222 170.676360993202
6 221 170.677740993202
33 221 170.677740993202
33 202 170.683208993202
38 272 180.178544445364
41 362 186.759705132667
43 362 186.759705132667
99 362 186.759705132667
81 251 212.661034383921
29 251 212.661034383921
81 252 212.662414383921
29 252 212.662414383921
63 262 214.167624934048
32 262 214.167624934048
27 372 214.179953934048
90 372 214.179953934048
32 372 214.179953934048
90 232 214.185538934048
32 232 214.185538934048
67 352 220.671720405332
66 352 220.671720405332
46 352 220.671720405332
3 342 225.669804839439
41 342 225.669804839439
59 282 225.679438839439
56 282 225.679438839439
41 282 225.679438839439
41 302 225.686416839439
41 303 225.690530839439
15 203 225.691936839439
41 203 225.691936839439
58 211 230.668504534539
96 211 230.668504534539
58 212 230.672540864579
96 212 230.672540864579
80 363 242.180311125983
25 363 242.180311125983
27 363 242.180311125983
28 243 242.184477125983
27 243 242.184477125983
48 353 247.189871378254
29 353 247.189871378254
80 253 256.171966590671
28 253 256.171966590671
50 263 256.176158590671
80 263 256.176158590671
28 263 256.176158590671
40 324 275.176469768469
44 313 277.668379325976
71 313 277.668379325976
43 313 277.668379325976
43 314 277.669720325976
19 344 292.688014695435
64 344 292.688014695435
65 383 292.689407695435
64 383 292.689407695435
99 343 294.266520839298
51 343 294.266520839298
51 244 294.281570839298
51 204 294.285580839298
51 294 294.286947839298
52 254 295.26090652976
84 254 295.26090652976
52 233 295.26232552976
84 233 295.26232552976
23 373 295.26367952976
52 373 295.26367952976
84 373 295.26367952976
52 234 295.26500752976
84 234 295.26500752976
83 264 311.668736220218
87 364 311.685244220218
96 364 311.685244220218
83 364 311.685244220218
87 374 311.686663220218
96 374 311.686663220218
83 374 311.686663220218
70 304 323.161912362986
1 214 323.175400458553
76 214 323.175400458553
70 394 323.187534534514
82 213 323.199603583522
70 213 323.199603583522
82 275 332.197887403959
98 215 340.169114830436
98 245 340.171835830436
27 325 341.687132211686
7 305 355.675659654691
61 224 355.681038258575
64 224 355.681038258575
7 224 355.681038258575
61 334 355.683747060517
64 334 355.683747060517
7 334 355.683747060517
11 205 357.18338625182
35 205 357.18338625182
43 385 357.19296825182
35 385 357.19296825182
43 384 360.277327145271
75 384 360.277327145271
21 255 360.284136145271
79 255 360.284136145271
75 255 360.284136145271
82 274 360.288276145271
75 274 360.288276145271
94 365 374.258386994206
94 375 374.261133994206
80 235 381.17162797741
80 295 381.17430997741
80 345 381.17839797741
19 393 381.18391797741
1 393 381.18391797741
80 393 381.18391797741
84 335 383.161277246798
53 265 383.168047246798
78 265 383.168047246798
84 265 383.168047246798
60 225 400.176461317948
98 225 400.176461317948
73 395 400.258107632617
98 395 400.258107632617
65 226 400.262208632617
98 226 400.262208632617
54 396 413.174770866433
37 286 423.167043468414
67 286 423.167043468414
2 336 423.175349468414
67 336 423.175349468414
97 306 430.176379293837
56 306 430.176379293837
77 306 430.176379293837
93 276 430.180428293837
56 276 430.180428293837
77 276 430.180428293837
34 386 457.158281063021
11 266 458.675027155182
89 266 458.675027155182
47 296 459.667660303116
76 315 459.675914303116
72 315 459.675914303116
47 315 459.675914303116
76 316 459.677294303116
72 316 459.677294303116
47 316 459.677294303116
48 326 459.680067303116
49 326 459.680067303116
47 326 459.680067303116
48 206 459.681473303116
49 206 459.681473303116
47 206 459.681473303116
97 256 466.766630470805
68 376 468.162934882232
35 367 487.668400483171
53 317 489.270619326803
92 317 489.270619326803
5 207 489.277493326803
92 207 489.277493326803
92 307 489.278886326803
2 267 489.281555326803
92 267 489.281555326803
89 347 489.285695326803
92 347 489.285695326803
12 246 501.173322432123
33 246 501.173322432123
7 246 501.173322432123
84 327 501.177384432123
33 327 501.177384432123
7 327 501.177384432123
76 337 501.189752432123
7 337 501.189752432123
3 287 528.184767901488
24 287 528.184767901488
2 308 529.172062566087
88 387 529.180459566087
2 387 529.180459566087
86 388 538.663732511001
86 237 538.677506511001
55 238 538.678899511001
86 238 538.678899511001
99 318 538.680227511001
86 318 538.680227511001
47 227 538.681594511001
21 227 538.681594511001
86 227 538.681594511001
47 228 538.682961511001
21 228 538.682961511001
86 228 538.682961511001
92 218 539.676051493315
7 218 539.676051493315
90 217 545.674352947831
55 217 545.674352947831
66 278 547.659465859043
2 298 547.666942050313
66 298 547.666942050313
69 378 547.686314050313
66 378 547.686314050313
62 208 547.691782050313
44 208 547.691782050313
66 208 547.691782050313
57 236 547.693149050313
44 236 547.693149050313
66 236 547.693149050313
57 328 547.700075050313
44 328 547.700075050313
66 328 547.700075050313
49 358 556.179493764978
66 277 556.182214764978
49 277 556.182214764978
62 257 556.184948764978
44 257 556.184948764978
49 257 556.184948764978
65 348 556.197277764978
49 348 556.197277764978
56 338 556.262390212949
46 338 556.262390212949
49 338 556.262390212949
69 397 559.168604774896
53 397 559.168604774896
94 397 559.168604774896
2 297 559.178173774896
94 297 559.178173774896
2 288 559.182300774896
94 288 559.182300774896
69 377 576.762321198342
60 377 576.762321198342
63 268 576.771994198342
60 268 576.771994198342
5 398 576.774728198342
60 398 576.774728198342
31 219 576.784414198342
60 219 576.784414198342
60 319 576.785833198342
60 399 576.796795198342
89 289 594.777285749744
21 289 594.777285749744
93 258 602.164576276736
93 349 602.167297276736
43 249 602.172648276736
93 249 602.172648276736
93 259 602.174041276736
