25 620 56.663720179107
60 310 74.156794197066
24 320 78.77196402407
69 320 78.77196402407
24 370 78.77333102407
69 370 78.77333102407
26 650 79.156797204294
26 790 79.158164204294
53 780 83.161032860597
70 300 100.674425535848
24 300 100.674425535848
15 300 100.674425535848
24 770 100.679984535848
15 770 100.679984535848
3 700 101.258058389164
70 330 101.260857389164
3 330 101.260857389164
70 350 101.262185389164
3 350 101.262185389164
30 670 101.266273389164
3 670 101.266273389164
73 660 101.270361389164
56 660 101.270361389164
3 660 101.270361389164
47 730 101.271689389164
56 730 101.271689389164
3 730 101.271689389164
3 351 101.274462389164
75 760 103.687360416409
61 751 105.890965398048
68 340 116.759621912095
12 340 116.759621912095
69 340 116.759621912095
68 720 116.760975912095
12 720 116.760975912095
69 720 116.760975912095
79 601 118.176774080153
79 701 118.196068080153
80 301 122.265015012772
4 740 123.677916895798
52 311 123.682056895798
4 311 123.682056895798
5 360 125.685788766714
58 360 125.685788766714
16 360 125.685788766714
97 640 142.163579996439
97 641 142.169009095313
14 631 142.182471443542
13 631 142.182471443542
50 771 142.185153542416
14 771 142.185153542416
13 771 142.185153542416
13 761 142.255420319014
13 361 142.259674486065
7 341 142.272587748192
83 341 142.272587748192
13 341 142.272587748192
83 331 142.280647039648
13 331 142.280647039648
83 721 142.287586085405
97 721 142.287586085405
86 731 142.664361046389
14 680 149.66582151151
50 680 149.66582151151
50 651 149.67958251151
93 661 149.68227751151
50 661 149.68227751151
57 371 164.661694187792
48 371 164.661694187792
22 741 167.16657724489
38 741 167.16657724489
29 710 167.181394994903
88 710 167.181394994903
29 711 167.184051520453
88 711 167.184051520453
91 781 167.274096550954
88 781 167.274096550954
54 391 170.266712545286
93 391 170.266712545286
51 391 170.266712545286
56 681 180.678432169034
27 681 180.678432169034
99 681 180.678432169034
27 602 180.679799169034
99 602 180.679799169034
60 362 180.681205169034
27 362 180.681205169034
99 362 180.681205169034
99 671 180.682585169034
80 672 180.76110916897
99 672 180.76110916897
66 342 187.276013500596
41 321 188.156863178684
68 321 188.156863178684
53 792 208.165083687029
95 792 208.165083687029
64 792 208.165083687029
53 722 208.166502687029
95 722 208.166502687029
64 722 208.166502687029
72 612 208.170564687029
64 612 208.170564687029
29 622 212.663793666209
85 352 212.677528666209
12 352 212.677528666209
29 352 212.677528666209
12 742 212.678934666209
29 742 212.678934666209
12 372 212.680275666209
29 372 212.680275666209
68 302 214.187697133193
40 302 214.187697133193
77 782 214.194584133193
11 782 214.194584133193
40 782 214.194584133193
19 762 216.755502596889
41 762 216.755502596889
41 772 216.758211428779
41 682 216.789308083899
41 303 216.856830592367
96 732 230.670788655534
46 632 230.682961999806
63 392 230.685683489038
46 392 230.685683489038
46 322 230.69104797827
61 702 230.699147101694
96 702 230.699147101694
92 652 236.691939089609
88 652 236.691939089609
92 383 236.696053089609
88 383 236.696053089609
92 623 236.698787089609
88 623 236.698787089609
10 343 251.296837655849
75 343 251.296837655849
1 353 252.176294313265
27 353 252.176294313265
80 363 254.193898007407
56 313 256.668405390796
56 673 256.672506390796
56 783 256.676607390796
78 683 256.680747390796
56 683 256.680747390796
9 613 276.17244149593
55 613 276.17244149593
9 323 276.17382149593
55 323 276.17382149593
9 324 276.17790949593
55 324 276.17790949593
51 653 279.685155787723
84 653 279.685155787723
31 653 279.685155787723
63 643 280.195906016149
76 643 280.195906016149
32 643 280.195906016149
32 314 280.27050946798
6 633 295.272038389884
17 633 295.272038389884
63 373 295.273431389884
6 373 295.273431389884
17 373 295.273431389884
63 763 295.276139389884
6 763 295.276139389884
17 763 295.276139389884
65 723 295.280214389884
6 723 295.280214389884
17 723 295.280214389884
65 344 295.284354389884
6 344 295.284354389884
17 344 295.284354389884
17 644 295.285747389884
19 393 295.291332389884
17 393 295.291332389884
62 773 295.355511743548
90 773 295.355511743548
17 773 295.355511743548
17 774 295.358310743548
17 793 295.359690743548
17 794 295.362359743548
67 312 297.264788946035
51 312 297.264788946035
67 603 297.27448631044
51 603 297.27448631044
51 674 297.27581431044
6 663 299.687953229811
24 663 299.687953229811
90 663 299.687953229811
9 704 303.76922630526
50 704 303.76922630526
52 684 303.77055430526
32 684 303.77055430526
50 684 303.77055430526
83 664 304.171213457931
10 634 304.183633457931
83 634 304.183633457931
82 784 304.197394457931
83 784 304.197394457931
8 712 304.198813457931
83 712 304.198813457931
92 714 319.285310484862
14 714 319.285310484862
87 364 320.780395343448
96 364 320.780395343448
42 364 320.780395343448
87 374 320.783116343448
96 374 320.783116343448
42 374 320.783116343448
70 304 321.258120631531
45 333 321.367534097431
92 333 321.367534097431
86 354 324.260862948384
40 354 324.260862948384
76 354 324.260862948384
86 724 324.264912358822
40 724 324.264912358822
76 724 324.264912358822
35 693 360.180232160274
35 694 360.181586160274
92 713 360.192600160274
14 713 360.192600160274
35 713 360.192600160274
35 705 360.262456163528
70 735 360.267911163528
35 735 360.267911163528
92 795 360.269291163528
35 795 360.269291163528
34 654 361.259645739114
6 654 361.259645739114
6 345 361.266545739114
38 734 361.274747739114
4 734 361.274747739114
6 734 361.274747739114
4 385 361.281751739114
6 385 361.281751739114
6 355 361.288560739114
4 624 362.766535411244
67 624 362.766535411244
75 624 362.766535411244
75 675 362.767915411244
7 305 367.659776960957
74 604 367.677547960957
10 604 367.677547960957
7 604 367.677547960957
10 745 367.681570960957
7 745 367.681570960957
94 754 383.261277569311
11 755 383.268408761264
94 755 383.268408761264
94 334 383.273941761264
33 614 383.275334761264
94 614 383.275334761264
94 335 383.276701761264
94 775 383.278120761264
56 725 383.296151761264
94 725 383.296151761264
94 365 383.297557761264
36 685 383.298924761264
94 685 383.298924761264
15 695 383.355384549656
36 695 383.355384549656
94 695 383.355384549656
14 765 383.358131549656
36 765 383.358131549656
94 765 383.358131549656
58 384 388.661598950221
12 655 388.669586738443
58 655 388.669586738443
90 615 388.676577738443
58 615 388.676577738443
58 625 388.683425738443
62 375 388.686146738443
58 375 388.686146738443
52 785 390.664163125614
60 715 404.164853708058
48 395 404.273119683702
73 395 404.273119683702
60 395 404.273119683702
48 394 404.358057557278
73 394 404.358057557278
98 394 404.358057557278
54 396 408.168464931138
11 376 434.993854925833
77 376 434.993854925833
77 786 434.999374925833
15 706 435.055487930333
77 706 435.055487930333
57 645 435.163676707419
78 645 435.163676707419
93 635 435.167790707419
57 635 435.167790707419
78 635 435.167790707419
40 306 435.185665707419
78 306 435.185665707419
32 656 449.277916579112
32 746 449.282095579112
19 736 457.181881399534
84 736 457.181881399534
34 736 457.181881399534
47 626 457.183235399534
84 626 457.183235399534
34 626 457.183235399534
19 665 459.662805640807
47 665 459.662805640807
19 346 459.664133640807
47 346 459.664133640807
18 616 459.680422207989
49 616 459.680422207989
47 616 459.680422207989
34 716 459.687206472542
84 716 459.687206472542
34 386 459.699315762546
84 386 459.699315762546
1 386 459.699315762546
34 356 459.756731700712
84 356 459.756731700712
1 356 459.756731700712
68 636 474.16566072212
90 646 474.16836872212
68 646 474.16836872212
95 617 475.773379349258
48 617 475.773379349258
35 617 475.773379349258
95 797 475.774720349258
48 797 475.774720349258
35 797 475.774720349258
40 357 478.188189041487
5 336 497.284180138767
92 336 497.284180138767
92 307 497.288372138767
92 657 497.289765138767
92 707 497.298110138767
70 316 497.299503138767
92 316 497.299503138767
13 627 497.359723618071
44 627 497.359723618071
92 627 497.359723618071
53 796 498.175390186874
55 796 498.175390186874
72 796 498.175390186874
79 317 498.182238186874
55 317 498.182238186874
72 317 498.182238186874
86 607 502.183196482174
51 607 502.183196482174
79 696 517.676983625442
73 696 517.676983625442
24 315 517.679639625442
95 315 517.679639625442
73 315 517.679639625442
94 747 517.685094625442
73 747 517.685094625442
74 757 517.687021784318
94 757 517.687021784318
73 757 517.687021784318
94 666 519.688473561481
94 667 519.689866561481
4 387 519.781461564756
74 387 519.781461564756
94 387 519.781461564756
12 766 538.684428966928
46 766 538.684428966928
12 377 538.685756966928
46 377 538.685756966928
46 728 538.694127966928
88 677 539.164388820976
86 677 539.164388820976
86 388 539.165781820976
69 397 543.260907482853
66 397 543.260907482853
39 637 543.266324797405
69 637 543.266324797405
66 637 543.266324797405
69 608 543.277132111957
66 608 543.277132111957
65 378 543.288146111957
66 378 543.288146111957
66 658 543.289513111957
65 348 543.290906111957
66 348 543.290906111957
34 358 543.292260111957
65 358 543.292260111957
66 358 543.292260111957
3 648 543.293588111957
65 648 543.293588111957
66 648 543.293588111957
1 788 543.294929111957
65 788 543.294929111957
66 788 543.294929111957
57 767 543.355516163796
66 767 543.355516163796
8 337 543.356844163796
57 337 543.356844163796
66 337 543.356844163796
57 628 543.359630163796
66 628 543.359630163796
86 718 543.689890226129
2 718 543.689890226129
52 678 544.665172179271
79 318 544.685314747311
67 318 544.685314747311
52 318 544.685314747311
52 308 545.758294652372
2 308 545.758294652372
55 308 545.758294652372
49 787 558.163956685146
51 668 558.18158674261
49 668 558.18158674261
51 697 558.184243256976
49 697 558.184243256976
59 638 558.274781993092
1 638 558.274781993092
49 638 558.274781993092
56 328 561.194070542468
53 328 561.194070542468
94 328 561.194070542468
51 698 561.683557880971
49 698 561.683557880971
97 698 561.683557880971
9 338 563.663564390485
90 717 566.670457942803
93 349 605.267361017738
34 748 605.268767017738
93 748 605.268767017738
93 749 605.271436017738
