15 80 48.157510571187
62 30 68.659720340942
49 30 68.659720340942
79 480 68.661061340942
62 480 68.661061340942
49 480 68.661061340942
69 530 78.765078705934
53 180 78.766458705934
69 180 78.766458705934
69 240 78.767838705934
87 440 97.672087001392
61 440 97.672087001392
87 940 97.673454001392
61 940 97.673454001392
96 730 102.658253532419
3 580 111.656859777427
30 330 112.168538259006
69 330 112.168538259006
12 780 112.194575888601
30 780 112.194575888601
69 780 112.194575888601
78 280 112.197258146189
12 280 112.197258146189
69 280 112.197258146189
78 281 112.198612146189
12 281 112.198612146189
69 281 112.198612146189
69 540 112.200031146189
54 680 112.255457533434
69 680 112.255457533434
68 340 112.256837533434
54 340 112.256837533434
69 340 112.256837533434
72 740 112.264923281474
54 740 112.264923281474
69 740 112.264923281474
15 481 112.266251500159
69 541 112.270353029514
54 40 114.98084229306
35 40 114.98084229306
9 140 114.98491729306
54 140 114.98491729306
35 140 114.98491729306
30 31 114.99042429306
54 31 114.99042429306
35 31 114.99042429306
17 381 121.862295898675
79 381 121.862295898675
80 840 124.168546664376
80 681 124.174131664376
80 431 124.185093664376
43 141 124.187853664376
16 141 124.187853664376
80 141 124.187853664376
43 631 124.194597664376
80 631 124.194597664376
50 331 124.195964664376
43 331 124.195964664376
80 331 124.195964664376
0 430 124.198685664376
80 430 124.198685664376
80 130 124.255387661644
58 131 124.258160661644
80 131 124.258160661644
20 980 124.262209661644
58 980 124.262209661644
80 980 124.262209661644
80 581 124.263537661644
13 640 124.264930661644
58 640 124.264930661644
80 640 124.264930661644
13 641 124.266271661644
58 641 124.266271661644
80 641 124.266271661644
21 830 134.658165852144
93 830 134.658165852144
93 341 134.663581852144
99 731 134.675795399544
93 731 134.675795399544
38 531 138.755507367112
83 531 138.755507367112
13 531 138.755507367112
22 741 138.756926367112
83 741 138.756926367112
13 741 138.756926367112
44 880 156.76677223216
17 880 156.76677223216
17 482 156.77496123216
53 231 166.860848100152
45 231 166.860848100152
93 231 166.860848100152
45 181 166.862241100152
93 181 166.862241100152
45 182 166.863647100152
93 182 166.863647100152
33 941 170.689926261846
57 441 173.778866498086
6 441 173.778866498086
6 332 173.784386498086
33 32 173.785753498086
6 32 173.785753498086
80 241 178.682204679329
38 241 178.682204679329
98 781 178.689091679329
43 781 178.689091679329
38 781 178.689091679329
98 841 178.690484679329
43 841 178.690484679329
38 841 178.690484679329
43 981 178.691877679329
38 981 178.691877679329
43 142 178.694611679329
38 142 178.694611679329
38 432 178.695952679329
38 42 178.698673679329
41 831 178.700066679329
16 831 178.700066679329
38 831 178.700066679329
0 232 181.755427277192
99 232 181.755427277192
30 682 200.165329247242
12 742 200.173735806464
30 742 200.173735806464
90 842 200.176705390936
12 842 200.176705390936
30 842 200.176705390936
61 342 208.178644475552
86 342 208.178644475552
64 342 208.178644475552
1 532 208.181391475552
56 532 208.181391475552
64 532 208.181391475552
69 582 210.770413606799
69 442 210.771793606799
44 881 210.773121606799
69 881 210.773121606799
22 82 210.791022606799
69 82 210.791022606799
32 383 210.875975610889
69 383 210.875975610889
84 982 221.758405338579
62 982 221.758405338579
32 632 222.172481294839
46 632 222.172481294839
3 782 231.660999757235
0 942 231.669214757235
3 942 231.669214757235
5 832 231.676075757235
89 832 231.676075757235
3 832 231.676075757235
15 882 236.671308591664
70 83 236.690498591664
88 83 236.690498591664
15 83 236.690498591664
58 133 236.771977549179
73 133 236.771977549179
15 133 236.771977549179
88 483 242.188970063632
51 183 247.673406001211
75 183 247.673406001211
10 43 247.677559001211
75 43 247.677559001211
10 343 247.681608001211
75 343 247.681608001211
92 282 268.688286778627
55 282 268.688286778627
97 233 268.761095888778
55 233 268.761095888778
21 143 268.772044888778
9 143 268.772044888778
55 143 268.772044888778
32 983 276.172587835389
98 643 276.173993835389
32 643 276.173993835389
84 433 276.176727835389
98 433 276.176727835389
32 433 276.176727835389
98 843 276.178133835389
32 843 276.178133835389
64 633 278.261068717056
6 333 278.272225717056
64 333 278.272225717056
34 184 278.280375717056
19 184 278.280375717056
64 184 278.280375717056
19 344 278.281703717056
64 344 278.281703717056
43 583 285.659772650822
43 34 285.665253650822
43 443 285.668078650822
43 444 285.669445650822
82 634 290.99117480466
79 634 290.99117480466
82 783 290.99678580466
79 783 290.99678580466
78 84 290.99819180466
82 84 290.99819180466
79 84 290.99819180466
82 784 290.99955880466
79 784 290.99955880466
19 243 300.181292065293
17 243 300.181292065293
17 244 300.270290262698
58 144 303.299252407799
51 144 303.299252407799
13 833 303.355556242212
58 833 303.355556242212
51 833 303.355556242212
58 134 303.356884242212
51 134 303.356884242212
51 584 303.359618242212
58 834 303.360998242212
51 834 303.360998242212
92 683 306.165648708936
23 484 320.181770713853
52 484 320.181770713853
32 484 320.181770713853
52 684 320.187175153497
32 684 320.187175153497
52 234 328.269276509454
32 234 328.269276509454
92 234 328.269276509454
70 543 334.692184762421
82 543 334.692184762421
43 933 334.696311762421
82 933 334.696311762421
43 934 334.697704762421
82 934 334.697704762421
93 533 334.699058762421
43 533 334.699058762421
82 533 334.699058762421
23 734 334.761167759746
82 734 334.761167759746
23 44 334.762521759746
82 44 334.762521759746
54 884 334.763875759746
23 884 334.763875759746
82 884 334.763875759746
23 45 334.765858536462
82 45 334.765858536462
82 235 334.768579536462
46 245 335.176614219898
35 245 335.176614219898
98 245 335.176614219898
11 384 335.195947219898
98 384 335.195947219898
35 944 353.671290002242
24 534 353.695481064194
46 534 353.695481064194
35 534 353.695481064194
27 385 353.77454838261
87 943 357.869022440477
75 943 357.869022440477
28 943 357.869022440477
6 345 362.279723446292
7 35 371.65843463006
7 36 371.76237063006
84 334 376.365652960193
84 135 376.369701960193
25 335 376.376471960193
78 335 376.376471960193
84 335 376.376471960193
84 785 376.377812960193
8 835 381.259411648745
80 835 381.259411648745
80 86 381.260765648745
81 585 381.263473770381
69 885 385.6790446321
73 885 385.6790446321
23 885 385.6790446321
60 445 385.6872336321
45 445 385.6872336321
23 445 385.6872336321
38 46 385.6886526321
45 46 385.6886526321
23 46 385.6886526321
36 544 393.666315528894
36 545 393.667734528894
47 945 393.675884528894
2 945 393.675884528894
36 945 393.675884528894
44 185 405.191889781928
65 185 405.191889781928
60 185 405.191889781928
67 435 422.680044119751
1 435 422.680044119751
40 535 422.681372119751
67 535 422.681372119751
1 535 422.681372119751
37 685 422.684028119751
67 685 422.684028119751
1 685 422.684028119751
67 286 422.685434119751
1 286 422.685434119751
56 935 430.171673569267
77 935 430.171673569267
93 635 430.174446569267
56 635 430.174446569267
77 635 430.174446569267
77 645 430.185252569267
77 646 430.188025569267
77 986 430.196266569267
57 586 430.199026569267
77 586 430.199026569267
13 546 434.779230351139
32 486 438.181244186254
84 346 457.990413792821
34 386 457.991767792821
84 386 457.991767792821
84 347 457.993121792821
40 936 471.670902863198
68 636 474.163793407384
76 146 480.667258190539
17 146 480.667258190539
76 746 480.668612190539
17 746 480.668612190539
76 886 480.669979190539
17 886 480.669979190539
76 37 480.671333190539
17 37 480.671333190539
13 786 480.679613190539
17 786 480.679613190539
13 246 480.683766190539
17 246 480.683766190539
24 536 480.685120190539
13 536 480.685120190539
17 536 480.685120190539
13 247 480.686539190539
17 247 480.686539190539
55 446 480.687880190539
14 446 480.687880190539
17 446 480.687880190539
17 147 480.689260190539
92 537 489.176587495737
14 537 489.176587495737
83 186 494.165876845284
7 186 494.165876845284
7 836 494.167295845284
7 436 494.174078845284
7 437 494.178140845284
7 336 494.179468845284
30 287 504.164242549143
92 287 504.164242549143
92 447 504.173850549143
73 946 507.69901995777
94 747 507.756721953405
73 747 507.756721953405
0 47 508.158371652318
72 47 508.158371652318
24 38 518.16671438418
82 187 522.68718626247
31 187 522.68718626247
94 187 522.68718626247
31 737 522.68992026247
94 737 522.68992026247
57 237 526.1758187889
32 237 526.1758187889
46 237 526.1758187889
57 88 526.1771597889
32 88 526.1771597889
46 88 526.1771597889
49 485 537.161303562041
2 485 537.161303562041
2 288 537.166875562041
49 138 537.169609562041
28 138 537.169609562041
2 138 537.169609562041
16 587 537.174999562041
0 587 537.174999562041
2 587 537.174999562041
79 736 537.177707562041
0 736 537.177707562041
2 736 537.177707562041
55 487 537.179100562041
0 487 537.179100562041
2 487 537.179100562041
86 887 537.183253562041
0 887 537.183253562041
2 887 537.183253562041
0 388 537.184594562041
2 388 537.184594562041
99 488 537.187380562041
0 488 537.187380562041
2 488 537.187380562041
88 387 537.190101562041
2 387 537.190101562041
2 738 537.195634562041
14 438 545.897013030715
55 438 545.897013030715
55 238 545.899721030715
99 688 545.966603035065
7 688 545.966603035065
55 688 545.966603035065
9 338 552.283296253576
11 338 552.283296253576
90 548 566.796977453886
67 548 566.796977453886
49 188 568.655528655401
53 448 570.176115787024
94 448 570.176115787024
94 538 570.177521787024
19 87 570.178862787024
94 87 570.178862787024
19 847 570.181609787024
94 847 570.181609787024
60 637 576.974991787219
60 638 576.976397787219
60 547 576.979235787219
58 48 576.984768787219
21 48 576.984768787219
60 48 576.984768787219
44 89 576.986135787219
63 89 576.986135787219
60 89 576.986135787219
52 888 576.991668787219
94 888 576.991668787219
60 888 576.991668787219
50 837 596.163891426663
72 837 596.163891426663
40 588 596.176285426663
72 588 596.176285426663
