39 490 63.656772356171
29 191 80.670359277114
53 840 83.869962257166
79 840 83.869962257166
69 540 100.777627660839
68 340 100.780465660839
54 340 100.780465660839
69 340 100.780465660839
54 41 100.783160660839
69 41 100.783160660839
72 740 100.784501660839
54 740 100.784501660839
69 740 100.784501660839
54 90 100.785881660839
69 90 100.785881660839
54 91 100.787287660839
69 91 100.787287660839
69 541 100.788641660839
0 440 102.66144492378
73 440 102.66144492378
96 440 102.66144492378
38 190 102.67653392378
53 190 102.67653392378
96 190 102.67653392378
87 940 105.8700902399
61 940 105.8700902399
70 240 121.856895058935
79 240 121.856895058935
24 140 121.858275058935
70 140 121.858275058935
79 140 121.858275058935
79 291 121.867792058935
81 590 124.159935931522
80 590 124.159935931522
13 640 124.199812931522
80 640 124.199812931522
13 890 124.25560292879
80 890 124.25560292879
13 641 124.25836292879
80 641 124.25836292879
43 141 132.167706703893
0 141 132.167706703893
93 341 134.663657544848
45 990 134.669177544848
93 990 134.669177544848
93 991 144.263971724825
24 991 144.263971724825
22 741 157.256856961024
45 741 157.256856961024
54 391 159.162305559459
98 841 171.268261620645
31 841 171.268261620645
93 841 171.268261620645
31 142 171.270956620645
93 142 171.270956620645
57 441 175.763847669692
51 441 175.763847669692
57 491 175.765175669692
51 491 175.765175669692
20 941 176.695787049588
80 241 178.683275119512
38 241 178.683275119512
39 891 178.692805119512
43 891 178.692805119512
38 891 178.692805119512
43 392 178.694159119512
38 392 178.694159119512
38 42 178.699601119512
99 242 181.696776045397
11 92 202.678939685229
67 92 202.678939685229
55 591 208.163724672501
64 591 208.163724672501
27 742 210.890392274733
84 742 210.890392274733
62 742 210.890392274733
90 842 210.96217258316
32 842 210.96217258316
69 842 210.96217258316
14 892 212.665143198456
29 892 212.665143198456
46 192 222.169787521636
61 342 224.662397214192
40 342 224.662397214192
42 492 234.666971411365
73 492 234.666971411365
42 792 234.675925446038
73 792 234.675925446038
96 442 234.682644227237
41 942 236.685974356544
15 942 236.685974356544
19 592 236.688773356544
41 592 236.688773356544
15 592 236.688773356544
22 692 249.668765403575
17 692 249.668765403575
38 43 254.862728199123
92 43 254.862728199123
29 43 254.862728199123
55 493 254.865449199123
92 493 254.865449199123
29 493 254.865449199123
92 393 256.200228079552
55 393 256.200228079552
80 393 256.200228079552
55 593 256.257060965232
80 593 256.257060965232
92 193 258.66927073159
10 193 258.66927073159
55 93 268.782728252042
98 843 276.175127317884
32 843 276.175127317884
21 143 276.193028317884
9 143 276.193028317884
32 143 276.193028317884
87 243 276.796772981037
65 243 276.796772981037
64 243 276.796772981037
62 244 276.864961976528
65 244 276.864961976528
64 244 276.864961976528
64 194 276.867786976528
97 343 284.199470396348
64 343 284.199470396348
40 343 284.199470396348
34 893 300.167668419098
17 893 300.167668419098
17 344 300.169035419098
6 643 300.185517419098
17 643 300.185517419098
52 993 302.678605655022
50 993 302.678605655022
51 844 302.686768655022
50 844 302.686768655022
50 94 302.690921655022
97 44 317.661055070321
19 44 317.661055070321
70 394 325.197255842835
42 394 325.197255842835
21 944 328.187490869497
10 944 328.187490869497
47 943 328.191578869497
13 943 328.191578869497
10 943 328.191578869497
86 693 328.197176869497
10 693 328.197176869497
86 694 328.198504869497
10 694 328.198504869497
86 494 328.199858869497
10 494 328.199858869497
57 245 335.187783554633
98 245 335.187783554633
81 543 337.159832129542
81 894 337.164174552999
89 444 337.166856594373
81 444 337.166856594373
23 544 337.255405552456
82 544 337.255405552456
23 45 337.258126607702
82 45 337.258126607702
31 95 357.192107741352
27 95 357.192107741352
98 95 357.192107741352
35 594 364.269058461304
35 595 364.271844461304
94 495 377.173965944181
36 795 377.255449304803
94 795 377.255449304803
89 443 381.256779124722
61 443 381.256779124722
81 443 381.256779124722
90 295 381.271791262892
61 295 381.271791262892
81 295 381.271791262892
60 445 381.277208022838
23 445 381.277208022838
81 445 381.277208022838
16 395 381.289318940986
21 395 381.289318940986
80 395 381.289318940986
73 695 385.687427187438
23 695 385.687427187438
9 345 385.688794187438
65 345 385.688794187438
23 345 385.688794187438
52 845 391.191772429965
7 845 391.191772429965
36 545 393.661950490898
49 945 393.677000490898
36 945 393.677000490898
22 46 396.688152208674
60 46 396.688152208674
47 96 403.756952804948
22 96 403.756952804948
1 396 420.17054718172
77 645 420.17332018172
1 645 420.17332018172
71 994 434.66589623387
13 994 434.66589623387
13 546 434.68355023387
54 596 434.68623223387
13 596 434.68623223387
84 196 456.673639191945
84 346 456.675045191945
97 97 462.179367349683
15 646 462.672019173036
89 646 462.672019173036
32 496 462.680364173036
1 496 462.680364173036
89 496 462.680364173036
47 946 466.161573594441
20 446 481.689057676617
32 446 481.689057676617
1 446 481.689057676617
14 197 491.663824457774
70 746 491.669305457774
14 746 491.669305457774
70 747 491.670685457774
14 747 491.670685457774
49 296 491.673471457774
19 296 491.673471457774
14 296 491.673471457774
49 996 491.674890457774
19 996 491.674890457774
14 996 491.674890457774
19 497 491.676270457774
14 497 491.676270457774
19 797 491.680306457774
14 797 491.680306457774
1 347 491.689836457774
14 347 491.689836457774
92 297 496.160436350095
60 847 496.272556553015
76 847 496.272556553015
7 847 496.272556553015
73 947 507.69802040174
16 995 517.156764167387
94 995 517.156764167387
94 796 517.160774167387
79 696 517.163469167387
94 696 517.163469167387
31 246 517.173103167387
79 246 517.173103167387
94 246 517.173103167387
46 198 526.173482558104
2 447 537.159583465042
2 597 537.169230465042
2 298 537.170597465042
52 47 547.665218023296
86 47 547.665218023296
1 348 547.684148911197
69 348 547.684148911197
66 348 547.684148911197
95 997 547.69763736003
86 997 547.69763736003
60 448 547.698965505301
66 448 547.698965505301
66 498 547.761045065498
61 397 547.767815326214
1 397 547.767815326214
66 397 547.767815326214
66 247 547.770523456572
66 248 547.77454658693
7 998 547.777241589376
86 998 547.777241589376
65 897 547.779910719734
49 897 547.779910719734
86 897 547.779910719734
99 547 550.197490543333
97 547 550.197490543333
90 98 561.698586112425
39 598 563.662188650455
80 48 563.678839650455
39 48 563.678839650455
70 146 563.680258650455
80 146 563.680258650455
39 146 563.680258650455
39 548 563.685778650455
60 697 567.260940714794
67 697 567.260940714794
60 698 567.262359714794
67 698 567.262359714794
60 948 572.699891247603
72 199 596.162290172611
44 898 599.060961437511
21 898 599.060961437511
21 449 599.062289437511
99 798 599.064984437511
21 798 599.064984437511
21 799 599.066351437511
