39 390 63.655449433961
49 490 63.656777433961
34 340 68.65814037095
24 240 78.155441003286
14 140 78.156782003286
69 690 78.755591198422
19 190 78.756945198422
29 290 80.655575587746
29 291 80.656981587746
19 191 80.660991587746
79 790 83.855690932268
84 840 86.161198418869
59 590 100.163690325278
54 541 100.17318312625
94 940 105.867363939317
44 440 105.868782939317
49 491 105.886321209878
24 241 105.891776209878
4 40 112.155388889417
9 91 125.163881483587
89 890 125.187211483587
9 90 132.15978889084
14 141 132.16245789084
54 540 132.17357589084
4 41 136.669959485466
64 641 136.683707485466
99 990 137.657238631259
64 640 142.160342927318
74 740 142.163702769734
84 841 142.181447769734
89 891 142.182853769734
44 442 154.258308828373
99 991 154.260964828373
34 341 154.262383828373
54 542 159.170763620551
74 741 168.671555385588
94 941 168.672883385588
14 142 173.763815438902
39 391 173.766562438902
4 42 178.666470929245
24 242 178.76658845691
9 92 202.680154412441
34 342 202.688421867673
64 642 208.160965926799
29 292 210.762394723681
74 742 210.766391723681
19 192 224.662763021416
84 842 224.673556973412
44 441 232.157984830055
39 392 232.1672493537
89 892 235.165207836015
74 743 235.166600836015
59 591 239.687386155126
94 942 239.696942155126
4 43 242.171136797624
34 343 242.172464797624
49 492 249.675803901444
59 593 254.169252613391
39 393 254.170632613391
54 543 261.666839090099
64 643 268.659507003208
84 843 268.684964030913
19 193 268.69301089611
9 93 268.697047160954
9 94 268.698453160954
34 344 278.166447172751
59 592 278.167801172751
89 893 278.176107172751
24 243 278.178906172751
64 644 278.180286172751
19 194 293.696730364209
84 844 300.673591045928
44 443 300.681793045928
14 144 312.660286495067
14 145 315.177589912008
14 143 315.693875665688
54 544 322.661214765791
44 444 335.169541029022
89 894 335.170869029022
24 245 337.681140613709
4 44 342.192876277836
49 493 342.194295277836
49 494 342.195688277836
4 45 342.198435277836
59 594 342.199776277836
74 745 350.25686570871
24 244 352.663889899094
94 944 352.665282899094
39 394 352.673484899094
74 744 352.678861899094
94 943 354.680807651754
34 345 381.17483971351
39 395 396.682383446837
49 495 399.157039977765
94 945 399.158432977765
54 545 406.156714615302
59 595 406.160815615302
39 396 406.170371615302
54 546 406.171712615302
44 445 416.168014300905
64 646 440.176432078127
89 895 440.179179078127
4 46 457.156697648807
64 645 462.161289243016
84 846 462.173488557266
94 946 464.159918414528
84 845 464.162678414528
44 446 464.164071414528
84 847 466.672435897419
34 346 479.155558696386
34 347 479.156964696386
89 896 484.183912750207
44 447 484.189406750207
14 146 496.775636091064
24 247 496.781104091064
24 246 508.165609107197
94 947 517.157026949424
54 547 517.165844644506
4 48 517.167224644506
14 147 517.168617644506
74 746 517.169997644506
24 248 518.156924825037
34 348 518.166597825037
4 47 545.256908723532
49 497 547.662755802558
64 647 547.665502802558
49 498 552.656786516566
14 148 554.656811938457
69 696 572.659673971228
39 397 572.662955480856
94 948 596.163965524673
19 198 596.168131524673
