95 950 69.955566348968
84 840 86.160429335101
92 920 86.161848335101
87 870 87.655544877348
96 960 92.355589459978
83 830 92.356982459978
86 860 92.358323459978
80 800 128.155624924018
91 910 128.156978924018
80 801 128.161118924018
89 890 128.162498924018
98 980 128.163917924018
97 970 128.165297924018
97 971 128.166716924018
88 880 132.161244591846
93 930 134.65549224156
85 850 134.657458993892
93 931 134.660727541422
99 990 134.666208392164
99 991 134.667549392164
83 831 136.685254989595
94 940 137.197859711061
91 911 158.360394014769
81 810 158.375613014769
81 811 158.377019014769
90 900 158.378347014769
94 941 174.78807441073
82 820 176.658284967146
82 821 176.659703967146
85 851 176.662972105254
87 871 178.683609464864
80 802 191.685006921892
93 932 191.686360921892
81 812 216.656766612083
84 841 216.659526612083
92 921 216.671584708399
90 901 216.682340375963
90 902 216.697120070251
85 852 216.756740609426
98 982 216.77029507697
82 822 217.158419082232
84 842 217.162507082232
86 862 217.658393235413
86 861 217.659734235413
95 951 217.662455235413
88 881 217.663796235413
88 882 217.665202235413
89 891 217.673521235413
98 981 217.676320235413
96 961 224.355654354253
96 962 224.356982354253
91 912 224.369350354253
89 892 240.18267218969
88 883 242.178370045878
80 803 260.163930650716
97 973 260.17224949661
87 872 260.17498349661
96 963 260.17637649661
92 922 262.162784877137
97 972 262.173578729667
98 983 262.177589019349
95 953 265.675877408107
81 813 265.689262179857
92 923 265.696123437107
95 952 267.190591302011
93 933 290.668052095657
82 823 305.15656790502
85 853 305.16478290502
83 833 305.655406684475
83 834 305.658218684475
87 873 305.695118019449
96 964 305.696485019449
82 824 305.69782623369
89 893 309.177503464321
84 844 309.188284984176
90 903 309.677954193374
99 992 311.179696275923
84 843 312.378197863378
94 942 327.169194920851
94 943 327.171876920851
86 864 327.174584920851
81 814 330.659487582581
92 924 330.662221582581
86 863 331.667946853013
88 884 353.680567873205
89 894 353.683236873205
93 934 353.685957873205
95 954 356.382804664243
91 914 356.384184664243
85 854 373.259888975942
98 984 374.674954937313
81 815 375.695639112694
80 805 375.698438112694
83 835 379.693060883079
84 845 386.155477491329
91 915 393.661986807239
82 825 393.664707807239
94 944 393.671464807239
85 855 393.675617807239
97 975 393.677023807239
97 974 416.7679673131
99 993 416.7721853131
99 994 416.7735263131
94 945 416.7776793131
87 875 437.16508700816
93 935 437.16641500816
86 865 437.16778200816
93 936 437.16917500816
80 806 437.17055500816
87 874 437.17190900816
88 885 437.17731200816
89 895 437.18005900816
96 965 459.159670290641
84 846 459.161063290641
86 866 460.786174302078
81 816 460.788869705524
89 896 462.659719325925
97 976 463.691105985392
87 876 466.670023972189
96 966 470.355680521421
88 886 485.187131004348
82 826 503.161001871471
85 856 528.665075213088
84 847 528.66838250289
85 857 530.668682113717
83 836 546.166451941934
86 867 546.167857941934
82 827 546.173314914138
93 937 547.66267152543
89 897 547.67104252543
87 877 547.67513052543
81 817 547.68468652543
97 977 547.68604052543
86 868 547.68742052543
80 807 549.25697155695
97 978 549.26650155695
96 967 549.26789455695
80 808 551.173447365248
85 858 551.181714365248
88 887 558.361121134958
88 888 558.365274134958
83 837 594.699689881949
83 838 594.755762423939
81 818 594.757308691306
96 968 594.758662691306
82 828 602.383504094619
87 878 602.384897094619
91 917 602.386225094619
