8 340 68.65814037095
49 340 68.65814037095
24 140 78.156782003286
53 840 86.161198418869
3 541 100.17318312625
61 940 105.867363939317
94 440 105.868782939317
61 440 105.868782939317
15 241 105.891776209878
74 141 132.16245789084
0 141 132.16245789084
39 540 132.17357589084
80 540 132.17357589084
0 540 132.17357589084
1 41 136.669959485466
0 41 136.669959485466
58 41 136.669959485466
13 641 136.683707485466
58 641 136.683707485466
13 640 142.160342927318
89 740 142.163702769734
13 740 142.163702769734
91 841 142.181447769734
2 841 142.181447769734
13 841 142.181447769734
6 341 154.262383828373
50 341 154.262383828373
44 341 154.262383828373
59 741 168.671555385588
20 741 168.671555385588
6 741 168.671555385588
6 941 168.672883385588
31 142 173.763815438902
93 142 173.763815438902
38 42 178.666470929245
16 242 178.76658845691
38 242 178.76658845691
57 242 178.76658845691
66 342 202.688421867673
67 342 202.688421867673
12 742 210.766391723681
29 742 210.766391723681
62 742 210.766391723681
90 842 224.673556973412
46 842 224.673556973412
96 441 232.157984830055
10 942 239.696942155126
77 942 239.696942155126
15 942 239.696942155126
0 43 242.171136797624
51 43 242.171136797624
88 43 242.171136797624
0 343 242.172464797624
51 343 242.172464797624
88 343 242.172464797624
78 543 261.666839090099
56 543 261.666839090099
40 643 268.659507003208
40 843 268.684964030913
97 344 278.166447172751
64 344 278.166447172751
18 243 278.178906172751
65 243 278.178906172751
64 243 278.178906172751
43 443 300.681793045928
84 443 300.681793045928
58 144 312.660286495067
64 143 315.693875665688
17 143 315.693875665688
70 544 322.661214765791
3 444 335.169541029022
81 444 335.169541029022
82 444 335.169541029022
10 245 337.681140613709
27 44 342.192876277836
27 45 342.198435277836
77 244 352.663889899094
98 244 352.663889899094
98 944 352.665282899094
98 744 352.678861899094
35 943 354.680807651754
1 345 381.17483971351
62 345 381.17483971351
80 345 381.17483971351
71 445 416.168014300905
6 445 416.168014300905
75 445 416.168014300905
78 646 440.176432078127
34 46 457.156697648807
77 645 462.161289243016
1 846 462.173488557266
47 946 464.159918414528
27 845 464.162678414528
47 845 464.162678414528
82 446 464.164071414528
49 446 464.164071414528
47 446 464.164071414528
40 847 466.672435897419
1 447 484.189406750207
92 146 496.775636091064
13 247 496.781104091064
92 247 496.781104091064
31 246 508.165609107197
72 246 508.165609107197
4 547 517.165844644506
80 547 517.165844644506
94 547 517.165844644506
80 48 517.167224644506
94 48 517.167224644506
55 147 517.168617644506
73 147 517.168617644506
94 147 517.168617644506
72 746 517.169997644506
73 746 517.169997644506
94 746 517.169997644506
24 348 518.166597825037
0 47 545.256908723532
97 47 545.256908723532
7 47 545.256908723532
87 647 547.665502802558
66 647 547.665502802558
97 148 554.656811938457
11 148 554.656811938457
9 148 554.656811938457
43 948 596.163965524673
93 948 596.163965524673
