15 80 48.160166701802
69 30 78.756752376585
69 530 78.763717376585
53 180 78.765071376585
69 180 78.765071376585
69 240 78.766438376585
79 480 83.856864179006
27 580 89.663751220158
61 940 97.668395415835
87 440 97.672522415835
61 440 97.672522415835
30 40 111.659740810352
3 40 111.659740810352
30 330 111.661146810352
3 330 111.661146810352
12 780 111.663919810352
3 780 111.663919810352
30 590 111.69377348971
69 590 111.69377348971
78 280 111.755398201547
12 280 111.755398201547
69 280 111.755398201547
66 730 111.756765261137
54 730 111.756765261137
35 730 111.756765261137
78 281 111.758132285541
12 281 111.758132285541
69 281 111.758132285541
54 41 111.759499345131
35 41 111.759499345131
72 740 111.760827345131
54 740 111.760827345131
35 740 111.760827345131
69 540 111.762181369535
68 340 111.766230453529
54 340 111.766230453529
69 340 111.766230453529
54 141 111.767571513119
35 141 111.767571513119
35 541 111.770279597113
15 481 112.262861706075
24 140 112.268329706075
15 140 112.268329706075
15 241 112.271037706075
18 840 121.863790243129
70 840 121.863790243129
79 840 121.863790243129
70 181 121.865144243129
79 181 121.865144243129
11 880 121.866524243129
70 880 121.866524243129
79 880 121.866524243129
80 681 124.170303856564
16 430 124.175771856564
80 430 124.175771856564
16 431 124.177138856564
80 431 124.177138856564
0 680 124.181239856564
16 680 124.181239856564
80 680 124.181239856564
80 130 124.189480856564
80 581 124.190899856564
14 131 124.192240856564
80 131 124.192240856564
13 890 124.193633856564
14 890 124.193633856564
80 890 124.193633856564
13 641 124.194987856564
14 641 124.194987856564
80 641 124.194987856564
13 640 124.196328856564
58 640 124.196328856564
80 640 124.196328856564
21 830 134.658434187943
93 830 134.658434187943
93 341 134.663980187943
45 990 134.669526187943
93 990 134.669526187943
45 731 134.672273187943
93 731 134.672273187943
93 991 134.673679187943
13 980 138.663731125664
36 831 138.692308125664
13 831 138.692308125664
22 591 138.695042125664
83 591 138.695042125664
13 591 138.695042125664
36 381 138.696370125664
13 381 138.696370125664
22 741 138.697789125664
36 741 138.697789125664
13 741 138.697789125664
97 42 148.767720560842
50 331 154.190590780965
44 331 154.190590780965
33 631 159.170678727367
50 631 159.170678727367
54 631 159.170678727367
54 441 159.188371727367
54 482 159.196716727367
45 531 159.255511725817
54 531 159.255511725817
53 231 159.258245725817
45 231 159.258245725817
54 231 159.258245725817
45 182 159.261057725817
54 182 159.261057725817
33 941 170.688385161301
33 32 173.762340481488
6 32 173.762340481488
98 841 180.191931534338
56 841 180.191931534338
38 841 180.191931534338
56 981 180.193285534338
38 981 180.193285534338
98 891 180.194639534338
56 891 180.194639534338
38 891 180.194639534338
43 142 180.196019534338
38 142 180.196019534338
38 432 180.197360534338
0 232 181.756934963887
99 232 181.756934963887
30 682 200.162519744671
12 742 200.163899744671
30 742 200.163899744671
67 932 202.695490783435
86 82 208.174544204379
64 82 208.174544204379
1 882 208.181470204379
56 882 208.181470204379
64 882 208.181470204379
98 781 212.662452938653
14 781 212.662452938653
29 781 212.662452938653
62 842 221.76645295334
26 632 221.784276822334
43 632 221.784276822334
62 632 221.784276822334
46 282 224.661132212684
41 942 224.767908524896
60 942 224.767908524896
40 942 224.767908524896
10 33 224.769262524896
60 33 224.769262524896
40 33 224.769262524896
3 782 224.770629524896
41 782 224.770629524896
40 782 224.770629524896
12 332 224.966503447764
84 982 224.976059447764
12 982 224.976059447764
3 892 231.67620979016
72 532 232.186271140049
41 532 232.186271140049
32 532 232.186271140049
73 582 234.656912560036
13 692 234.667641835523
96 692 234.667641835523
31 881 234.669556042899
73 881 234.669556042899
96 133 234.671473617313
61 342 234.673377826192
73 342 234.673377826192
61 83 234.674705826192
73 83 234.674705826192
73 583 234.69622979192
42 792 236.675938634597
15 792 236.675938634597
51 183 242.17886852485
88 183 242.17886852485
0 43 242.18020952485
51 43 242.18020952485
88 43 242.18020952485
10 343 247.682139500164
75 343 247.682139500164
39 243 247.684873500164
92 243 247.684873500164
75 243 247.684873500164
62 893 247.694442500164
75 893 247.694442500164
89 993 247.695809500164
62 993 247.695809500164
75 993 247.695809500164
28 592 256.155550846458
63 233 256.17732023357
50 233 256.17732023357
80 233 256.17732023357
55 593 268.693471180969
99 383 268.697559180969
55 383 268.697559180969
9 832 268.771956194578
55 832 268.771956194578
32 983 269.171461854147
98 643 269.172828854147
32 643 269.172828854147
84 433 269.175614854147
98 433 269.175614854147
32 433 269.175614854147
98 843 269.176981854147
32 843 269.176981854147
21 143 269.185222854147
9 143 269.185222854147
32 143 269.185222854147
21 333 278.178414591587
64 333 278.178414591587
65 344 278.273077338953
64 344 278.273077338953
90 244 278.275799117567
65 244 278.275799117567
64 244 278.275799117567
43 34 285.662329547122
44 783 285.667836547122
43 783 285.667836547122
44 84 285.669164547122
43 84 285.669164547122
43 444 285.670505547122
43 793 285.681441547122
65 533 288.258382459966
90 533 288.258382459966
51 483 293.674808235598
51 184 293.680289235598
92 683 293.685757235598
67 683 293.685757235598
51 683 293.685757235598
51 844 293.695326235598
50 684 302.683207567812
78 633 304.667567045882
8 633 304.667567045882
8 784 304.668921045882
82 634 304.673035045882
8 634 304.673035045882
83 144 305.658129250737
83 584 305.693078569305
27 894 306.198579733524
92 894 306.198579733524
84 834 306.355403120268
50 234 313.259489869484
82 234 313.259489869484
70 234 313.259489869484
83 134 315.359381160307
14 134 315.359381160307
21 944 334.672318208274
10 944 334.672318208274
13 984 334.68170582557
10 984 334.68170582557
35 933 334.685755134218
86 933 334.685755134218
10 933 334.685755134218
10 534 334.696588060162
38 694 334.767482798522
46 694 334.767482798522
10 694 334.767482798522
10 245 334.771532097922
4 734 334.777615543537
93 734 334.777615543537
82 734 334.777615543537
81 543 334.783083543537
82 543 334.783083543537
23 44 334.788629543537
82 44 334.788629543537
23 384 334.789983543537
82 384 334.789983543537
23 45 334.792691543537
82 45 334.792691543537
82 235 334.794045543537
35 693 343.661094615941
69 484 343.668020615941
97 484 343.668020615941
35 484 343.668020615941
35 594 343.685921615941
59 884 343.688694615941
35 884 343.688694615941
28 744 350.166552827251
27 385 353.759726104608
27 443 353.793447120449
74 443 353.793447120449
61 334 368.761172925754
89 334 368.761172925754
3 334 368.761172925754
6 345 368.855574922037
3 345 368.855574922037
3 935 371.694997182786
7 935 371.694997182786
60 445 375.187369177178
23 445 375.187369177178
81 445 375.187369177178
58 835 375.190038177178
81 835 375.190038177178
94 335 377.165798215339
33 135 377.167217215339
94 135 377.167217215339
33 535 377.168636215339
94 535 377.168636215339
94 435 377.178166215339
8 994 378.856816463107
8 585 378.858144463107
52 845 390.77175806336
52 785 390.77313806336
36 544 393.666261497352
36 545 393.667602497352
36 685 393.673135497352
72 595 393.674541497352
36 595 393.674541497352
36 795 393.675921497352
22 46 394.270255576444
60 46 394.270255576444
98 46 394.270255576444
34 934 405.178068798576
22 934 405.178068798576
60 934 405.178068798576
4 185 405.262198797386
22 185 405.262198797386
60 185 405.262198797386
47 995 405.263526797386
22 995 405.263526797386
60 995 405.263526797386
1 695 422.658744667868
37 286 422.668874417716
67 286 422.668874417716
1 286 422.668874417716
27 635 434.787769411363
13 635 434.787769411363
63 645 434.789136411363
27 645 434.789136411363
13 645 434.789136411363
72 885 442.197136124362
32 885 442.197136124362
32 486 442.198555124362
48 446 442.199883124362
32 446 442.199883124362
87 646 462.659836391199
89 646 462.659836391199
89 936 462.662648391199
15 986 462.668142391199
89 986 462.668142391199
47 846 464.15954861052
47 946 464.16091561052
84 346 467.059550413317
40 346 467.059550413317
68 636 474.163396514523
34 386 474.181666372559
84 386 474.181666372559
68 386 474.181666372559
96 736 481.666166055484
96 886 481.679717759962
88 246 481.681084759962
96 246 481.681084759962
42 746 481.683831759962
88 746 481.683831759962
96 746 481.683831759962
96 786 481.756992357295
76 37 488.993252661235
17 37 488.993252661235
31 536 489.163985534143
92 536 489.163985534143
42 247 489.169505534143
92 247 489.169505534143
92 447 489.170859534143
92 287 489.177850534143
28 537 489.179256534143
92 537 489.179256534143
87 336 489.194410534143
89 336 489.194410534143
92 336 489.194410534143
87 647 489.195764534143
89 647 489.195764534143
92 647 489.195764534143
72 737 511.191390486594
92 737 511.191390486594
0 47 517.166692485299
80 47 517.166692485299
94 47 517.166692485299
94 796 517.168085485299
79 696 517.169439485299
94 696 517.169439485299
94 797 517.176391485299
82 187 517.181885485299
79 187 517.181885485299
94 187 517.181885485299
46 436 535.770709191833
19 146 535.774784191833
46 146 535.774784191833
44 897 535.789860191833
19 897 535.789860191833
46 897 535.789860191833
26 597 537.166744251022
2 597 537.166744251022
2 288 537.169530251022
2 747 537.170910251022
0 887 537.179099251022
2 887 537.179099251022
71 836 537.180518251022
0 836 537.180518251022
2 836 537.180518251022
71 487 537.181846251022
0 487 537.181846251022
2 487 537.181846251022
0 388 537.184619251022
2 388 537.184619251022
52 997 537.186038251022
2 997 537.186038251022
88 688 537.187444251022
52 688 537.187444251022
2 688 537.187444251022
86 238 547.674850030401
16 587 547.680422030401
23 587 547.680422030401
86 587 547.680422030401
23 438 547.685890030401
86 438 547.685890030401
71 437 547.688663030401
86 437 547.688663030401
11 87 547.691332030401
97 87 547.691332030401
86 87 547.691332030401
66 698 547.755562034431
49 698 547.755562034431
86 698 547.755562034431
60 88 547.758335034431
49 88 547.758335034431
86 88 547.758335034431
60 448 547.761004034431
49 448 547.761004034431
86 448 547.761004034431
65 697 547.763738034431
49 697 547.763738034431
86 697 547.763738034431
65 598 547.766420034431
49 598 547.766420034431
86 598 547.766420034431
1 347 547.767761034431
49 347 547.767761034431
86 347 547.767761034431
1 648 547.769167034431
49 648 547.769167034431
86 648 547.769167034431
52 888 550.757007774953
39 637 551.69322287163
69 637 551.69322287163
66 637 551.69322287163
69 38 551.755483570042
66 38 551.755483570042
63 937 551.758152570042
69 937 551.758152570042
66 937 551.758152570042
61 138 551.782618334992
65 138 551.782618334992
66 138 551.782618334992
59 787 551.784024334992
65 787 551.784024334992
66 787 551.784024334992
8 337 551.792356334992
66 337 551.792356334992
37 638 551.858230569009
1 638 551.858230569009
66 638 551.858230569009
64 188 551.860925569009
1 188 551.860925569009
66 188 551.860925569009
86 237 551.879603751959
66 237 551.879603751959
52 738 551.885123751959
66 738 551.885123751959
90 996 552.283895080699
11 996 552.283895080699
99 387 552.286681080699
90 387 552.286681080699
11 387 552.286681080699
67 547 562.277580551279
67 548 562.278986551279
80 48 562.355567765705
60 48 562.355567765705
67 48 562.355567765705
60 538 574.367970806873
