62 450 53.658393628742
63 450 53.658393628742
71 470 57.6568435652
71 490 57.6582495652
0 440 74.15693328369
60 440 74.15693328369
79 480 76.658412680097
65 480 76.658412680097
58 400 95.160523826258
24 400 95.160523826258
58 430 95.161864826258
24 430 95.161864826258
3 401 101.27230073033
15 481 103.690099814787
75 481 103.690099814787
15 491 103.691453814787
75 491 103.691453814787
4 431 125.176231893593
80 410 130.656787169085
80 420 130.659547169085
84 421 130.666434169085
80 421 130.666434169085
93 451 137.074406327064
50 451 137.074406327064
18 451 137.074406327064
88 441 139.287699723684
76 441 139.287699723684
58 441 139.287699723684
44 411 154.157054694354
66 471 154.184680694354
93 471 154.184680694354
44 471 154.184680694354
36 461 168.67767532632
22 461 168.67767532632
6 461 168.67767532632
66 402 187.285299091019
12 432 218.178857400773
30 432 218.178857400773
40 432 218.178857400773
32 462 219.664063575007
46 472 219.666810575007
32 472 219.666810575007
17 422 241.158362858494
42 492 241.161044858494
17 492 241.161044858494
17 423 241.170600858494
17 443 241.187095858494
88 483 245.675915781889
62 413 245.687033781889
88 413 245.687033781889
84 433 268.958723189378
6 453 284.75698790986
76 453 284.75698790986
32 453 284.75698790986
43 444 285.680243224679
78 424 300.680765391481
82 424 300.680765391481
42 454 300.687639391481
82 454 300.687639391481
96 473 303.192740984894
58 473 303.192740984894
98 474 303.195565984894
96 474 303.195565984894
58 474 303.195565984894
65 493 309.778434851381
19 493 309.778434851381
23 484 324.184253309952
25 484 324.184253309952
76 484 324.184253309952
98 465 333.256952407357
53 464 334.183223575629
24 464 334.183223575629
10 464 334.183223575629
4 494 336.18028039184
93 494 336.18028039184
81 494 336.18028039184
81 425 336.19950939184
35 435 357.182606712445
90 426 385.285013797893
94 475 390.162136679395
94 495 390.163555679395
46 405 397.762103541502
36 405 397.762103541502
53 414 397.782608541502
49 414 397.782608541502
36 414 397.782608541502
42 455 399.191750697781
98 455 399.191750697781
71 445 399.197166697781
65 445 399.197166697781
98 445 399.197166697781
98 456 399.255611079158
92 485 407.794321204681
47 485 407.794321204681
22 485 407.794321204681
22 476 407.795688204681
32 466 444.26842762786
32 486 444.26980762786
32 496 444.27523662786
97 406 462.16463921885
97 407 462.17144821885
40 436 463.858871952077
22 427 487.18673054993
17 427 487.18673054993
88 446 489.177041144504
35 446 489.177041144504
35 487 489.185269144504
0 467 541.270340603472
71 467 541.270340603472
7 467 541.270340603472
90 417 541.275795603472
71 417 541.275795603472
7 417 541.275795603472
99 488 541.277175603472
7 488 541.277175603472
95 497 541.278555603472
99 497 541.278555603472
7 497 541.278555603472
99 408 541.279974603472
7 408 541.279974603472
11 437 544.984386223562
97 437 544.984386223562
21 438 552.280016224115
90 438 552.280016224115
11 438 552.280016224115
8 428 552.670567637232
49 428 552.670567637232
2 447 553.258972601917
66 447 553.258972601917
66 468 553.283113003611
31 457 554.187883947924
90 457 554.187883947924
9 457 554.187883947924
21 478 554.191933761924
90 478 554.191933761924
9 478 554.191933761924
63 448 570.174864425558
39 448 570.174864425558
93 418 603.375393588988
36 418 603.375393588988
93 458 603.378114588988
36 458 603.378114588988
93 439 603.383686588988
36 439 603.383686588988
21 449 605.268631251151
93 449 605.268631251151
