69 620 78.756929891739
73 660 104.965334806349
56 660 104.965334806349
3 660 104.965334806349
4 680 124.164274009079
80 681 125.177276065851
0 681 125.177276065851
97 640 132.774358763802
16 640 132.774358763802
93 651 134.674760621886
89 670 136.662442924277
97 670 136.662442924277
77 631 136.758133920071
83 631 136.758133920071
97 631 136.758133920071
57 621 164.664699763324
48 621 164.664699763324
33 661 176.669449193592
20 641 176.679070193592
33 641 176.679070193592
20 662 181.187685056128
71 682 207.264906854347
62 682 207.264906854347
12 602 207.277261854347
62 602 207.277261854347
27 671 207.281271854347
12 671 207.281271854347
62 671 207.281271854347
64 652 208.160876779096
0 672 208.173296779096
56 672 208.173296779096
64 672 208.173296779096
30 601 234.689292855586
15 601 234.689292855586
15 603 234.769020168468
39 632 236.978485827495
76 632 236.978485827495
3 632 236.978485827495
57 653 242.784319210662
28 653 242.784319210662
27 653 242.784319210662
56 673 256.659520706783
76 633 260.178912512293
50 633 260.178912512293
28 633 260.178912512293
96 692 260.184367512293
80 692 260.184367512293
28 692 260.184367512293
9 612 275.762341360534
9 613 275.769306360534
77 623 275.794016360534
10 623 275.794016360534
9 623 275.794016360534
98 643 276.256751372095
40 643 276.256751372095
92 683 296.178780169214
14 683 296.178780169214
51 674 300.196165182833
52 684 307.697816238687
32 684 307.697816238687
6 663 307.699196238687
52 663 307.699196238687
32 663 307.699196238687
58 664 309.296112846879
8 664 309.296112846879
19 693 311.177128475102
17 693 311.177128475102
4 624 352.761093064256
27 624 352.761093064256
35 694 353.658451325891
59 654 353.690191325891
35 654 353.690191325891
64 614 354.266517900907
28 614 354.266517900907
89 604 378.662144018899
80 604 378.662144018899
61 634 378.663485018899
80 634 378.663485018899
80 615 378.664813018899
21 625 382.164446530301
23 605 382.171359530301
29 605 382.171359530301
21 605 382.171359530301
60 655 382.172778530301
21 655 382.172778530301
46 685 393.665164497352
36 685 393.665164497352
15 695 393.666544497352
36 695 393.666544497352
47 675 393.672025497352
14 675 393.672025497352
36 675 393.672025497352
1 676 415.17135981686
77 645 459.172726895681
1 645 459.172726895681
77 646 459.176866895681
1 646 459.176866895681
64 635 463.262887523187
40 635 463.262887523187
64 665 463.264267523187
40 665 463.264267523187
63 644 487.174459582268
17 644 487.174459582268
17 636 487.178547582268
55 656 487.181281582268
14 656 487.181281582268
17 656 487.181281582268
76 637 493.275181363369
7 637 493.275181363369
42 626 493.276574363369
22 626 493.276574363369
7 626 493.276574363369
7 607 538.168556661959
55 607 538.168556661959
31 688 541.676637861127
52 688 541.676637861127
2 688 541.676637861127
69 657 543.272142716432
66 657 543.272142716432
44 628 543.276178716432
66 628 543.276178716432
65 618 543.277558716432
66 618 543.277558716432
66 658 543.278977716432
50 647 553.168946302767
21 647 553.168946302767
11 647 553.168946302767
31 617 561.276665314472
67 617 561.276665314472
39 697 561.283578314472
60 697 561.283578314472
67 697 561.283578314472
39 638 561.284971314472
60 638 561.284971314472
67 638 561.284971314472
85 616 563.663654325103
39 616 563.663654325103
51 667 563.669122325103
39 667 563.669122325103
39 608 563.673301325103
27 666 594.85543926658
89 666 594.85543926658
21 666 594.85543926658
