15 200 51.658252615066
8 100 70.15689682786
7 160 70.16101082786
49 160 70.16101082786
8 160 70.16101082786
48 190 75.662676936145
79 190 75.662676936145
19 120 75.664017936145
48 120 75.664017936145
79 120 75.664017936145
48 110 75.665371936145
79 110 75.665371936145
1 140 96.682472563112
96 140 96.682472563112
53 180 98.17367923299
12 180 98.17367923299
35 180 98.17367923299
20 130 112.187813645602
35 130 112.187813645602
69 130 112.187813645602
31 161 137.677882623994
80 161 137.677882623994
31 141 137.680603623994
80 141 137.680603623994
58 131 137.688883623994
80 131 137.688883623994
13 101 137.690289623994
58 101 137.690289623994
80 101 137.690289623994
13 201 137.693062623994
43 201 137.693062623994
80 201 137.693062623994
55 121 138.663728241647
13 121 138.663728241647
45 181 154.182010499748
45 182 154.186046499748
70 111 155.17223828721
54 111 155.17223828721
31 142 163.195065875333
93 142 163.195065875333
17 142 163.195065875333
51 172 176.278723771079
27 122 179.674654968681
38 122 179.674654968681
30 112 200.159196361126
2 152 203.168052361884
23 152 203.168052361884
67 152 203.168052361884
46 191 220.660173995884
46 192 220.661514995884
46 102 220.662907995884
60 163 226.257035206367
41 163 226.257035206367
81 163 226.257035206367
41 153 226.259821206367
81 153 226.259821206367
15 123 237.670516647085
88 203 247.67532166701
29 203 247.67532166701
29 103 247.69701477604
51 183 249.69482346319
95 183 249.69482346319
75 183 249.69482346319
75 104 249.759446458723
91 133 251.16216663845
17 133 251.16216663845
39 193 271.674691120469
55 193 271.674691120469
90 184 286.675418078272
64 184 286.675418078272
56 194 286.679636078272
64 194 286.679636078272
46 124 295.180090149236
52 124 295.180090149236
84 124 295.180090149236
51 113 295.193631348419
51 114 295.195037348419
67 204 295.196404348419
11 204 295.196404348419
51 204 295.196404348419
58 144 312.170527980792
8 144 312.170527980792
30 164 313.673472748505
92 164 313.673472748505
92 143 313.682821443393
14 134 313.686844790837
92 134 313.686844790837
38 115 353.664920651205
23 115 353.664920651205
27 115 353.664920651205
38 205 357.17901917005
27 205 357.17901917005
74 205 357.17901917005
97 154 362.157379112054
35 154 362.157379112054
21 135 362.161415595856
35 135 362.161415595856
78 175 383.159686509002
84 175 383.159686509002
21 165 396.26735050058
23 165 396.26735050058
37 155 396.27292250058
73 155 396.27292250058
23 155 396.27292250058
69 166 418.678482408967
47 166 418.678482408967
22 166 418.678482408967
62 186 418.679810408967
22 186 418.679810408967
27 176 441.161820798051
87 176 441.161820798051
78 176 441.161820798051
78 116 441.171363798051
78 156 441.174162798051
40 157 462.193858410305
83 185 464.160613885586
47 185 464.160613885586
83 136 464.161980885586
47 136 464.161980885586
83 106 464.163347885586
47 106 464.163347885586
35 177 489.191457365196
17 126 489.194178869474
35 126 489.194178869474
76 206 489.198215373752
17 206 489.198215373752
35 206 489.198215373752
31 207 493.168104342775
92 207 493.168104342775
49 196 529.15830497172
2 196 529.15830497172
56 118 531.674608600964
46 118 531.674608600964
24 118 531.674608600964
19 146 550.162508069088
87 146 550.162508069088
66 146 550.162508069088
18 138 550.163888069088
65 138 550.163888069088
66 138 550.163888069088
31 197 550.278822892738
88 197 550.278822892738
31 187 550.280228892738
88 187 550.280228892738
67 168 550.284264892738
68 168 550.284264892738
88 168 550.284264892738
11 158 555.658168534027
14 128 556.183027167224
2 128 556.183027167224
52 128 556.183027167224
97 117 559.659700138662
99 167 559.676286138662
11 167 559.676286138662
97 167 559.676286138662
97 119 559.677705138662
8 107 564.165161156384
53 107 564.165161156384
94 107 564.165161156384
62 208 564.166580156384
53 208 564.166580156384
94 208 564.166580156384
94 149 564.170720156384
67 169 572.291272602339
72 198 596.161253122092
72 199 596.163987122092
76 178 602.167545605892
83 178 602.167545605892
93 178 602.167545605892
