61 610 52.755456310169
63 630 53.655630789998
71 710 57.65552147725
95 950 69.955611214258
60 600 74.155520203151
85 850 74.156861203151
65 650 76.655567327642
79 790 76.656895327642
87 870 76.658262327642
69 690 78.755590548262
62 620 78.757009548262
77 770 82.961368922779
70 700 82.962774922779
78 780 83.158197461778
84 840 83.162376461778
86 860 87.260024472295
83 830 87.261391472295
96 960 87.264073472295
73 730 87.265440472295
66 660 87.266807472295
67 670 99.759208017248
81 810 99.763309017248
82 820 99.767371017248
69 691 100.772072659615
89 890 100.776147659615
98 980 100.777527659615
76 760 103.666363968124
75 751 103.667691968124
61 611 112.755521639962
79 791 121.855513453404
75 750 121.858273453404
70 701 121.861059453404
94 940 121.862387453404
92 920 121.863793453404
88 880 121.865212453404
60 601 121.866540453404
88 881 121.867868453404
68 680 122.161511123577
72 720 122.162891123577
74 740 122.164219123577
80 800 122.176639123577
91 910 122.179425123577
80 801 122.184984123577
68 681 122.186351123577
87 871 122.255851533377
73 731 125.186723596548
97 970 125.278363773867
64 640 125.281058939511
99 990 131.263842458613
90 900 131.266589458613
86 861 131.269375458613
91 911 132.69870086832
83 831 132.759582051114
72 721 132.760949051114
77 771 132.762290051114
63 631 132.763618051114
85 851 132.765011051114
93 930 134.656125210235
65 651 134.666995809841
99 991 134.676668809841
97 971 136.665029894391
76 761 136.691405894391
78 781 136.692733894391
89 891 136.694061894391
71 711 145.667651854883
90 901 145.671765854883
93 931 152.77139661213
96 961 164.658342553565
66 661 173.267930353954
94 941 173.269258353954
64 641 173.271927353954
74 741 173.273320353954
82 821 173.278840353954
67 671 173.280181353954
92 921 177.174248460716
98 981 177.175667460716
93 932 178.691068623367
84 841 181.261329786843
66 662 187.262792533997
95 951 187.280745533997
95 952 187.290418533997
68 682 188.158224915568
62 621 207.255590219684
62 622 207.256996219684
71 712 207.262425219684
81 811 207.263818219684
81 812 207.265211219684
85 852 207.267984219684
89 892 207.269377219684
84 842 207.274806219684
83 832 207.281498219684
90 902 207.287057219684
98 982 207.288385219684
67 672 207.291132219684
60 602 207.292460219684
80 802 207.293853219684
97 972 207.295181219684
64 642 208.160947885858
65 652 208.162366885858
77 772 208.170607885858
78 782 208.171935885858
72 722 208.177429885858
86 862 208.178848885858
75 752 208.181543885858
61 612 208.182884885858
88 882 208.191229885858
74 742 211.284864253919
63 632 216.675672847659
69 692 231.276759998114
73 732 234.655587051395
73 733 234.672186051395
74 743 235.187109692576
87 872 239.196734116053
91 912 239.261140119938
91 913 243.65832030959
82 822 252.173672926949
80 803 252.175039926949
92 922 252.176445926949
79 792 252.180624926949
60 603 252.186157926949
70 702 252.187563926949
62 623 255.284904217494
76 762 255.287729217494
94 942 255.289057217494
77 773 255.290437217494
81 813 255.291804217494
88 883 255.294577217494
95 953 255.355427217412
92 923 255.356794217412
67 673 256.666084220292
78 783 256.667464220292
68 683 256.670224220292
76 763 260.188889281117
99 992 268.670471071325
75 753 269.190219231196
98 983 278.265072919627
84 843 278.266400919627
61 613 279.167933001858
64 643 279.183152001858
71 713 279.194179001858
85 853 300.178398021728
90 903 300.259693400566
68 684 300.261021400566
79 793 300.262375527961
71 714 300.263703527961
92 924 300.265044527961
80 804 300.277321527961
89 893 301.768393126103
67 674 301.776673126103
73 734 301.778053126103
84 844 301.779381126103
65 653 301.787700126103
99 993 301.790395126103
83 833 305.6554259258
66 663 305.6581989258
82 823 305.6623389258
66 664 305.6637189258
78 784 305.6720249258
83 834 305.6733789258
63 633 305.6789249258
63 634 305.6816719258
97 973 309.175925750961
69 693 309.178582207191
77 774 309.689289110298
70 703 310.271070222927
85 854 310.278022222927
94 943 310.279376222927
76 764 324.156949691667
98 984 324.180162691667
94 944 324.181516691667
89 894 342.185563804055
61 614 342.188297804055
74 745 342.189651804055
70 704 342.787620757477
81 814 351.66751592041
62 624 351.67843892041
65 654 351.67976692041
74 744 354.260899127935
60 604 354.262292127935
64 644 354.266484127935
79 794 354.267877127935
76 765 364.18364650075
61 615 376.663557670074
80 805 376.664885670074
93 934 376.672899430149
93 933 376.674292430149
62 625 376.682455430149
83 835 376.683809430149
69 694 376.689342430149
67 675 377.172504817267
77 775 377.173923817267
94 945 377.175264817267
85 855 377.178089817267
70 705 377.179508817267
72 725 377.180836817267
73 735 377.182177817267
79 795 377.183583817267
69 695 377.186291817267
71 715 382.182365451783
75 754 399.161677394731
72 724 401.169293671276
97 975 401.189579121802
60 605 408.757093231075
65 655 408.762626231075
97 974 408.768263231075
60 606 408.783586231075
65 656 408.784940231075
75 755 423.662577963943
99 994 423.676208963943
75 756 423.680296963943
63 635 426.16863902819
64 645 426.17004502819
66 665 426.17284402819
83 836 426.17966602819
68 685 433.760409899738
92 925 433.761750899738
67 676 433.763130899738
78 786 435.16515466912
89 895 435.16924266912
80 806 435.17058366912
84 845 435.17200266912
64 646 435.18140266912
70 706 435.18413666912
77 776 435.18692266912
89 896 461.758242719107
84 846 461.762318372489
77 777 461.766355025871
71 716 461.769154226429
62 626 463.178948617283
68 686 474.156053696794
85 856 474.157433696794
97 976 474.160089696794
69 696 479.166319167692
79 796 479.167673167692
70 707 479.170472167692
92 926 479.171800167692
61 616 479.174638167692
74 746 479.176031167692
72 726 479.177424167692
68 687 483.758397117781
73 736 485.763743224981
94 946 485.767831224981
97 977 485.780147224981
63 636 496.267940785355
63 637 496.269294785355
76 766 496.272067785355
76 767 496.274775785355
62 627 496.276142785355
84 847 496.277483785355
92 927 496.769203829127
60 607 496.784370829127
66 666 517.158453055811
66 667 517.159833055811
94 947 517.161213055811
72 727 517.165262055811
73 737 520.661218019975
73 738 520.672336019975
71 717 541.657626725152
67 677 541.660399725152
80 807 541.664474725152
71 718 541.665893725152
61 617 541.669942725152
78 787 541.671361725152
75 757 542.667699640514
69 698 543.283506359571
69 697 543.284925359571
64 647 543.286253359571
62 628 543.287594359571
61 618 543.290341359571
65 658 543.291760359571
67 678 563.759794851754
79 797 563.761122851754
68 688 563.765236851754
65 657 563.766616851754
92 928 564.673280323831
60 608 565.186779693567
63 638 565.189604693567
97 978 567.861138798473
66 668 573.258280195036
85 857 573.269385195036
60 609 573.281857195036
76 768 573.283198195036
74 748 584.283109019057
85 858 584.284450019057
80 808 584.285830019057
