46 460 45.155651341191
57 570 66.759947013497
49 490 68.655608076252
47 470 68.656975076252
52 520 93.662065322582
43 430 93.663484322582
58 580 93.664812322582
59 590 93.666179322582
53 530 93.667533322582
40 400 93.670241322582
56 560 93.671634322582
40 401 93.673001322582
55 550 95.163009277082
48 480 112.259972005805
48 481 112.264164005805
45 450 112.268265005805
42 421 112.681693754205
54 540 112.683112754205
54 541 112.685937754205
43 431 115.173892274297
44 440 115.175259274297
53 531 115.180740274297
45 451 115.187510274297
50 501 115.188916274297
41 410 130.657270320855
42 420 130.658624320855
56 561 130.664027320855
50 500 132.770104159245
51 510 132.774244159245
55 551 139.164969669306
49 491 139.170282018332
58 581 139.293117777935
44 441 159.163629222976
54 542 159.165048222976
51 511 159.169201222976
59 591 174.172635620834
52 521 174.173963620834
46 461 174.176632620834
47 471 174.178038620834
41 411 175.676724196395
51 512 175.680955196395
42 422 179.756913814909
57 571 182.655475787086
57 572 182.658170787086
48 482 201.179134964081
45 452 201.19530346536
58 582 203.678822792692
44 442 203.682975792692
55 552 205.169270147276
52 522 205.173306147276
40 402 218.158229892126
56 562 218.16783822904
50 502 219.668174583667
43 432 222.279590412097
58 583 226.671108006152
41 412 242.775356227456
51 513 242.776749227456
53 532 245.193035636318
49 492 245.194389636318
42 423 245.195743636318
47 472 245.677032599743
50 503 248.198862051156
59 592 262.662898834125
55 553 269.655517490733
52 523 269.659592490733
59 593 269.662274490733
55 554 269.686529760383
40 404 282.155535121495
43 433 287.779366089959
43 434 287.780694089959
51 514 290.190480775493
57 573 290.981973776345
56 563 290.986113776345
50 504 299.165133616218
52 524 299.167919616218
58 584 303.15981360804
42 424 303.16120660804
49 494 309.792346904102
54 543 313.769278532746
47 473 335.187387746294
53 533 335.188793746294
53 534 335.190121746294
57 574 335.192816746294
46 464 335.196891746294
46 463 335.255457746876
59 594 335.256863746876
47 474 335.260964746876
43 435 350.183345035163
56 564 350.660361786288
46 465 350.667170786288
54 544 350.678132786288
59 595 350.680853786288
49 493 353.761491733061
58 585 374.763497189115
54 545 374.767663189115
40 405 376.281648067854
56 565 376.283028067854
48 484 376.284434067854
57 575 377.66040589091
50 505 387.170955290936
51 515 387.173689290936
52 525 387.175056290936
41 413 387.180524290936
41 414 387.181865290936
58 586 391.176295543502
52 526 392.170556127884
47 475 398.263928918225
49 495 398.265308918225
48 485 403.690211046108
47 476 403.691578046108
53 535 419.767816768484
51 516 460.66745955992
57 576 460.67021955992
40 407 460.67848655992
40 406 461.6724119637
56 566 462.172694313108
50 506 466.167203780668
55 555 487.665817908379
55 556 487.667210908379
53 536 487.669996908379
55 557 487.674058908379
58 587 504.158883278898
54 547 510.199504531364
42 425 512.161362351101
42 426 512.162768351101
49 496 512.168197938895
53 537 512.174943097111
48 486 535.161640785214
48 487 535.163059785214
40 408 535.167173785214
52 527 535.168540785214
52 528 535.172130354198
57 577 535.173497354198
55 558 535.174890354198
56 567 535.176296354198
56 568 554.265113131978
50 508 554.266493131978
59 596 554.267899131978
59 597 554.269240131978
54 548 555.062485197387
59 598 572.16128145031
51 518 572.16267445031
44 448 577.198151920476
58 588 577.255586924144
53 538 593.759782809062
57 578 593.761201809062
58 589 593.762542809062
40 409 598.965562195808
