25 620 56.659402125212
26 650 76.66118910218
79 650 76.66118910218
70 601 118.169802886235
13 640 142.157437037761
13 641 142.160223037761
20 670 142.164259136635
13 670 142.164259136635
33 631 142.168295235509
5 631 142.168295235509
13 631 142.168295235509
82 660 142.170990334383
5 660 142.170990334383
13 660 142.170990334383
33 661 167.682967233025
6 661 167.682967233025
99 672 185.275032960123
80 671 185.279029960123
99 671 185.279029960123
41 681 228.168284677398
41 682 228.169677677398
30 680 228.173739677398
40 680 228.173739677398
41 680 228.173739677398
41 602 230.668005685031
96 602 230.668005685031
32 632 232.180800086548
46 632 232.180800086548
15 632 232.180800086548
75 623 250.181568805317
17 612 251.266257601703
56 673 252.688275645723
28 652 256.174445366608
80 652 256.174445366608
33 613 276.173571063443
9 613 276.173571063443
40 613 276.173571063443
64 633 278.1811647009
82 663 278.183834541048
64 663 278.183834541048
64 653 278.194695061492
19 693 278.256945555196
90 693 278.256945555196
64 693 278.256945555196
83 664 297.275026227937
82 664 297.275026227937
90 654 297.783273330534
82 643 297.794339330534
90 643 297.794339330534
82 634 297.795745330534
90 634 297.795745330534
50 674 319.762991831944
9 674 319.762991831944
70 674 319.762991831944
52 683 319.768433831944
70 683 319.768433831944
52 684 319.769852831944
70 684 319.769852831944
4 624 341.285011187377
93 624 341.285011187377
82 624 341.285011187377
11 603 341.286391187377
93 603 341.286391187377
82 603 341.286391187377
35 694 365.657311647865
23 605 366.181030416932
80 605 366.181030416932
81 614 383.268634762862
81 625 383.279572339378
47 675 387.681733358772
94 675 387.681733358772
7 675 387.681733358772
81 615 387.683113358772
94 615 387.683113358772
7 615 387.683113358772
71 655 404.163882977635
60 655 404.163882977635
48 695 404.166617515179
73 695 404.166617515179
60 695 404.166617515179
63 645 431.658116683223
93 645 431.658116683223
77 645 431.658116683223
63 665 431.659470683223
93 665 431.659470683223
77 665 431.659470683223
37 685 433.760669162898
67 685 433.760669162898
10 635 433.763455162898
13 635 433.763455162898
67 635 433.763455162898
42 656 450.770289226933
32 656 450.770289226933
77 646 475.658124104549
4 616 496.66029969332
46 616 496.66029969332
51 616 496.66029969332
52 626 496.66164069332
46 626 496.66164069332
51 626 496.66164069332
94 667 514.160592296848
79 696 514.164628296848
31 696 514.164628296848
94 696 514.164628296848
33 607 538.667249077831
46 607 538.667249077831
88 677 542.177506968584
86 677 542.177506968584
55 677 542.177506968584
49 617 543.260854552206
66 617 543.260854552206
85 657 543.262208552206
49 657 543.262208552206
66 657 543.262208552206
13 627 543.263601552206
49 627 543.263601552206
66 627 543.263601552206
66 697 543.267741552206
69 636 543.269121552206
66 636 543.269121552206
57 628 543.274615552206
66 628 543.274615552206
1 618 543.277297552206
57 618 543.277297552206
66 618 543.277297552206
67 688 558.185569281866
3 637 558.186949450925
1 637 558.186949450925
49 637 558.186949450925
77 658 558.188290450925
1 658 558.188290450925
49 658 558.188290450925
60 638 580.165158453557
