38 380 41.155527369864
8 80 48.158864982699
63 630 53.655583009152
39 390 63.655431356171
49 490 63.656772356171
8 81 70.15954362112
3 30 70.166405032304
69 690 78.755378549486
29 290 80.656881908956
18 180 80.665007487728
19 191 80.670359277114
79 790 83.855475994812
48 480 83.856842994812
78 780 83.868582257166
84 840 83.869962257166
3 31 100.170664568104
33 330 100.773448660839
54 540 100.777627660839
68 680 100.779046660839
34 340 100.780465660839
73 730 100.781832660839
4 41 100.783160660839
74 740 100.784501660839
9 90 100.785881660839
9 91 100.787287660839
54 541 100.788641660839
69 691 100.789969660839
44 440 102.66144492378
53 530 102.66553292378
53 531 102.67514092378
19 190 102.67653392378
38 381 102.67787492378
18 181 102.67928092378
94 940 105.8700902399
28 280 111.680138341361
4 40 112.15548886584
79 791 121.855502058935
24 240 121.856895058935
14 140 121.858275058935
58 580 121.859681058935
88 880 121.863756058935
29 291 121.867792058935
59 590 124.159935931522
68 681 124.170975931522
43 430 124.179164931522
43 431 124.181924931522
63 631 124.190230931522
13 130 124.197039931522
13 131 124.198445931522
64 640 124.199812931522
89 890 124.25560292879
98 980 124.25702192879
64 641 124.25836292879
58 581 124.26110992879
14 141 132.167706703893
93 930 134.655429544848
83 830 134.658163544848
34 341 134.663657544848
93 931 134.664998544848
99 990 134.669177544848
13 132 138.696661202006
73 731 144.262565724825
99 991 144.263971724825
33 331 148.776961738944
74 741 157.256856961024
39 391 159.162305559459
54 542 159.175975559459
3 32 159.259792557909
23 230 159.261211557909
23 231 159.262552557909
58 582 171.255637430127
78 781 171.266881620645
84 841 171.268261620645
98 981 171.269602620645
14 142 171.270956620645
93 932 171.273638620645
44 441 175.763847669692
49 491 175.765175669692
48 481 175.766594669692
94 941 176.695787049588
38 382 178.673680119512
24 241 178.683275119512
43 432 178.691438119512
89 891 178.692805119512
39 392 178.694159119512
4 42 178.699601119512
24 242 181.696776045397
83 831 181.755584045729
99 992 181.759724045729
68 682 200.165418195564
9 92 202.678939685229
48 482 202.683066685229
23 232 208.160990672501
64 642 208.162318672501
59 591 208.163724672501
8 82 208.166458672501
74 742 210.890392274733
28 281 210.96084432552
84 842 210.96217258316
98 982 210.96352658316
29 292 212.655561198456
89 892 212.665143198456
33 332 212.674764198456
29 293 212.694123198456
19 192 222.169787521636
34 342 224.662397214192
18 182 224.687211214192
38 383 224.758261218553
73 732 234.655501281983
49 492 234.666971411365
53 532 234.67319095175
79 792 234.675925446038
73 733 234.678646940326
63 632 234.679974940326
44 442 234.682644227237
74 743 235.175996663441
94 942 236.685974356544
59 592 236.688773356544
69 692 249.668765403575
4 43 254.862728199123
49 493 254.865449199123
29 294 254.870904199123
23 233 256.170398794308
28 283 256.177104556056
88 881 256.186557698678
78 782 256.196075079552
39 393 256.200228079552
59 593 256.257060965232
19 193 258.66927073159
98 983 262.194205314373
28 282 268.695099935374
9 93 268.782728252042
43 433 276.173786317884
84 843 276.175127317884
14 143 276.193028317884
24 243 276.796772981037
53 533 276.799610981037
93 933 276.855379976528
24 244 276.864961976528
64 644 276.866367976528
19 194 276.867786976528
34 343 284.199470396348
43 434 285.659708748738
79 793 289.255501942165
79 794 289.271866942165
89 893 300.167668419098
34 344 300.169035419098
33 333 300.182757419098
64 643 300.185517419098
68 683 302.674517655022
23 234 302.675845655022
99 993 302.678605655022
84 844 302.686768655022
9 94 302.690921655022
68 684 302.693681655022
63 633 306.189433713356
14 144 315.156903760226
14 145 315.300222302271
4 44 317.661055070321
19 195 317.695282070321
63 634 320.271466045383
78 783 320.272807045383
78 784 320.274148045383
39 394 325.197255842835
94 944 328.187490869497
13 134 328.188857869497
94 943 328.191578869497
98 984 328.192984869497
69 693 328.197176869497
69 694 328.198504869497
49 494 328.199858869497
53 534 328.258303865265
13 133 335.161132730787
38 384 335.182263554633
24 245 335.187783554633
54 543 337.159832129542
89 894 337.164174552999
44 444 337.166856594373
73 734 337.179528356608
93 934 337.199721581251
54 544 337.255405552456
4 45 337.258126607702
23 235 337.273020855874
74 744 350.163278657406
74 745 350.165999657406
98 985 357.183983741352
9 95 357.192107741352
59 594 364.269058461304
59 595 364.271844461304
49 495 377.173965944181
43 435 377.187674944181
83 834 377.197347944181
38 385 377.198688944181
68 685 377.200029944181
79 795 377.255449304803
44 443 381.256779124722
93 935 381.26222207378
29 295 381.271791262892
44 445 381.277208022838
39 395 381.289318940986
23 236 385.684641187438
69 695 385.687427187438
34 345 385.688794187438
13 135 391.190392429965
84 845 391.191772429965
54 545 393.661950490898
94 945 393.677000490898
78 785 394.259778558566
4 46 396.688152208674
9 96 403.756952804948
39 396 420.17054718172
53 535 420.17195318172
64 645 420.17332018172
63 635 420.178684450878
93 936 420.181431720036
98 986 420.184152989194
13 136 434.661244818658
99 994 434.66589623387
54 546 434.68355023387
59 596 434.68623223387
13 137 434.68903123387
84 846 456.672220191945
19 196 456.673639191945
34 346 456.675045191945
38 386 456.676399191945
9 97 462.179367349683
89 895 462.655680173036
89 896 462.657034173036
64 646 462.672019173036
49 496 462.680364173036
94 946 466.161573594441
44 446 481.689057676617
14 147 491.658434457774
19 197 491.663824457774
74 746 491.669305457774
74 747 491.670685457774
53 536 491.672052457774
29 296 491.673471457774
99 996 491.674890457774
49 497 491.676270457774
79 797 491.680306457774
34 347 491.689836457774
14 148 491.691242457774
29 297 496.160436350095
53 537 496.187805960481
43 437 496.268455553015
63 636 496.271202553015
84 847 496.272556553015
94 947 507.69802040174
99 995 517.156764167387
79 796 517.160774167387
69 696 517.163469167387
24 246 517.173103167387
73 737 517.184143167387
43 436 526.163887558104
78 786 526.168001558104
19 198 526.173482558104
44 447 537.159583465042
59 597 537.169230465042
29 298 537.170597465042
73 738 537.176091465042
4 47 547.665218023296
63 637 547.673381465619
34 348 547.684148911197
73 736 547.693627211504
99 997 547.69763736003
44 448 547.698965505301
23 237 547.755550807228
49 498 547.761045065498
43 438 547.762425067944
39 397 547.767815326214
24 247 547.770523456572
24 248 547.77454658693
99 998 547.777241589376
89 897 547.779910719734
23 238 550.165096736073
38 387 550.170460916799
54 547 550.197490543333
38 388 550.198857543333
9 98 561.698586112425
39 398 563.655379650455
59 598 563.662188650455
63 638 563.664974650455
4 48 563.678839650455
14 146 563.680258650455
54 548 563.685778650455
39 399 563.691194650455
69 697 567.260940714794
69 698 567.262359714794
98 987 568.673402092295
49 499 568.695378092295
94 948 572.699891247603
53 538 572.755568243722
9 99 576.659668569542
19 199 596.162290172611
89 898 599.060961437511
44 449 599.062289437511
13 139 599.063656437511
79 798 599.064984437511
79 799 599.066351437511
