6 60 25.155550430015
15 150 51.655506430252
8 80 51.656886430252
20 200 51.658292430252
10 100 70.156951860961
8 81 70.158892707849
14 140 75.164039833712
3 30 75.165406833712
19 190 75.663643431516
12 120 75.665062431516
11 110 75.666429431516
17 170 96.655438872386
17 171 96.656779872386
7 70 96.658185872386
0 0 96.659539872386
16 160 96.660867872386
7 71 96.663627872386
1 10 96.667754872386
9 90 96.669082872386
1 11 96.671842872386
4 40 96.674039152562
4 41 96.675432152562
9 91 96.676851152562
15 151 111.655415440859
12 121 112.182469480677
13 130 112.190645480677
2 20 112.197519480677
0 1 132.156104165256
16 161 132.158287366728
14 141 132.163820366728
19 191 132.168188786617
3 31 132.169529786617
20 201 132.177939786617
18 180 137.666582438303
13 131 137.688939704405
10 101 137.690345704405
0 2 137.695787704405
5 51 138.680231897919
13 132 138.682991897919
2 21 139.693717928127
11 111 139.695110928127
2 22 139.696490928127
16 162 140.187966414462
18 182 154.180676642971
6 62 154.183475642971
18 181 156.198636828394
17 172 176.26668120194
12 122 179.668873912357
20 202 186.156951606744
11 112 200.16028649418
7 72 200.16436149418
15 152 203.162542351866
9 92 203.169338476922
3 32 204.657616750012
19 192 204.658944750012
1 12 204.667003750012
8 82 204.668396750012
4 43 204.673955750012
3 33 204.675374750012
10 102 220.664607677201
5 52 220.672757677201
0 3 220.681801891407
6 61 220.683207891407
1 13 220.687295891407
2 23 220.688662891407
16 163 220.690003891407
14 142 221.670842755409
15 153 227.185835190071
5 53 237.663643462271
12 123 237.666416462271
18 183 247.694070446708
20 203 247.695437446708
10 104 249.194361312197
17 173 251.160599834396
17 174 251.172903741092
3 34 265.192016440397
10 103 269.678625839077
11 113 269.686711645421
9 93 269.700135854937
6 63 292.659009696711
19 193 292.665870696711
18 184 292.667250696711
6 64 292.668591696711
4 44 292.669958696711
19 194 292.671286696711
12 124 294.694711401304
11 114 294.696091401304
20 204 294.697484401304
15 154 296.18920261923
9 94 300.165474360336
7 73 309.679016995614
14 143 309.680435995614
13 134 309.681828995614
14 144 309.683156995614
8 84 309.685968995614
5 54 309.687309995614
13 133 313.699985373853
14 145 315.185230431598
19 195 317.674661918755
10 105 335.163813091701
1 14 335.166495091701
11 115 353.671304781947
7 74 355.655413332821
7 75 355.656780332821
0 4 357.176600234733
4 45 357.182068234733
20 205 357.184841234733
1 15 357.186221234733
13 135 362.165282128229
6 65 381.183951461567
17 175 381.185331461567
3 35 381.189458461567
5 55 381.190864461567
7 76 385.655439248166
3 36 385.660829343744
0 5 396.164237598715
1 16 418.659774372369
2 26 418.667937778587
12 125 422.680960779353
2 24 422.682314779353
16 165 422.683694779353
18 186 422.687795779353
10 106 422.689214779353
15 155 422.690542779353
2 25 427.168862351085
17 176 441.16122349461
15 156 441.17225049461
7 77 441.17777049461
9 96 462.190299970235
11 116 462.194478970235
9 97 462.195845970235
11 117 462.197212970235
15 157 462.198540970235
14 146 464.166556446405
20 206 464.167884446405
19 196 464.169290446405
1 17 464.655582281744
5 56 464.656936281744
13 136 464.663233601808
12 126 473.664963308162
16 164 473.666291308162
0 6 486.192306519577
10 107 486.193686519577
20 207 494.158512242917
4 47 494.159866242917
1 18 506.681096937107
19 197 509.69388262008
14 147 509.69524962008
5 57 514.664808052986
5 58 514.667568052986
12 127 514.668987052986
13 138 514.670315052986
2 27 529.155620279007
2 28 529.158445279007
11 118 551.695522068668
16 167 551.757024363866
18 185 553.670597944383
17 177 553.673253944383
18 187 553.685680106271
6 66 553.687073106271
19 198 553.691265106271
20 208 553.692658106271
9 98 554.655412480616
15 158 554.656740480616
0 7 555.661075743885
11 119 555.662416743885
7 78 555.67194675853
3 37 555.67331375853
7 79 556.671892520686
3 38 572.667801960342
0 8 572.673269960342
16 169 572.678698960342
4 48 572.691080183713
16 168 572.697993183713
19 199 597.687034279244
17 178 602.164201655041
14 149 602.166961655041
5 59 602.168315655041
