65 790 76.656779248951
69 620 78.757022555293
24 770 82.95675335331
77 700 82.95809435331
24 700 82.95809435331
53 780 83.158206349442
94 760 92.384091570052
87 760 92.384091570052
29 760 92.384091570052
82 660 107.163781312286
1 660 107.163781312286
17 660 107.163781312286
82 730 107.165122312286
1 730 107.165122312286
17 730 107.165122312286
0 720 116.758311443318
69 720 116.758311443318
72 740 116.759665443318
0 740 116.759665443318
69 740 116.759665443318
79 701 121.86394532368
0 680 122.160425350265
16 631 122.171989745711
0 631 122.171989745711
80 750 122.174723745711
0 750 122.174723745711
5 771 132.688771620962
13 771 132.688771620962
83 721 132.695632620962
5 721 132.695632620962
13 721 132.695632620962
93 651 134.671041099886
58 640 142.159155560005
58 761 142.173033560005
17 711 145.662366238529
91 781 167.670111466825
71 781 167.670111466825
51 781 167.670111466825
22 670 167.763828462533
45 670 167.763828462533
51 670 167.763828462533
33 661 173.259637478995
6 661 173.259637478995
20 641 173.263751478995
6 641 173.263751478995
19 671 173.265144478995
20 671 173.265144478995
6 671 173.265144478995
66 731 176.671993294137
33 731 176.671993294137
56 681 177.180681679178
85 681 177.180681679178
38 681 177.180681679178
30 682 194.169157553125
12 602 194.170498553125
30 602 194.170498553125
12 742 194.171865553125
30 742 194.171865553125
69 702 196.385361666812
22 722 196.396388666812
69 722 196.396388666812
22 792 196.397807666812
69 792 196.397807666812
64 652 208.161117009943
32 632 216.681247602787
85 741 216.774211986053
90 741 216.774211986053
32 741 216.774211986053
68 692 219.685800388103
41 692 219.685800388103
29 622 220.174994143596
12 601 220.192651377916
29 601 220.192651377916
2 782 220.282975740431
41 782 220.282975740431
29 782 220.282975740431
41 772 220.285722740431
29 772 220.285722740431
15 603 233.380153546149
73 612 234.670369894863
61 752 234.671723894863
73 752 234.671723894863
29 621 235.172179374061
43 621 235.172179374061
74 621 235.172179374061
29 712 235.174887374061
43 712 235.174887374061
74 712 235.174887374061
3 693 239.258239863055
10 762 242.293164714021
77 762 242.293164714021
29 762 242.293164714021
91 673 251.370743207443
17 673 251.370743207443
27 663 252.173783577243
50 763 260.196516987871
28 763 260.196516987871
98 643 269.177819346961
32 643 269.177819346961
9 613 269.194184346961
32 613 269.194184346961
10 753 269.255423342989
32 753 269.255423342989
10 773 269.256751342989
32 773 269.256751342989
77 623 269.259550342989
10 623 269.259550342989
32 623 269.259550342989
43 713 277.261794722586
44 783 286.699611627326
43 783 286.699611627326
9 783 286.699611627326
52 684 286.756960631828
50 684 286.756960631828
9 684 286.756960631828
50 674 286.758301631828
9 674 286.758301631828
19 653 298.190132185458
17 653 298.190132185458
65 723 298.195665185458
19 723 298.195665185458
17 723 298.195665185458
17 774 298.259716188174
92 683 299.278674623329
14 683 299.278674623329
92 714 299.282879623329
14 714 299.282879623329
82 633 302.978990025942
8 633 302.978990025942
82 634 307.69702337483
50 634 307.69702337483
82 784 307.755444976725
50 784 307.755444976725
54 703 310.26766595027
30 703 310.26766595027
92 703 310.26766595027
92 644 310.28138795027
92 664 310.29911995027
4 624 343.286392506752
46 624 343.286392506752
35 624 343.286392506752
93 654 350.399777545507
27 654 350.399777545507
65 734 350.455591546121
93 734 350.455591546121
27 734 350.455591546121
22 614 352.196493354371
7 614 352.196493354371
74 614 352.196493354371
97 694 372.468586004202
62 694 372.468586004202
8 694 372.468586004202
8 625 372.471320004202
21 795 382.167666881737
23 604 382.177300881737
29 604 382.177300881737
21 604 382.177300881737
23 605 382.178667881737
29 605 382.178667881737
21 605 382.178667881737
60 715 382.181414881737
21 715 382.181414881737
71 655 382.182833881737
60 655 382.182833881737
21 655 382.182833881737
46 685 393.666221528894
36 685 393.666221528894
14 704 393.669046528894
36 704 393.669046528894
14 705 393.670387528894
36 705 393.670387528894
14 765 393.671728528894
36 765 393.671728528894
47 775 393.673147528894
37 775 393.673147528894
36 775 393.673147528894
85 675 393.682833528894
49 675 393.682833528894
36 675 393.682833528894
93 635 407.780320446588
59 635 407.780320446588
63 645 407.783067446588
93 645 407.783067446588
59 645 407.783067446588
52 785 407.792610446588
58 785 407.792610446588
59 785 407.792610446588
1 735 415.167846919486
73 724 415.169239919486
1 724 415.169239919486
56 725 415.184367919486
47 725 415.184367919486
1 725 415.184367919486
1 696 415.185734919486
1 676 415.188429919486
45 656 430.177829502956
32 656 430.177829502956
77 646 435.169271245873
78 646 435.169271245873
34 716 474.158023320825
35 736 475.272553484218
48 726 475.275339484218
35 726 475.275339484218
42 746 475.279401484218
48 746 475.279401484218
35 746 475.279401484218
68 636 480.963699430533
77 636 480.963699430533
17 766 485.174783249087
76 626 485.177530249087
17 626 485.177530249087
14 706 485.180342249087
17 706 485.180342249087
14 707 485.181683249087
17 707 485.181683249087
18 615 492.165216520073
14 615 492.165216520073
18 616 492.166583520073
14 616 492.166583520073
31 747 492.181646520073
70 747 492.181646520073
14 747 492.181646520073
85 754 495.77706488959
28 754 495.77706488959
92 754 495.77706488959
28 657 495.77845788959
92 657 495.77845788959
19 665 495.79223188959
92 665 495.79223188959
19 666 495.79355988959
92 666 495.79355988959
19 617 495.79767388959
92 617 495.79767388959
46 737 497.271148371817
51 737 497.271148371817
55 796 524.672737003184
73 796 524.672737003184
52 677 542.667400672212
38 677 542.667400672212
2 677 542.667400672212
55 727 542.668780672212
38 727 542.668780672212
2 727 542.668780672212
55 717 542.681073770934
7 607 542.682427770934
71 607 542.682427770934
55 607 542.682427770934
55 718 542.683755770934
88 678 550.162141722518
67 688 550.164914722518
88 688 550.164914722518
59 787 550.175238884058
28 787 550.175238884058
88 787 550.175238884058
27 757 550.176592884058
28 757 550.176592884058
88 757 550.176592884058
67 798 550.177959884058
88 798 550.177959884058
37 638 551.181743114873
1 638 551.181743114873
66 638 551.181743114873
1 647 551.183084114873
66 647 551.183084114873
1 788 551.185779559435
66 788 551.185779559435
49 608 551.187120967059
39 697 551.188487967059
65 697 551.188487967059
49 697 551.188487967059
1 778 551.189816003997
66 778 551.189816003997
49 658 551.255539100163
65 618 551.262257583814
66 618 551.262257583814
8 627 551.269002472966
66 627 551.269002472966
44 628 551.273025917542
8 628 551.273025917542
66 628 551.273025917542
60 637 568.689405061141
39 637 568.689405061141
48 758 568.693415545861
39 758 568.693415545861
1 698 605.792632666751
74 698 605.792632666751
36 698 605.792632666751
36 749 605.796850666751
