61 610 52.755460578465
21 210 52.756879578465
63 630 53.655562734101
20 200 54.157401674309
25 250 56.655460325104
62 620 56.659626325104
60 600 74.155517758343
26 260 76.656779930098
69 690 78.755465275489
24 240 78.766440275489
65 650 79.157015092208
26 261 79.158395092208
29 290 80.655466479182
29 291 80.65954228042
27 270 100.164503351049
27 271 101.659769600205
61 611 112.755408908258
69 691 116.755465163514
60 601 118.168089698113
25 251 118.169417698113
68 680 122.165787920903
22 220 122.168522795251
66 660 122.174450859627
28 280 124.16088356376
28 281 124.16636456376
64 640 142.161588531723
64 641 142.165689630597
67 670 142.169738729471
63 631 142.176547974486
62 621 164.658866143597
22 221 166.772496525197
20 201 186.159390203591
67 671 186.172162926597
24 242 186.176238134285
23 231 186.180339134285
26 262 186.181706134285
66 661 187.255531004626
66 662 187.263747125994
24 241 187.272053125994
65 651 208.159946760303
23 232 208.162628760303
64 642 208.163982760303
22 222 208.165388760303
23 230 208.166729760303
69 692 210.765267176354
29 292 212.655453210159
25 252 212.658278210159
62 622 212.659645210159
29 293 212.660973210159
68 681 228.175162489592
68 682 228.176503489592
61 612 231.263205652761
60 602 231.264611652761
21 211 231.766856980843
21 212 231.771022980843
27 272 231.772376980843
27 273 252.166628673836
63 633 252.178855046068
28 282 252.180235046068
28 283 252.192423790532
25 253 252.193842790532
23 233 252.195196790532
67 673 253.165873061068
20 203 253.167266061068
65 652 253.179544519232
28 284 256.185364773482
62 623 256.19214853523
63 632 274.670631993269
69 693 274.676117236416
24 243 296.692829290307
65 654 296.695667290307
29 294 297.190900663825
20 204 297.193596130151
65 653 297.25544595271
21 214 297.273243141637
63 634 297.274610141637
26 264 297.276016141637
25 254 297.278724141637
67 672 300.186173731495
66 663 300.195807731495
67 674 301.767543853669
23 234 318.69426564514
69 694 318.69563264514
64 643 318.698289454658
68 683 318.760883239036
26 263 319.160394983871
27 274 319.161761983871
68 684 319.195513980633
64 644 319.198170103059
61 613 320.159752193529
21 213 320.665495389101
66 664 341.289032353244
27 275 341.295815353244
23 235 341.298536353244
60 604 344.158385363035
28 285 344.160163023929
22 223 363.297927759164
22 224 363.299255759164
67 675 363.369450755071
29 295 366.186957920004
60 605 366.188337920004
62 625 366.189665920004
21 215 384.655389717847
62 624 384.656743717847
61 614 384.67121106307
60 603 384.67260406307
21 216 384.67395806307
24 244 385.28741430054
61 615 385.756808960747
22 225 398.775122529787
65 655 398.779186081577
23 236 398.785944767769
69 695 398.799473588363
60 606 404.176127208739
68 685 406.661507299332
25 255 407.759988706777
20 205 409.670794251388
29 296 409.672213251388
64 645 431.662475491929
66 665 431.665274491929
26 265 431.668021491929
26 266 431.669427491929
63 635 431.672187491929
67 676 431.69265430896
28 286 473.268671402782
68 686 474.15855229733
65 656 474.162601617505
66 666 474.167992181096
20 206 474.181456329776
25 257 474.184151583284
64 646 474.186873092678
68 687 474.193605111466
25 256 475.668073326697
27 276 475.685758406965
61 616 494.686020951537
20 207 494.690174201603
62 627 495.169279176051
62 626 516.674409330094
61 617 516.677104330094
27 277 516.679851330094
66 667 516.681218330094
22 226 516.682637330094
69 696 516.684030330094
28 287 538.679356535076
29 297 538.682129535076
26 268 538.683457535076
29 298 538.686152535076
28 288 538.687519535076
65 657 538.695799535076
27 278 543.256937334873
24 248 543.280189334873
20 208 561.186683750191
62 628 561.194846857597
67 677 561.255579053738
67 678 561.256985053738
63 636 561.262531053738
68 688 561.266762053738
69 698 561.280238830338
65 658 584.681479938326
24 249 605.258523456177
25 259 605.259916456177
