46 460 45.155400606368
61 610 52.755520916773
63 630 53.655656775423
45 450 53.658481775423
57 570 53.659874775423
71 710 57.655503608977
47 470 57.656831608977
49 490 57.658237608977
60 600 68.658399715408
44 440 74.156780069157
65 650 76.655564177789
79 790 76.656918177789
48 480 76.658337177789
69 690 78.755757227313
62 620 78.760089760046
53 530 78.768330760046
58 580 95.161376074319
40 400 95.162743074319
43 430 95.164084074319
52 520 95.165438074319
55 550 95.166805074319
70 700 95.168172074319
50 500 95.169578074319
59 590 95.170958074319
77 770 95.172325074319
56 560 95.173705074319
66 660 95.175098074319
73 730 95.177819074319
78 780 101.271220606766
67 670 101.272561606766
40 401 101.278055606766
68 680 101.286283606766
74 740 101.288991606766
54 541 101.290332606766
75 750 103.655418098802
51 510 103.656824098802
75 751 103.688642098802
42 421 104.991917954478
54 540 104.994626045466
72 720 104.998714136454
69 691 105.06081843151
61 611 105.874676952731
76 760 105.95841095622
79 791 121.855483000691
44 441 121.874725000691
60 601 121.876079000691
41 410 121.877420000691
47 471 123.293326934213
66 661 123.294732934213
45 451 123.298846934213
73 731 123.355580938712
50 501 123.356999938712
52 521 123.358366938712
43 431 125.181718168557
53 531 125.191326168557
42 420 125.662073569484
56 561 125.674597569484
68 681 125.692485569484
58 581 125.760268800945
55 551 125.761866988196
64 641 125.763220988196
70 701 130.691412920176
64 640 132.277178679466
76 761 142.199927536032
46 461 142.270496535655
77 771 142.271876535655
59 591 142.277435535655
71 711 145.677701265452
41 411 154.156929597828
44 442 154.181730597828
48 481 156.255416098472
49 491 156.256770098472
48 482 156.258163098472
54 542 159.188762688253
45 452 159.195597688253
65 651 176.769514287348
43 432 176.794211287348
56 562 176.796893287348
67 672 176.799705287348
74 741 178.668370169608
67 671 178.676533169608
78 781 178.690385169608
51 512 179.689360435301
72 721 179.773003020805
50 502 179.779916020805
57 571 182.655613503587
62 621 182.656993503587
57 572 182.659805503587
51 511 187.284127176653
40 402 187.28817620793
66 662 187.293553768614
62 622 207.256695473246
64 642 208.156894545801
55 552 208.158235545801
42 422 208.164966545801
53 532 208.181227545801
72 722 208.185380545801
61 612 208.186734545801
65 652 208.188114545801
77 772 208.189494545801
47 472 208.190848545801
59 592 208.199076545801
52 522 208.255462544699
41 412 218.655711200115
60 602 218.661049200115
76 762 218.663770200115
78 782 218.674732200115
63 632 219.657438316117
46 462 219.671199316117
69 692 219.698578316117
73 732 219.699997316117
46 463 224.174272372843
58 582 224.967909505787
74 742 224.979940448341
70 702 224.994706525419
71 712 225.055614972219
41 413 226.258085986004
68 682 226.259491986004
58 583 234.665141791198
73 733 234.666521791198
49 492 234.667888791198
75 752 234.669307791198
79 792 234.672028791198
42 423 234.677457791198
74 743 235.169396461574
48 483 237.060969544418
44 443 245.890009260555
56 563 248.158351880158
63 631 252.199250804663
50 503 252.256899800241
76 763 252.272001800241
55 553 252.277482800241
52 523 252.282924800241
59 593 252.285645800241
62 623 252.675310259346
51 513 252.680765259346
77 773 252.683525259346
67 673 252.699801080886
75 753 256.267784410496
63 633 269.677619547718
47 473 269.678999547718
55 554 269.699608547718
45 453 276.167054948419
64 643 276.184851948419
78 783 284.76650265097
67 674 284.76790865097
51 514 284.76927565097
79 793 290.984940906676
43 433 290.987687906676
71 713 291.055482909673
68 683 291.060846909673
44 444 291.062213909673
79 794 291.064960909673
49 493 296.661991300774
72 723 296.674086947274
56 564 296.683500593774
65 653 296.688916809274
65 654 296.691599024774
64 644 296.694294240274
52 524 296.698304455774
77 774 296.755552301444
61 613 296.758221382187
66 663 300.661783974107
60 603 300.678226974107
42 424 300.685126974107
78 784 300.689175974107
50 504 303.279739739385
68 684 303.286498734451
73 734 303.287826734451
66 664 309.768379899965
47 474 309.85542337082
76 764 309.85682937082
58 584 309.85819637082
71 714 309.86510937082
70 703 311.183783155175
54 543 312.255574641831
54 544 321.257564114777
70 704 321.260070357439
53 534 321.262830357439
59 594 321.264171357439
46 464 324.182940375201
45 454 334.268087126351
53 533 336.166747703307
57 574 336.169468703307
49 494 336.172241703307
62 624 336.173660703307
42 425 336.192850703307
63 634 347.282989398695
48 484 351.677167025892
59 595 351.783090517794
69 694 351.784431517794
48 485 351.785785517794
56 565 351.787113517794
73 735 351.788519517794
74 744 355.267693011238
74 745 355.269060011238
60 604 355.270414011238
61 614 355.273148011238
41 414 355.274476011238
43 434 361.285389803207
53 535 362.773150122914
75 755 362.774491122914
57 573 362.784112122914
72 724 362.795061122914
72 725 362.797795122914
67 675 362.859545118728
77 775 362.862266118728
60 605 382.262286988173
75 754 383.260324067103
47 475 383.261665067103
70 705 383.297259067103
62 625 383.356877067845
45 455 385.282497828527
63 635 387.268473663371
64 645 387.271233663371
66 665 387.272613663371
58 586 391.199211513732
61 615 391.278171282771
65 655 391.280918282771
58 585 391.282311282771
55 555 391.285097282771
51 515 391.287805282771
52 525 391.289224282771
50 505 391.290643282771
41 415 391.292023282771
52 526 392.194019667312
71 715 395.18872312726
76 765 395.19695112726
54 545 397.761530507907
68 685 401.157048704076
54 546 401.167194381874
49 495 403.670423364357
59 596 403.680044364357
69 695 404.192426042605
45 456 407.855616583723
47 476 407.874871583723
79 795 419.761840603052
69 696 419.778413603052
67 676 419.781147603052
41 416 424.681135379704
57 576 434.959614937754
64 646 434.985704937754
78 786 434.988464937754
78 785 434.991120937754
57 575 435.158419357789
50 506 435.169316357789
56 566 435.183103357789
40 406 435.190055357789
77 776 435.191422357789
48 486 439.162499056796
42 426 439.166574056796
74 746 439.167980056796
46 465 439.172042056796
46 466 439.173370056796
70 706 454.265066650847
40 407 460.178122941413
73 736 462.782733797241
49 496 463.767884231772
72 726 463.771907231772
65 656 463.773274231772
62 626 463.774628231772
47 477 463.776008231772
76 766 463.777388231772
68 686 474.156836819451
71 716 474.162291881238
55 556 474.262385170701
53 536 474.267918170701
55 557 474.269324170701
79 796 474.272006170701
49 497 474.274792170701
67 677 475.298896099128
77 777 478.969811846787
68 687 478.978000846787
62 627 491.699106627457
61 616 491.773502895082
61 617 491.774869895082
60 607 493.269795474742
51 516 493.275289474742
76 767 493.282228474742
51 517 494.670126863579
46 467 494.678211863579
54 547 494.679565863579
73 737 498.177643153757
58 587 498.183137153757
42 427 501.16124611338
53 537 501.16398011338
44 445 519.36406575452
72 727 519.37097875452
79 797 519.37786575452
66 666 519.38204475452
73 738 519.38473975452
54 548 537.297421457069
71 718 537.298775457069
41 417 537.300116457069
67 678 537.355515452548
46 468 538.670239351283
72 728 538.675655351283
66 667 538.678454351283
74 747 538.682607351283
48 487 538.781942141393
55 558 538.783335141393
48 488 538.784715141393
52 527 538.794219141393
71 717 538.862439554485
56 567 538.865108554485
68 688 538.866514554485
75 757 543.257017052705
65 657 554.960376271181
69 697 554.961769271181
53 538 554.965896271181
43 436 554.968734271181
56 568 554.971533271181
52 528 554.975647271181
42 428 554.979787271181
64 647 554.981115271181
41 418 554.983836271181
43 437 554.988054271181
43 438 554.989460271181
66 668 565.780563087618
74 748 565.783310087618
63 638 565.784690087618
70 708 565.786096087618
60 608 565.787463087618
63 637 574.659279926809
58 588 574.688103926809
51 518 583.883304150746
62 628 605.258621143357
65 659 605.265456143357
