61 610 52.755412076525
63 630 53.655584553205
71 710 57.655495521804
95 950 69.955401868496
60 600 74.155603564687
85 850 74.156957564687
65 650 76.655632957572
79 790 76.656999957572
87 870 76.658366957572
69 690 78.755562891739
62 620 78.756929891739
77 770 79.262695142246
78 780 83.16035727475
84 840 83.16443227475
92 920 83.16583827475
94 940 87.658440721281
96 960 92.35540377084
83 830 92.35674477084
70 700 101.282710249619
81 810 101.284103249619
73 730 101.285457249619
82 820 101.286824249619
76 760 103.666573314997
75 751 103.669385314997
66 660 104.965334806349
69 691 104.97885055262
61 611 105.877475112483
86 860 119.290631001717
72 720 124.160147009079
74 740 124.161566009079
68 680 124.164274009079
90 900 124.175262009079
89 890 125.166236065851
98 980 125.167655065851
91 910 125.169035065851
80 800 125.170363065851
75 750 125.171691065851
80 801 125.175870065851
68 681 125.177276065851
87 871 125.184163065851
88 881 130.171276027961
97 971 132.698451207676
97 970 132.770322103712
64 640 132.774358763802
93 930 134.655986240121
93 931 134.670594621886
65 651 134.674760621886
99 990 134.682988621886
99 991 134.684316621886
73 731 134.756822013565
86 861 134.758163013565
67 670 136.662442924277
88 880 136.684613924277
76 761 136.685941924277
91 911 136.688675924277
89 891 136.690003924277
72 721 136.755386920071
77 771 136.756792920071
63 631 136.758133920071
82 821 136.759500920071
84 841 149.066638749863
62 621 164.664699763324
96 961 164.666079763324
93 932 175.767814873329
83 831 176.663955193592
85 851 176.665296193592
66 661 176.669449193592
94 941 176.674878193592
64 641 176.679070193592
74 741 177.172585534155
92 921 177.176647534155
98 981 177.178053534155
66 662 181.187685056128
62 622 207.256821854347
81 811 207.259542854347
71 712 207.262224854347
68 682 207.264906854347
81 812 207.266286854347
60 602 207.277261854347
74 742 207.278589854347
67 671 207.281271854347
84 842 207.282638854347
97 972 207.284005854347
83 832 207.292324854347
89 892 207.293743854347
85 852 207.299302854347
90 902 207.355454849897
80 802 207.356782849897
98 982 207.358149849897
73 732 207.362315849897
91 912 207.363669849897
64 642 208.159548779096
65 652 208.160876779096
77 772 208.164964779096
78 781 208.166370779096
95 951 208.167724779096
67 672 208.173296779096
72 722 208.174689779096
78 782 208.176043779096
96 962 211.287486624437
82 822 216.675915167101
90 901 216.677243167101
76 762 219.680143734092
94 942 219.682903734092
71 711 219.755410729726
86 862 219.763560729726
60 601 234.689292855586
60 603 234.769020168468
87 872 236.977105827495
63 632 236.978485827495
80 803 242.777471210662
92 922 242.781572210662
65 653 242.784319210662
67 673 256.659520706783
76 763 260.177545512293
63 633 260.178912512293
69 692 260.184367512293
61 612 275.762341360534
70 701 275.766533360534
70 702 275.767913360534
61 613 275.769306360534
75 752 275.783015360534
75 753 275.789941360534
77 773 275.792662360534
62 623 275.794016360534
92 923 275.795409360534
84 843 276.190447022105
98 983 276.255397372095
64 643 276.256751372095
89 893 289.196617768278
77 774 289.199390768278
71 713 296.163652169214
68 683 296.178780169214
92 924 296.180186169214
78 783 300.194746182833
67 674 300.196165182833
68 684 307.697816238687
66 663 307.699196238687
94 943 309.275671919699
82 824 309.279682383289
96 963 309.281036383289
76 764 309.290592846879
66 664 309.296112846879
83 834 309.297479846879
75 754 309.363729539515
69 693 311.177128475102
85 854 311.269049141644
96 964 311.270455141644
82 823 316.172864867005
78 784 316.175572867005
85 853 332.274708310049
83 833 332.289434237127
87 873 332.292155546153
62 624 352.761093064256
69 694 353.658451325891
94 944 353.659805325891
97 973 353.665351325891
95 952 353.676300325891
98 984 353.681846325891
88 882 353.687379325891
88 883 353.688798325891
65 654 353.690191325891
76 765 353.696948325891
61 614 354.266517900907
80 804 378.659397018899
89 894 378.660803018899
60 604 378.662144018899
63 634 378.663485018899
61 615 378.664813018899
80 805 378.666232018899
62 625 382.164446530301
60 605 382.171359530301
65 655 382.172778530301
97 974 384.180810173263
68 685 393.665164497352
69 695 393.666544497352
72 725 393.669304497352
67 675 393.672025497352
85 855 393.673353497352
77 775 393.677558497352
97 975 393.681672497352
60 606 398.17811681139
72 724 407.759859641122
94 945 407.780105349202
78 785 410.174945287274
67 676 415.17135981686
87 874 431.355386161351
87 875 431.356753161351
77 776 459.171346895681
64 645 459.172726895681
93 935 459.175512895681
64 646 459.176866895681
78 786 459.178194895681
97 976 459.183610895681
81 814 459.185016895681
80 806 459.186435895681
89 895 462.655386278422
89 896 462.656740278422
63 635 463.262887523187
66 665 463.264267523187
93 934 463.265673523187
68 686 474.156100839837
85 856 474.157519839837
84 844 474.169680356613
68 687 474.197999423717
77 777 480.955600838657
64 644 487.174459582268
63 636 487.178547582268
65 656 487.181281582268
76 766 493.271054363369
63 637 493.275181363369
62 626 493.276574363369
72 727 538.167228661959
60 607 538.168556661959
68 688 541.676637861127
72 726 543.258381716432
66 668 543.263875716432
89 897 543.270762716432
65 657 543.272142716432
85 857 543.274824716432
62 628 543.276178716432
61 618 543.277558716432
65 658 543.278977716432
76 767 544.962797779541
97 977 553.162201094399
64 647 553.168946302767
97 978 553.179688511135
67 677 561.269830314472
67 678 561.271210314472
61 617 561.276665314472
73 737 561.278084314472
73 738 561.279438314472
69 697 561.283578314472
63 638 561.284971314472
61 616 563.663654325103
66 667 563.669122325103
60 608 563.673301325103
60 609 574.176303528214
89 898 594.79653226258
85 858 594.79788626258
80 808 594.79921426258
66 666 594.85543926658
