24 240 56.160632254257
14 140 56.161986254257
9 90 56.163392254257
39 390 63.655581659379
49 490 63.656935659379
34 340 68.658172680202
69 690 78.755582864961
19 190 78.756988864961
29 290 80.655589437468
29 291 80.659114155502
19 191 80.661900155502
79 790 83.855656655165
44 440 83.859731740257
59 590 92.66562737655
4 40 92.66695537655
24 241 100.774861647152
94 940 100.779040647152
4 41 112.156738181647
54 540 112.175214080305
14 141 112.182088595481
54 541 112.183481595481
69 691 112.184874595481
74 740 115.163515478268
9 91 115.169009478268
79 791 121.855604719288
84 840 122.263922175755
64 640 130.258080210202
89 890 130.259486210202
99 990 137.657500691374
44 441 154.156899493589
54 542 159.169076739051
34 341 173.664593760215
64 641 176.661577103943
99 991 176.671799496485
94 941 176.678712496485
14 142 178.667904065894
4 42 178.674791065894
74 741 178.677564065894
59 591 181.660982411711
39 391 181.670694411711
39 392 181.672035411711
99 992 181.673402411711
64 642 208.159703517238
59 592 208.163778517238
19 192 208.166577517238
69 692 209.859991730519
29 292 212.655537168445
74 742 212.669038448709
84 841 212.671707619539
84 842 212.681160132029
9 92 212.685196302859
89 891 218.185800048076
34 342 218.192739048076
94 942 222.276258769023
79 792 222.278992769023
49 492 222.280346769023
49 491 224.689160282348
89 892 225.171782721897
74 743 235.165143156556
4 43 242.177194563008
44 442 246.665627404002
59 593 256.694383125113
49 493 271.662507678466
39 393 271.668027678466
4 44 271.672232678466
9 93 271.676281678466
84 843 271.679041678466
19 193 276.185558859999
9 94 276.189685859999
64 643 278.15556376319
89 893 278.171878157326
34 343 278.179924854394
64 644 278.182620202928
69 693 278.185302551462
19 194 289.18603672301
24 243 293.681674657546
99 993 293.684421657546
79 793 297.855643914946
79 794 297.868193914946
14 144 298.188974400654
14 143 300.657007037602
84 844 304.155461073032
54 543 304.656935889922
14 145 315.187790379438
44 443 328.162951955
44 444 334.698401547198
89 894 334.699820547198
49 494 337.663244720851
74 744 341.859906699242
74 745 344.683737061882
4 45 350.18133635209
69 694 352.663895217649
94 944 352.667957332467
59 594 352.676107676921
39 394 352.680182871155
34 345 366.662227568622
99 994 376.187447566783
99 995 376.188775566783
49 495 377.158379272239
34 344 381.173953737551
84 845 386.155409186467
64 645 386.158156186467
54 545 388.689912094639
39 395 391.174055096363
69 695 391.175383096363
59 595 393.667191640457
24 244 393.671202461167
94 945 403.658165054355
59 596 403.660964054355
39 396 422.668578713062
4 46 422.669984713062
49 496 440.68509950469
44 446 440.68923950469
74 746 440.69202550469
34 346 457.158861011033
34 347 457.160228011033
54 544 459.676892720613
14 146 459.678285720613
99 996 459.682360720613
64 646 459.685094720613
89 895 462.655464236725
89 896 462.656870236725
79 795 476.670970564211
79 796 476.672324564211
69 696 476.675020375821
49 497 476.688599901111
79 797 476.689979901111
94 946 479.175597838805
84 846 484.16433073019
24 245 491.172561714842
44 447 501.189417009386
89 897 501.197476009386
54 547 515.660996293809
44 445 515.662363293809
4 47 515.663730293809
24 246 515.674679293809
94 947 515.682855293809
74 747 517.165097130587
24 247 530.156797560459
24 248 530.158164560459
14 148 537.69290778667
99 997 537.69564178667
9 99 554.657039580198
54 548 564.681621339077
44 448 564.684342339077
49 498 568.655412994661
19 197 572.661033878471
19 198 572.662452878471
69 697 572.666042169299
39 397 572.667435169299
34 348 572.668802169299
69 698 572.670130169299
94 948 572.686664169299
74 748 589.255428590821
89 898 589.256847590821
44 449 589.258175590821
79 798 589.264984590821
99 998 589.266377590821
