95 950 69.955463889486
92 920 86.158559372032
87 870 87.655441678884
96 960 92.35544498546
83 830 92.35686398546
84 840 92.363445093428
94 940 92.367637093428
80 800 128.155589274191
91 910 128.156995274191
80 801 128.163739466927
97 970 128.175873756031
98 980 128.177214756031
89 890 128.18123782278
97 971 128.183945852399
86 860 131.255492671214
90 900 131.259697671214
93 930 133.178867947817
93 931 133.180273947817
88 881 134.258349773769
85 850 134.657378566424
99 990 134.668969066147
99 991 134.671703066147
83 831 136.681038317227
82 821 136.682392317227
82 820 136.685074656751
85 851 136.689123996274
87 871 177.17948724233
84 841 177.18366624233
98 981 177.18508524233
89 891 177.18645224233
92 921 177.18780624233
94 941 177.19052724233
99 992 181.6893764798
96 962 196.359097759143
91 911 196.360516759143
81 810 196.361870759143
90 901 196.364708759143
88 880 196.367533759143
81 811 197.668638490803
80 802 197.682568490803
93 932 197.685328490803
81 812 216.656799793621
89 892 216.658127793621
84 842 216.677008451873
90 902 216.685107337957
85 852 216.756682790964
98 982 216.758088790964
86 861 217.661508755078
95 951 217.666976755078
95 952 217.668395755078
88 882 217.669788755078
86 862 217.671129755078
96 961 218.35547110313
82 822 219.265476212723
91 912 222.378696530535
94 942 223.167548103238
96 963 240.367852147698
88 883 242.173427729376
84 843 262.167101941827
97 972 262.171086231509
80 803 262.185384248025
92 922 263.27529528697
98 983 263.28494228697
92 923 268.684117640798
87 872 269.182388591161
81 813 269.199940497157
99 993 286.699168563018
90 903 286.755413300029
84 844 286.758147300029
89 893 304.173854076956
82 824 305.159272569611
82 823 305.169125228053
83 833 305.655495712756
85 853 305.656823712756
95 953 306.17008264639
83 834 306.18255464639
83 832 306.18392164639
92 924 310.263699803987
80 804 312.681525102123
81 814 330.659442764119
86 863 331.673460980169
93 933 331.674840980169
97 973 331.676207980169
86 864 331.677535980169
98 984 335.160983124224
94 944 335.171854124224
88 884 335.174562124224
91 913 335.175929124224
95 954 335.182855124224
91 914 335.185576124224
93 934 351.680091807656
94 943 355.162940397752
98 985 357.173311912301
97 974 371.677711463727
80 805 371.680484463727
81 815 371.681877463727
85 854 373.261551548517
99 994 378.677839048259
99 995 378.679258048259
83 835 384.674932027457
82 825 393.673521523153
95 955 393.687284076499
85 855 393.691411850665
97 975 393.692739850665
89 895 397.669945841084
90 905 417.267130531983
92 925 417.275384531983
94 945 417.282336531983
88 885 417.286489531983
84 845 417.287895531983
87 874 438.362769837721
87 875 438.364162837721
84 846 458.172294662321
86 865 458.173674662321
93 935 458.175054662321
89 894 458.176434662321
86 866 458.177762662321
93 936 458.179116662321
96 965 458.183230662321
96 964 459.161384365793
88 886 459.165433365793
80 806 461.268697858962
81 816 461.270025858962
89 896 462.659755173022
98 986 462.662541173022
87 876 462.66795811517
97 976 462.670679586244
85 856 463.762296864198
96 966 482.36733035209
94 946 482.37416535209
96 967 485.183002616668
95 956 488.784346438617
80 807 503.167097991572
82 826 503.168438991572
99 996 503.169831991572
95 957 503.173958991572
92 926 503.175286991572
92 927 503.189008991572
94 947 524.184174930154
85 857 526.770896944374
88 887 548.77313779791
86 867 548.77868379791
88 888 548.78419079791
86 868 549.262483565381
97 977 549.263850565381
81 817 549.265269565381
97 978 549.266649565381
87 878 549.267977565381
89 897 572.662043066634
80 808 572.663371066634
99 997 572.666105066634
90 906 572.667446066634
90 908 572.668852066634
90 907 572.671521652844
89 898 591.68425541242
85 858 591.68708041242
98 987 592.164451069375
84 847 592.165831069375
84 848 592.167198069375
98 988 592.168578069375
