38 380 41.155522784658
8 80 48.160166701802
63 630 53.655442526344
39 390 63.655512030819
49 490 63.656931030819
8 81 70.159602503682
69 690 78.755372376585
3 30 78.756752376585
53 530 78.763717376585
18 180 78.765071376585
24 240 78.766438376585
29 290 80.655488207676
29 291 80.656842207676
79 790 83.855497179006
48 480 83.856864179006
58 580 89.663751220158
94 940 97.668395415835
19 190 97.671142415835
44 440 97.672522415835
3 31 111.658360810352
4 40 111.659740810352
33 330 111.661146810352
78 780 111.663919810352
59 590 111.69377348971
28 280 111.755398201547
73 730 111.756765261137
28 281 111.758132285541
4 41 111.759499345131
74 740 111.760827345131
54 540 111.762181369535
9 90 111.763535429125
34 340 111.766230453529
14 141 111.767571513119
54 541 111.770279597113
9 91 111.774393705511
69 691 111.778494705511
48 481 112.262861706075
14 140 112.268329706075
24 241 112.271037706075
79 791 121.855510243129
84 840 121.863790243129
18 181 121.865144243129
88 880 121.866524243129
68 681 124.170303856564
43 430 124.175771856564
43 431 124.177138856564
68 680 124.181239856564
13 130 124.189480856564
58 581 124.190899856564
13 131 124.192240856564
89 890 124.193633856564
64 641 124.194987856564
64 640 124.196328856564
93 930 134.655635187943
83 830 134.658434187943
34 341 134.663980187943
93 931 134.665399187943
99 990 134.669526187943
73 731 134.672273187943
99 991 134.673679187943
98 980 138.663731125664
13 132 138.688207125664
83 831 138.692308125664
59 591 138.695042125664
38 381 138.696370125664
74 741 138.697789125664
24 242 144.183994125874
4 42 148.767720560842
44 442 154.163611511055
33 331 154.190590780965
54 542 159.165210727367
63 631 159.170678727367
44 441 159.188371727367
49 491 159.193917727367
48 482 159.196716727367
53 531 159.255511725817
23 231 159.258245725817
18 182 159.261057725817
19 191 170.685651161301
94 941 170.688385161301
3 32 173.762340481488
38 382 180.180813534338
39 391 180.190512534338
84 841 180.191931534338
98 981 180.193285534338
89 891 180.194639534338
14 142 180.196019534338
43 432 180.197360534338
39 392 180.198727534338
23 232 181.756934963887
99 992 181.758340963887
68 682 200.162519744671
74 742 200.163899744671
93 932 202.695490783435
64 642 208.163608204379
8 82 208.174544204379
88 882 208.181470204379
29 292 212.655474938653
78 781 212.662452938653
9 92 212.675117413249
84 842 221.76645295334
63 632 221.784276822334
29 293 221.792374822334
19 192 224.658372212684
28 282 224.661132212684
94 942 224.767908524896
3 33 224.769262524896
78 782 224.770629524896
33 332 224.966503447764
98 982 224.976059447764
89 892 231.67620979016
53 532 232.186271140049
73 732 234.655584560036
58 582 234.656912560036
69 692 234.667641835523
88 881 234.669556042899
13 133 234.671473617313
34 342 234.673377826192
8 83 234.674705826192
58 583 234.69622979192
73 733 234.698951286208
74 743 235.175996161905
79 792 236.675938634597
88 883 242.17752752485
18 183 242.17886852485
4 43 242.18020952485
34 343 247.682139500164
19 193 247.683467500164
24 243 247.684873500164
89 893 247.694442500164
99 993 247.695809500164
39 393 247.697189500164
49 492 247.698530500164
49 493 247.699858500164
59 592 256.155550846458
28 283 256.156904846458
28 284 256.167672608206
23 233 256.17732023357
59 593 268.693471180969
38 383 268.697559180969
9 93 268.770550194578
83 832 268.771956194578
98 983 269.171461854147
64 643 269.172828854147
43 433 269.175614854147
84 843 269.176981854147
14 143 269.185222854147
33 333 278.178414591587
34 344 278.273077338953
24 244 278.275799117567
64 644 278.277140117567
3 34 285.662329547122
43 434 285.663696547122
78 783 285.667836547122
8 84 285.669164547122
44 444 285.670505547122
79 793 285.681441547122
53 533 288.258382459966
79 794 289.258231126359
48 483 293.674808235598
18 184 293.680289235598
68 683 293.685757235598
84 844 293.695326235598
9 94 293.696745235598
68 684 302.683207567812
63 633 304.667567045882
78 784 304.668921045882
63 634 304.673035045882
8 85 304.758274496506
83 833 305.655434250737
14 144 305.658129250737
58 584 305.693078569305
89 894 306.198579733524
83 834 306.355403120268
23 234 313.259489869484
13 134 315.359381160307
14 145 315.372831040947
19 194 317.67430912129
94 944 334.672318208274
98 984 334.68170582557
93 933 334.685755134218
53 534 334.696588060162
69 694 334.767482798522
24 245 334.771532097922
73 734 334.777615543537
54 543 334.783083543537
4 44 334.788629543537
38 384 334.789983543537
4 45 334.792691543537
23 235 334.794045543537
39 394 339.196984142898
69 693 343.661094615941
48 484 343.668020615941
59 594 343.685921615941
88 884 343.688694615941
74 744 350.166552827251
28 285 350.167945827251
9 95 353.755573104608
38 385 353.759726104608
74 745 353.790752120449
44 443 353.793447120449
98 985 357.177950115743
3 35 368.759766925754
33 334 368.761172925754
39 395 368.799656925754
34 345 368.855574922037
93 935 371.694997182786
44 445 375.187369177178
83 835 375.190038177178
33 335 377.165798215339
13 135 377.167217215339
53 535 377.168636215339
94 945 377.170029215339
43 435 377.178166215339
99 994 378.856816463107
58 585 378.858144463107
8 86 378.865057463107
23 236 385.676253239915
3 36 390.759623843663
84 845 390.77175806336
78 785 390.77313806336
54 544 393.666261497352
54 545 393.667602497352
68 685 393.673135497352
59 595 393.674541497352
79 795 393.675921497352
4 46 394.270255576444
59 596 403.670583866395
93 934 405.178068798576
18 185 405.262198797386
99 995 405.263526797386
69 695 422.658744667868
9 96 422.662013417716
28 286 422.668874417716
13 136 434.785048411363
63 635 434.787769411363
64 645 434.789136411363
13 137 434.800007411363
88 885 442.197136124362
48 486 442.198555124362
44 446 442.199883124362
89 895 462.655618391199
89 896 462.657024391199
64 646 462.659836391199
93 936 462.662648391199
39 396 462.666762391199
98 986 462.668142391199
9 97 462.679169391199
84 846 464.15954861052
94 946 464.16091561052
84 847 464.189519099791
34 346 467.059550413317
68 686 474.156639514523
63 636 474.163396514523
68 687 474.174818372559
38 386 474.181666372559
73 736 481.666166055484
88 886 481.679717759962
24 246 481.681084759962
74 746 481.683831759962
78 786 481.756992357295
3 37 488.993252661235
53 536 489.163985534143
24 247 489.169505534143
44 447 489.170859534143
28 287 489.177850534143
53 537 489.179256534143
33 336 489.194410534143
64 647 489.195764534143
14 147 491.661467922771
14 148 491.672429922771
73 737 511.191390486594
94 947 517.156993485299
4 47 517.166692485299
79 796 517.168085485299
69 696 517.169439485299
79 797 517.176391485299
18 187 517.181885485299
43 436 535.770709191833
14 146 535.774784191833
89 897 535.789860191833
59 597 537.166744251022
28 288 537.169530251022
74 747 537.170910251022
88 887 537.179099251022
83 836 537.180518251022
48 487 537.181846251022
38 388 537.184619251022
99 997 537.186038251022
68 688 537.187444251022
23 238 547.674850030401
58 587 547.680422030401
43 438 547.685890030401
43 437 547.688663030401
8 87 547.691332030401
69 698 547.755562034431
8 88 547.758335034431
44 448 547.761004034431
69 697 547.763738034431
59 598 547.766420034431
34 347 547.767761034431
64 648 547.769167034431
88 888 550.757007774953
63 637 551.69322287163
3 38 551.755483570042
93 937 551.758152570042
39 397 551.775731334992
13 138 551.782618334992
78 787 551.784024334992
33 337 551.792356334992
19 197 551.855470569009
19 198 551.856824569009
63 638 551.858230569009
18 188 551.860925569009
49 496 551.862331569009
49 498 551.866471569009
23 237 551.879603751959
73 738 551.885123751959
99 996 552.283895080699
38 387 552.286681080699
9 98 554.656805619343
94 948 561.159831488318
54 547 562.277580551279
54 548 562.278986551279
49 497 562.299287040749
4 48 562.355567765705
39 398 563.656853325103
9 99 564.19012234161
53 538 574.367970806873
39 399 574.383111806873
93 938 598.664657189327
