15 80 48.161549207479
79 480 63.662442748873
61 480 63.662442748873
39 480 63.662442748873
62 30 68.6699520359
71 30 68.6699520359
69 530 78.768741511948
48 180 83.858241834292
79 180 83.858241834292
84 780 97.165140563741
18 780 97.165140563741
75 780 97.165140563741
75 181 97.166546563741
11 880 97.167965563741
60 880 97.167965563741
75 880 97.167965563741
96 730 102.657642234776
54 680 102.671338234776
1 680 102.671338234776
96 680 102.671338234776
3 580 111.656854590395
30 330 111.671722924133
69 330 111.671722924133
78 280 111.685172357691
12 280 111.685172357691
69 280 111.685172357691
78 281 111.687841454539
12 281 111.687841454539
3 281 111.687841454539
14 430 111.755422589368
54 430 111.755422589368
3 430 111.755422589368
80 681 124.172711201134
16 431 124.182254201134
80 431 124.182254201134
16 631 124.189180201134
80 631 124.189180201134
50 331 124.193255201134
43 331 124.193255201134
80 331 124.193255201134
80 130 124.255347198402
80 131 124.256753198402
13 980 124.260763198402
80 980 124.260763198402
80 581 124.263484198402
21 830 134.658310096065
93 830 134.658310096065
73 531 134.673256096065
99 531 134.673256096065
93 531 134.673256096065
99 731 134.674610096065
93 731 134.674610096065
15 481 134.689699096065
93 481 134.689699096065
50 381 134.755537100127
93 381 134.755537100127
54 482 159.263732387301
33 831 170.665071899237
33 32 170.670526899237
53 231 170.681475899237
6 231 170.681475899237
33 231 170.681475899237
45 182 170.684222899237
6 182 170.684222899237
33 182 170.684222899237
98 781 173.267581742263
43 781 173.267581742263
38 781 173.267581742263
43 981 173.268909742263
38 981 173.268909742263
38 432 173.275627855451
0 232 181.693942282105
99 232 181.693942282105
30 682 200.160337721179
84 982 214.768406800739
81 982 214.768406800739
46 282 222.175527664759
32 632 222.179602664759
46 632 222.179602664759
84 832 222.187882664759
90 832 222.187882664759
46 832 222.187882664759
3 782 222.194756664759
32 782 222.194756664759
46 782 222.194756664759
32 33 222.196136664759
46 33 222.196136664759
86 82 224.180069390999
41 82 224.180069390999
15 882 224.182803390999
86 882 224.182803390999
41 882 224.182803390999
34 230 224.185615390999
72 230 224.185615390999
41 230 224.185615390999
72 532 224.189794390999
41 532 224.189794390999
88 483 242.173367916402
17 582 246.671175318421
91 582 246.671175318421
51 183 251.261164635891
95 183 251.261164635891
75 183 251.261164635891
15 881 254.862568153188
55 881 254.862568153188
17 881 254.862568153188
15 733 254.865354153188
55 733 254.865354153188
17 733 254.865354153188
1 383 256.190483434263
80 383 256.190483434263
32 983 269.173131201697
61 83 269.181398201697
9 83 269.181398201697
32 83 269.181398201697
31 34 275.677499178997
26 583 278.186342197157
84 583 278.186342197157
80 583 278.186342197157
58 133 285.662480155043
43 133 285.662480155043
67 783 304.159568085329
20 783 304.159568085329
84 783 304.159568085329
61 333 305.658303181284
83 333 305.658303181284
83 134 305.660985181284
83 584 305.671921181284
92 683 306.161318896152
8 834 312.173990567858
52 234 315.176882284029
83 84 317.770822067708
17 84 317.770822067708
52 233 317.783164067708
17 233 317.783164067708
81 933 325.274518082344
42 933 325.274518082344
93 533 325.278658082344
81 533 325.278658082344
42 533 325.278658082344
81 934 325.280051082344
42 934 325.280051082344
81 235 325.281444082344
42 235 325.281444082344
82 633 334.662237725184
82 634 334.664907033832
82 784 334.675805268424
10 534 334.686482040158
67 184 334.7651819026
93 184 334.7651819026
82 184 334.7651819026
65 734 334.7693089026
93 734 334.7693089026
82 734 334.7693089026
54 884 335.198375770812
11 884 335.198375770812
98 884 335.198375770812
11 384 335.199716770812
98 384 335.199716770812
35 984 356.695326533093
27 385 356.768129533721
35 385 356.768129533721
95 684 361.181401684896
53 684 361.181401684896
75 684 361.181401684896
75 435 361.182820684896
94 334 377.167807673116
94 335 377.170567673116
8 585 378.176018008057
52 36 390.781607378782
36 685 393.665225622971
69 484 393.674755622971
2 484 393.674755622971
36 484 393.674755622971
69 485 393.677476622971
2 485 393.677476622971
36 485 393.677476622971
33 135 399.160933559805
94 135 399.160933559805
94 35 399.1799348211
69 885 403.695707221383
47 885 403.695707221383
22 885 403.695707221383
40 535 422.676373451446
67 535 422.676373451446
67 286 422.683273451446
10 935 432.668489461497
13 935 432.668489461497
10 635 432.669843461497
13 635 432.669843461497
10 835 432.676730461497
27 835 432.676730461497
13 835 432.676730461497
55 185 441.196598536422
32 185 441.196598536422
32 486 441.255570537053
62 186 441.258330537053
22 186 441.258330537053
32 186 441.258330537053
32 37 441.270633537053
34 386 462.697950766136
86 386 462.697950766136
1 386 462.697950766136
77 586 462.756936773257
1 586 462.756936773257
1 836 462.761037773257
97 936 466.991116684374
15 986 466.992535684374
97 986 466.992535684374
97 436 466.993915684374
97 437 466.995282684374
68 636 474.163125393926
35 735 486.191498509848
35 886 486.198424509848
7 88 495.683811666589
92 536 497.661214710203
53 336 497.662581710203
92 336 497.662581710203
0 736 498.692276028699
51 736 498.692276028699
79 737 517.159644531464
94 737 517.159644531464
2 287 537.161425500871
82 187 537.162818500871
2 187 537.162818500871
2 288 537.164211500871
87 937 537.166893500871
28 937 537.166893500871
2 937 537.166893500871
55 487 537.173741500871
0 487 537.173741500871
2 487 537.173741500871
67 887 537.176501500871
0 887 537.176501500871
2 887 537.176501500871
67 387 537.177920500871
0 387 537.177920500871
2 387 537.177920500871
0 388 537.179261500871
2 388 537.179261500871
52 688 537.183362500871
2 688 537.183362500871
57 837 537.67315407807
32 837 537.67315407807
46 837 537.67315407807
57 87 537.67448207807
32 87 537.67448207807
46 87 537.67448207807
57 337 537.67581007807
32 337 537.67581007807
46 337 537.67581007807
55 237 539.760821150586
55 238 539.762175150586
23 687 539.767695150586
55 687 539.767695150586
16 587 539.778670150586
23 587 539.778670150586
55 587 539.778670150586
99 488 542.773164985706
97 488 542.773164985706
57 537 552.193858627989
66 537 552.193858627989
8 538 552.196657627989
57 538 552.196657627989
66 538 552.196657627989
65 38 552.255487906297
66 38 552.255487906297
3 188 552.262374906297
65 188 552.262374906297
66 188 552.262374906297
1 787 552.273182109081
66 787 552.273182109081
21 987 564.176269037671
90 987 564.176269037671
21 438 564.179055037671
90 438 564.179055037671
67 738 566.773366448822
16 588 566.777454448822
67 588 566.777454448822
60 638 576.165660249312
43 338 576.183496249312
94 338 576.183496249312
60 338 576.183496249312
52 888 576.184850249312
94 888 576.184850249312
60 888 576.184850249312
50 838 596.166621983956
72 838 596.166621983956
93 439 603.167650035792
