60 850 74.156940175287
85 710 74.160976175287
60 710 74.160976175287
65 790 76.657026682814
65 870 76.658406682814
69 620 78.756812707668
53 780 83.15779456102
53 840 83.16183056102
96 830 92.356776458532
96 860 92.359471458532
30 700 100.775976819021
12 700 100.775976819021
69 700 100.775976819021
30 770 100.778723819021
12 770 100.778723819021
69 770 100.778723819021
56 730 100.780077819021
12 730 100.780077819021
69 730 100.780077819021
42 800 100.781418819021
30 800 100.781418819021
69 800 100.781418819021
72 740 100.782824819021
0 740 100.782824819021
69 740 100.782824819021
33 890 100.784152819021
0 890 100.784152819021
69 890 100.784152819021
3 810 101.264469981207
30 670 101.265849981207
3 670 101.265849981207
73 660 101.271240890479
56 660 101.271240890479
3 660 101.271240890479
56 820 101.272581890479
3 820 101.272581890479
35 691 101.298465620596
75 760 103.665018181704
70 750 121.86107021037
79 750 121.86107021037
79 701 121.86522321037
79 881 121.86657721037
0 680 122.158274682978
0 720 122.159693682978
33 980 122.168520971556
0 980 122.168520971556
0 681 122.176917628048
0 801 122.187983628048
0 871 122.259697679639
70 791 123.279846009412
45 990 124.184501572819
4 990 124.184501572819
45 731 124.185907572819
4 731 124.185907572819
13 641 125.200178227785
58 641 125.200178227785
16 641 125.200178227785
58 971 125.256947223644
16 971 125.256947223644
11 880 130.182319511432
70 880 130.182319511432
18 880 130.182319511432
93 651 134.665648299483
93 991 134.680186620883
97 640 136.656936419488
5 831 136.688598419488
97 831 136.688598419488
83 721 136.689939419488
5 721 136.689939419488
97 721 136.689939419488
36 771 136.691345419488
5 771 136.691345419488
97 771 136.691345419488
97 761 136.758251415282
91 781 136.759605415282
76 781 136.759605415282
97 781 136.759605415282
91 841 136.762274415282
76 841 136.762274415282
97 841 136.762274415282
91 891 136.763641415282
76 891 136.763641415282
97 891 136.763641415282
5 631 142.177590193503
58 631 142.177590193503
17 711 145.670390880143
48 961 164.663848951132
31 981 167.682806738872
51 981 167.682806738872
7 821 173.269202911609
33 821 173.269202911609
6 821 173.269202911609
46 851 173.270595911609
33 851 173.270595911609
6 851 173.270595911609
33 661 173.271936911609
6 661 173.271936911609
59 741 173.276076911609
20 741 173.276076911609
6 741 173.276076911609
99 671 181.681553992801
41 811 181.688518992801
99 811 181.688518992801
43 601 181.692580992801
99 601 181.692580992801
66 882 187.28272807149
57 621 188.757908618253
69 702 196.372612819187
74 972 207.292783217331
84 972 207.292783217331
62 972 207.292783217331
21 732 207.295621217331
50 732 207.295621217331
62 732 207.295621217331
21 692 207.297040217331
50 692 207.297040217331
62 692 207.297040217331
64 652 208.161254636385
55 782 208.164053636385
64 782 208.164053636385
53 792 208.173648636385
54 792 208.173648636385
64 792 208.173648636385
53 722 208.176369636385
34 722 208.176369636385
64 722 208.176369636385
72 612 208.190026636385
64 612 208.190026636385
72 752 208.191367636385
64 752 208.191367636385
72 862 208.192760636385
64 862 208.192760636385
29 712 211.267995072203
71 682 211.269414072203
29 682 211.269414072203
29 812 211.270794072203
12 742 211.273567072203
29 742 211.273567072203
90 842 211.274921072203
12 842 211.274921072203
29 842 211.274921072203
90 852 211.277616072203
12 852 211.277616072203
29 852 211.277616072203
84 982 211.291338072203
29 982 211.291338072203
43 802 211.294072072203
84 802 211.294072072203
29 802 211.294072072203
5 892 216.670563330935
81 892 216.670563330935
46 822 231.263442602808
32 632 231.264835602808
46 632 231.264835602808
88 952 231.781287490229
15 952 231.781287490229
40 951 231.790793921741
68 951 231.790793921741
15 951 231.790793921741
15 602 231.797486732245
11 772 231.862359124691
15 772 231.862359124691
76 872 239.198758086188
3 872 239.198758086188
3 693 239.266432090073
76 633 241.697560667689
80 633 241.697560667689
27 633 241.697560667689
88 623 242.196690935873
56 673 256.662347345065
56 783 256.665081345065
78 683 256.669234345065
56 683 256.669234345065
28 963 260.183151265635
36 832 260.189973265635
80 832 260.189973265635
28 832 260.189973265635
28 803 260.191379265635
80 763 260.194113265635
28 763 260.194113265635
24 762 263.28580201137
28 762 263.28580201137
80 762 263.28580201137
80 843 263.357080087167
84 613 263.359736087167
80 613 263.359736087167
43 713 263.361090087167
84 713 263.361090087167
80 713 263.361090087167
84 983 263.362483087167
80 983 263.362483087167
98 643 263.363824087167
84 643 263.363824087167
80 643 263.363824087167
10 753 269.270778212935
32 753 269.270778212935
10 953 269.273486212935
32 953 269.273486212935
95 773 269.274866212935
10 773 269.274866212935
32 773 269.274866212935
19 653 278.176960790642
64 653 278.176960790642
65 723 278.186685790642
64 723 278.186685790642
39 993 278.188013790642
65 993 278.188013790642
64 993 278.188013790642
62 893 278.194718790642
65 893 278.194718790642
64 893 278.194718790642
73 684 286.77304217165
50 684 286.77304217165
9 684 286.77304217165
50 734 286.77437017165
9 734 286.77437017165
50 674 286.77578917165
9 674 286.77578917165
13 833 302.959777938716
14 833 302.959777938716
13 853 302.961196938716
14 853 302.961196938716
6 663 303.066675373525
95 663 303.066675373525
52 663 303.066675373525
83 664 305.668123105134
78 634 305.673643105134
83 634 305.673643105134
83 784 305.674971105134
8 824 305.679033105134
83 824 305.679033105134
5 854 305.685855105134
83 854 305.685855105134
96 764 305.762348615578
66 764 305.762348615578
83 764 305.762348615578
66 964 305.763689615578
83 964 305.763689615578
92 714 307.775852538892
14 714 307.775852538892
8 714 307.775852538892
8 834 307.779992538892
68 603 308.171597524758
73 603 308.171597524758
50 603 308.171597524758
19 774 309.255408357256
19 863 309.256775357256
15 973 309.262179843532
86 973 309.262179843532
19 973 309.262179843532
19 864 309.766028505845
17 864 309.766028505845
81 703 330.659744301433
98 704 335.265747389994
59 794 343.370581462838
21 794 343.370581462838
35 794 343.370581462838
28 744 346.967516037772
74 604 346.968883037772
28 604 346.968883037772
64 614 346.975705037772
74 614 346.975705037772
28 614 346.975705037772
3 894 351.661706433865
27 894 351.661706433865
93 884 351.679412433865
27 884 351.679412433865
93 654 351.682250433865
27 654 351.682250433865
4 624 351.684997433865
93 624 351.684997433865
27 624 351.684997433865
93 954 351.686403433865
27 954 351.686403433865
19 665 351.759695436971
7 665 351.759695436971
27 665 351.759695436971
30 804 356.675950477529
7 804 356.675950477529
74 804 356.675950477529
89 615 366.260977229103
3 615 366.260977229103
3 895 366.262305229103
15 694 368.187154259146
38 694 368.187154259146
80 694 368.187154259146
31 625 368.255687254721
21 625 368.255687254721
80 625 368.255687254721
80 815 368.257106254721
37 974 373.691355651884
62 974 373.691355651884
8 974 373.691355651884
58 994 382.182282136565
21 994 382.182282136565
45 605 382.189143136565
42 605 382.189143136565
21 605 382.189143136565
52 785 390.965753074511
59 725 390.975335074511
52 725 390.975335074511
56 724 390.976715074511
59 724 390.976715074511
52 724 390.976715074511
59 675 390.978082074511
52 675 390.978082074511
59 855 390.979449074511
52 855 390.979449074511
85 775 390.980842074511
59 775 390.980842074511
52 775 390.980842074511
43 705 390.983563074511
59 705 390.983563074511
52 705 390.983563074511
56 765 390.986297074511
59 765 390.986297074511
52 765 390.986297074511
54 695 393.668456164032
36 695 393.668456164032
54 885 393.669862164032
36 885 393.669862164032
5 754 393.683402164032
49 754 393.683402164032
36 754 393.683402164032
49 955 393.686123164032
36 955 393.686123164032
93 645 401.198508976546
59 645 401.198508976546
64 635 401.255660972517
93 635 401.255660972517
59 635 401.255660972517
93 865 401.258433972517
59 865 401.258433972517
90 845 401.265281972517
59 845 401.265281972517
24 685 406.6670656894
54 685 406.6670656894
54 795 406.6725986894
2 825 406.6849406894
54 825 406.6849406894
69 735 406.6931686894
1 735 406.6931686894
54 735 406.6931686894
60 715 408.773635203211
71 655 408.774976203211
60 655 408.774976203211
1 676 415.183179540218
13 874 426.168175299523
13 875 426.169503299523
77 986 435.055501710904
77 786 435.056894710904
40 956 435.059628710904
77 956 435.059628710904
78 975 435.163816194498
78 976 435.179113194498
97 646 435.180480194498
78 646 435.180480194498
78 876 435.199631194498
89 806 435.261147190682
57 806 435.261147190682
78 806 435.261147190682
89 866 435.262566190682
57 866 435.262566190682
78 866 435.262566190682
32 995 445.663840146706
42 746 445.673565146706
32 746 445.673565146706
45 656 445.674932146706
32 656 445.674932146706
19 965 458.766397841305
84 965 458.766397841305
34 716 458.770472841305
84 716 458.770472841305
80 816 458.781304841305
84 816 458.781304841305
54 836 473.79503780437
35 836 473.79503780437
96 836 473.79503780437
68 856 474.158025319972
88 766 474.264893505945
47 766 474.264893505945
68 766 474.264893505945
47 886 474.266312505945
68 886 474.266312505945
48 726 475.299614444822
35 726 475.299614444822
49 996 475.358278440314
48 996 475.358278440314
35 996 475.358278440314
17 626 485.663234904926
17 627 485.664575904926
69 796 485.670095904926
24 796 485.670095904926
17 796 485.670095904926
79 696 485.674197293868
70 696 485.674197293868
17 696 485.674197293868
35 666 485.678220985131
51 666 485.678220985131
0 616 485.695798540899
51 616 485.695798540899
51 977 485.771877139091
14 826 489.158410893629
14 706 489.166495893629
18 835 489.174723893629
19 835 489.174723893629
14 835 489.174723893629
19 827 489.176129893629
14 827 489.176129893629
19 617 489.177496893629
14 617 489.177496893629
14 777 489.256928894208
93 637 493.284693413565
22 637 493.284693413565
7 637 493.284693413565
22 767 493.286021413565
7 767 493.286021413565
7 847 493.287375413565
72 797 498.183044561081
72 957 498.189983561081
88 966 520.660975242119
73 966 520.660975242119
73 727 520.662368242119
94 667 520.680962555257
73 667 520.680962555257
3 657 527.680099591928
24 657 527.680099591928
24 857 527.682794591928
1 897 527.693691591928
24 897 527.693691591928
35 736 527.696412591928
34 736 527.696412591928
24 736 527.696412591928
7 607 527.758270590462
51 607 527.758270590462
24 607 527.758270590462
52 678 542.700126258379
2 678 542.700126258379
52 688 542.756884656054
2 688 542.756884656054
52 887 542.764970670422
38 887 542.764970670422
2 887 542.764970670422
66 658 543.366402397232
3 647 543.367730397232
65 647 543.367730397232
66 647 543.367730397232
3 648 543.369149397232
65 648 543.369149397232
66 648 543.369149397232
52 867 544.987530125509
52 888 544.995810125509
59 757 544.999976125509
28 757 544.999976125509
52 757 544.999976125509
59 787 545.055583121677
28 787 545.055583121677
52 787 545.055583121677
67 798 545.056989121677
68 798 545.056989121677
52 798 545.056989121677
55 717 546.681548032467
16 807 546.682889032467
71 807 546.682889032467
55 807 546.682889032467
68 817 546.684269032467
71 817 546.684269032467
55 817 546.684269032467
55 718 546.689893032467
55 868 546.692588032467
60 878 546.696754032467
66 878 546.696754032467
55 878 546.696754032467
88 677 551.181668467554
86 978 551.36378882893
49 978 551.36378882893
39 636 561.295357308151
67 636 561.295357308151
39 747 561.299497308151
67 747 561.299497308151
39 748 561.356854307156
67 748 561.356854307156
39 608 561.359614307156
67 608 561.359614307156
60 668 561.360955307156
39 668 561.360955307156
67 668 561.360955307156
60 877 561.362348307156
39 877 561.362348307156
67 877 561.362348307156
8 837 561.367803307156
60 837 561.367803307156
67 837 561.367803307156
5 697 561.369222307156
60 697 561.369222307156
67 697 561.369222307156
60 638 561.370641307156
67 638 561.370641307156
66 698 572.76072658885
9 698 572.76072658885
48 997 572.778318124724
39 997 572.778318124724
48 758 572.781091124724
39 758 572.781091124724
21 998 572.782458124724
39 998 572.782458124724
85 898 586.267658663826
44 898 586.267658663826
21 898 586.267658663826
85 788 586.270483663826
89 788 586.270483663826
21 788 586.270483663826
89 808 586.271824663826
21 808 586.271824663826
5 799 605.362211215398
5 999 605.363617215398
27 707 605.364971215398
82 707 605.364971215398
5 707 605.364971215398
5 829 605.366377215398
31 659 605.367705215398
82 659 605.367705215398
5 659 605.367705215398
6 778 605.369111215398
5 778 605.369111215398
