62 450 53.658259455032
63 450 53.658259455032
71 470 57.656978292505
71 490 57.658332292505
0 440 74.156944042544
60 440 74.156944042544
65 790 76.656890833498
79 480 76.658270833498
65 480 76.658270833498
77 430 79.270375805522
24 430 79.270375805522
56 730 79.277262805522
24 730 79.277262805522
75 700 103.658110392493
58 400 103.663656392493
70 400 103.663656392493
75 400 103.663656392493
70 770 103.667861392493
75 770 103.667861392493
75 760 103.680281392493
15 481 103.685736392493
75 481 103.685736392493
12 780 104.966964268207
3 780 104.966964268207
72 740 104.977926268207
54 740 104.977926268207
3 740 104.977926268207
4 720 104.979345268207
54 720 104.979345268207
3 720 104.979345268207
54 401 104.980738268207
3 401 104.980738268207
12 421 104.983485268207
54 421 104.983485268207
3 421 104.983485268207
88 441 123.280054687068
70 441 123.280054687068
70 791 123.284194687068
0 431 124.181573444975
4 431 124.181573444975
80 420 125.658814015691
2 410 130.666662176941
18 410 130.666662176941
58 761 139.189707380758
44 411 154.15690895222
65 451 154.18965195222
93 451 154.18965195222
44 451 154.18965195222
25 711 154.258197947737
37 711 154.258197947737
44 711 154.258197947737
48 491 156.256984033132
45 731 159.1829235394
54 731 159.1829235394
50 771 168.676199064559
18 771 168.676199064559
6 771 168.676199064559
7 721 168.678920064559
33 721 168.678920064559
6 721 168.678920064559
46 471 168.680326064559
33 471 168.680326064559
6 471 168.680326064559
38 432 180.689170873528
99 432 180.689170873528
61 722 218.160933550503
40 722 218.160933550503
39 412 218.162287770565
32 412 218.162287770565
32 461 218.163628770565
32 462 218.166337199385
52 492 218.167678408143
40 492 218.167678408143
46 472 218.169058628205
32 472 218.169058628205
34 422 218.174449265783
95 422 218.174449265783
40 422 218.174449265783
42 792 218.194631838703
15 792 218.194631838703
40 792 218.194631838703
12 742 218.198667838703
30 742 218.198667838703
40 742 218.198667838703
10 762 218.663631055204
41 762 218.663631055204
44 702 221.859842602449
96 702 221.859842602449
22 741 221.862589602449
44 741 221.862589602449
96 741 221.862589602449
96 732 221.866664602449
29 712 224.979900245642
81 712 224.979900245642
12 712 224.979900245642
3 772 231.272953258803
3 781 231.274372258803
3 782 231.275752258803
88 483 245.690463948151
29 773 251.28887953282
10 752 253.763445238767
10 753 253.764838238767
55 493 253.784197238767
92 493 253.784197238767
10 493 253.784197238767
80 763 255.673462100704
17 423 255.692743100704
80 423 255.692743100704
17 443 255.696896100704
80 443 255.696896100704
9 453 284.690821108019
32 453 284.690821108019
79 433 289.160764457873
43 713 289.171557457873
79 713 289.171557457873
79 434 289.172898457873
44 783 289.182545457873
79 783 289.182545457873
79 444 289.183964457873
90 774 296.693060175465
65 723 297.287674896008
17 723 297.287674896008
82 784 300.677314836786
26 454 300.682795836786
83 454 300.682795836786
82 454 300.682795836786
83 754 300.684136836786
82 754 300.684136836786
30 714 315.185036618854
14 714 315.185036618854
96 473 334.16334200855
10 473 334.16334200855
53 464 334.17015100855
10 464 334.17015100855
4 484 334.17293700855
53 484 334.17293700855
10 484 334.17293700855
8 704 336.162055966503
81 704 336.162055966503
82 424 341.289020856968
35 494 350.657343340362
21 474 350.658697340362
35 474 350.658697340362
72 734 350.665610340362
35 734 350.665610340362
35 465 350.679371340362
35 735 350.694577340362
28 744 351.15717677981
15 724 351.683689904673
38 724 351.683689904673
27 724 351.683689904673
29 455 380.184597892619
80 455 380.184597892619
81 455 380.184597892619
32 425 380.191458892619
8 425 380.191458892619
81 425 380.191458892619
13 415 385.267407305577
3 415 385.267407305577
71 445 391.284118059848
65 445 391.284118059848
90 445 391.284118059848
65 715 391.285459059848
90 715 391.285459059848
73 725 391.292898489538
98 725 391.292898489538
92 755 391.294265489538
73 755 391.294265489538
98 755 391.294265489538
94 495 396.759801367435
94 475 396.761168367435
94 775 396.769422367435
53 785 396.774838367435
49 785 396.774838367435
94 785 396.774838367435
49 435 396.780410367435
94 435 396.780410367435
36 485 397.758602965158
47 765 401.180202555223
39 765 401.180202555223
54 765 401.180202555223
80 406 434.969241582947
95 406 434.969241582947
77 406 434.969241582947
77 786 434.970582582947
97 405 435.173514454485
78 405 435.173514454485
87 416 435.183005454485
78 416 435.183005454485
32 466 439.16526054722
32 496 439.16945254722
65 456 439.17214754722
32 456 439.17214754722
84 476 457.279267405082
88 795 463.759623670773
47 795 463.759623670773
88 766 463.760990670773
47 766 463.760990670773
88 726 463.763711670773
47 726 463.763711670773
88 746 463.765091670773
47 746 463.765091670773
88 426 463.766510670773
47 426 463.766510670773
88 446 463.767851670773
47 446 463.767851670773
72 486 463.771913670773
88 486 463.771913670773
47 486 463.771913670773
97 407 463.781677670773
47 407 463.781677670773
34 777 474.255651623011
51 716 487.658348924963
51 736 487.661173924963
0 467 487.670859924963
51 467 487.670859924963
31 457 498.167837513719
95 457 498.167837513719
72 457 498.167837513719
95 797 498.169243513719
72 797 498.169243513719
74 705 498.171912513719
31 705 498.171912513719
72 705 498.171912513719
31 747 498.173240513719
72 747 498.173240513719
72 796 498.177380513719
2 706 515.281907527325
92 706 515.281907527325
73 706 515.281907527325
30 427 519.698680364082
94 427 519.698680364082
30 447 519.700021364082
94 447 519.700021364082
30 497 519.756852367357
94 497 519.756852367357
29 757 519.762372367357
30 757 519.762372367357
94 757 519.762372367357
24 468 532.672347639282
86 408 545.292980302545
86 717 545.294308302545
86 718 545.295675302545
88 738 550.258324939139
22 767 562.786750301759
21 767 562.786750301759
90 767 562.786750301759
21 478 562.788130301759
90 478 562.788130301759
39 748 563.279103239675
39 707 563.280496239675
80 708 563.281824239675
39 708 563.281824239675
48 758 563.291458239675
39 758 563.291458239675
46 728 566.970632527443
94 728 566.970632527443
53 448 566.973353527443
94 448 566.973353527443
94 428 566.981581527443
91 417 566.984302527443
42 417 566.984302527443
94 417 566.984302527443
87 436 568.656946692978
49 436 568.656946692978
25 438 605.262820778372
93 438 605.262820778372
36 749 605.359714113234
0 458 605.361081113234
24 458 605.361081113234
36 458 605.361081113234
21 449 605.365130113234
36 449 605.365130113234
21 798 605.369296113234
36 798 605.369296113234
