61 610 52.755518704231
63 630 53.655652190878
95 950 69.955637330424
60 600 74.155425988673
85 850 74.156831988673
71 710 74.160971988673
65 650 76.655478009604
79 790 76.656897009604
87 870 76.658238009604
69 690 78.755470293944
62 620 78.756798293944
77 770 82.959081460147
70 700 82.960474460147
78 780 83.158617175181
84 840 83.162744175181
92 920 83.164124175181
83 830 85.659260271747
86 860 85.668628228695
96 960 85.670034228695
73 730 85.671388228695
94 940 87.658182860987
76 760 87.659549860987
81 810 103.659566264611
90 900 103.666453264611
75 751 103.667807264611
82 820 107.162495623496
61 611 112.755571034024
79 791 121.855531937922
88 880 121.858304937922
60 601 121.859684937922
88 881 121.862470937922
72 720 124.157742761326
74 740 124.159161761326
68 680 124.161921761326
99 990 124.182543761326
89 890 125.166460382431
98 980 125.167866382431
80 800 125.169285382431
75 750 125.170613382431
91 910 125.171993382431
80 801 125.177461382431
68 681 125.178880382431
87 871 125.196495382431
64 641 132.791716611181
97 971 132.794425271271
77 771 132.85819984156
66 660 134.661264585803
93 931 134.662618585803
65 651 134.663946585803
99 991 134.681795585803
73 731 134.762189646651
86 861 134.763543646651
97 970 136.655463712011
64 640 136.656830712011
67 670 136.666373712011
76 761 136.696616712011
83 831 136.760983707805
72 721 136.762337707805
63 631 136.763704707805
71 711 145.666236549739
91 911 149.066367370147
84 841 149.067786370147
93 930 152.764635928738
96 961 164.658757490442
78 781 167.692626269938
98 981 167.694032269938
92 921 167.695451269938
93 932 167.776187265646
74 741 168.671748803034
82 821 168.690886803034
85 851 168.693672803034
66 661 168.695091803034
94 941 168.696510803034
67 671 168.699231803034
66 662 187.263798426808
62 621 207.255452767543
62 622 207.256832767543
70 701 207.258225767543
81 811 207.261063767543
71 712 207.265164767543
81 812 207.267937767543
89 892 207.273483767543
84 842 207.276256767543
85 852 207.283039767543
74 742 207.284445767543
90 902 207.287205767543
97 972 207.289965767543
80 802 207.291306767543
98 982 207.292686767543
64 642 208.161273683787
65 652 208.162653683787
95 951 208.168173683787
95 952 208.170985683787
72 722 208.172404683787
79 792 208.176583683787
61 612 208.177963683787
69 692 208.66826212073
89 891 211.266986622415
83 832 211.275136622415
90 901 216.678193758957
60 602 217.168419381852
77 772 234.685575700842
78 782 234.688335700842
76 762 234.692449700842
94 942 234.695248700842
68 682 234.755553813207
63 632 234.765200813207
86 862 253.773395168398
77 773 253.777509168398
92 922 253.783016168398
92 923 253.785802168398
62 623 253.787182168398
75 752 255.296217076568
75 753 255.297623076568
67 673 256.659829733902
91 912 256.661157733902
78 783 256.67403770213
60 603 256.67684970213
80 803 260.171556613977
96 962 260.176972613977
96 963 260.179784613977
61 613 275.767174592717
76 763 275.772642592717
63 633 275.774061592717
82 822 275.776769592717
98 983 275.778110592717
64 643 275.779490592717
64 644 277.359506025199
71 713 296.165797779511
83 833 296.178152779511
85 853 296.179532779511
84 843 296.183581779511
68 683 296.194387779511
89 893 296.195754779511
71 714 296.197134779511
92 924 296.198488779511
67 674 297.293139927121
90 903 302.978146225621
66 663 307.698626504811
82 823 307.759645323426
66 664 307.761025323426
63 634 307.766467323426
78 784 307.767847323426
83 834 307.769175323426
85 854 307.771922323426
82 824 307.779968323426
76 764 307.784121323426
65 653 309.167907376146
69 693 309.171931113975
72 723 309.183989441303
77 774 309.200006357649
70 703 321.255565187624
70 704 321.256919187624
89 894 351.668563624479
93 933 351.682220624479
93 934 351.683548624479
68 684 351.684954624479
65 654 351.690461624479
69 694 353.660434343881
94 943 353.661788343881
94 944 353.663129343881
87 872 353.668623343881
98 984 353.678309343881
87 874 353.683803343881
61 614 356.366962396089
87 873 356.376622396089
79 793 356.379330396089
62 624 382.258330249474
97 973 382.259710249474
97 974 382.261116249474
62 625 382.262509249474
65 655 382.263902249474
61 615 387.662224857564
89 895 387.663617857564
68 685 393.658350574549
69 695 393.661136574549
72 725 393.667906574549
70 705 393.669234574549
77 775 393.674689574549
67 675 393.677436574549
96 964 393.680209574549
85 855 393.681628574549
94 945 393.682982574549
60 605 404.155425962121
93 935 404.159500962121
71 715 404.162247962121
60 606 404.173183962121
60 604 407.766200712375
66 665 407.78920671633
97 975 415.173634654823
92 925 415.177761654823
67 676 415.179089654823
64 645 432.662695153618
78 785 434.961015969823
77 776 434.962395969823
63 635 434.965155969823
64 646 434.971990969823
78 786 434.976182969823
72 724 434.978994969823
93 936 434.980387969823
89 896 435.182886751707
65 656 441.677659943337
70 706 441.687228943337
71 716 459.179011733644
66 666 459.180378733644
97 976 462.673325048804
85 856 466.675138894607
69 696 472.274788768606
70 707 472.280360768606
68 686 474.15670049675
68 687 474.162103755138
62 626 474.164825013526
61 616 479.171932456732
72 726 479.176085456732
77 777 480.955482757965
92 926 495.268648363142
92 927 495.270028363142
63 636 497.356841459498
63 637 497.359575933398
62 627 533.26472947918
89 897 533.273365288482
72 727 542.666829396031
60 607 542.673495772795
64 647 542.676217149559
71 717 542.689667279851
67 677 542.693677656615
71 718 542.696399033379
97 978 542.755429593154
66 668 543.256924757055
65 657 543.263889757055
69 698 543.266662757055
60 608 543.268029757055
93 937 543.269396757055
64 648 543.270737757055
85 858 543.272117757055
69 697 543.273523757055
78 787 543.276244757055
65 658 543.277663757055
97 977 553.159708069911
92 928 553.177274090831
67 678 563.760941763221
68 688 563.762295763221
63 638 563.766383763221
61 617 564.170891977882
66 667 564.176398977882
85 857 573.181597344498
60 609 573.188315344498
89 898 585.299407244937
