71 470 67.758350334065
71 490 67.759743334065
11 480 90.2635061923
87 480 90.2635061923
24 580 95.157739056635
58 520 95.161775056635
24 520 95.161775056635
58 550 95.163155056635
24 550 95.163155056635
24 590 95.164483056635
24 560 95.165863056635
70 500 109.669377155623
3 500 109.669377155623
95 530 111.768489760159
69 530 111.768489760159
12 570 111.776730760159
30 570 111.776730760159
69 570 111.776730760159
57 450 111.780844760159
12 450 111.780844760159
69 450 111.780844760159
69 540 111.783630760159
69 541 111.786364760159
80 561 130.66711920753
13 551 130.67947420753
58 551 130.67947420753
80 551 130.67947420753
75 510 132.769372246558
93 510 132.769372246558
65 501 132.773564246558
93 501 132.773564246558
65 531 135.173457868879
50 531 135.173457868879
65 451 135.174811868879
50 451 135.174811868879
48 491 156.258295991452
6 521 159.163663254626
45 521 159.163663254626
54 521 159.163663254626
22 591 159.165017254626
45 591 159.165017254626
54 591 159.165017254626
54 452 159.166358254626
33 461 174.15918988721
82 471 174.16194988721
33 471 174.16194988721
64 581 174.167340256017
20 581 174.167340256017
93 502 174.684844477622
93 511 174.686198477622
93 512 174.688984477622
64 552 203.66022639668
46 472 218.165135810225
21 582 224.968082954531
50 582 224.968082954531
12 582 224.968082954531
8 522 226.671734891889
96 522 226.671734891889
96 583 226.680079891889
42 492 227.679299370667
15 492 227.679299370667
95 562 227.682111370667
15 562 227.682111370667
15 483 227.688972370667
77 513 244.279290323327
29 513 244.279290323327
28 573 262.663987727774
55 523 269.660920709119
55 593 269.662339709119
55 503 269.666440709119
34 493 289.657458377458
51 493 289.657458377458
65 532 291.687871572646
64 532 291.687871572646
85 454 303.181592331677
5 454 303.181592331677
58 454 303.181592331677
96 473 308.776348588888
8 473 308.776348588888
96 474 308.779056588888
8 474 308.779056588888
19 592 310.263729880993
17 592 310.263729880993
25 524 310.27930337347
19 524 310.27930337347
19 563 310.287323533062
86 494 310.295434692654
19 494 310.295434692654
13 453 310.298129750998
58 453 310.298129750998
17 453 310.298129750998
10 533 333.186881500739
10 534 333.188248500739
70 543 335.172354450473
82 543 335.172354450473
46 574 336.259409326001
35 574 336.259409326001
98 574 336.259409326001
35 465 336.262117511495
98 465 336.262117511495
67 594 336.264799696989
11 594 336.264799696989
98 594 336.264799696989
35 564 350.665888601231
15 484 350.670106601231
72 484 350.670106601231
35 484 350.670106601231
11 464 350.678373601231
35 464 350.678373601231
35 595 350.683867601231
8 585 378.170177471366
84 514 379.658840424717
84 505 379.660194424717
50 525 379.661587424717
84 525 379.661587424717
94 475 394.180785718583
94 495 394.182204718583
85 575 394.193088718583
94 575 394.193088718583
94 565 394.197163718583
36 545 397.770674547522
33 535 397.86228889204
36 535 397.86228889204
60 456 399.176414999823
65 555 413.172623717927
60 555 413.172623717927
3 596 413.198287943983
22 526 413.199655428683
60 526 413.199655428683
1 485 419.790684840755
48 556 443.158728702803
32 556 443.158728702803
48 466 443.161501702803
32 466 443.161501702803
22 455 443.167021702803
32 455 443.167021702803
78 576 444.965946595155
58 566 444.980766018283
87 566 444.980766018283
78 566 444.980766018283
20 486 463.758309144752
72 486 463.758309144752
47 486 463.758309144752
20 496 463.759715144752
72 496 463.759715144752
47 496 463.759715144752
97 586 465.165227583867
77 506 465.166568583867
97 506 465.166568583867
70 557 484.771892035253
17 557 484.771892035253
35 515 487.663687807805
36 467 487.670484578163
51 467 487.670484578163
0 527 487.682671475403
51 527 487.682671475403
8 577 501.258314055799
7 577 501.258314055799
79 536 504.197378329427
95 536 504.197378329427
72 536 504.197378329427
55 497 512.181265546105
73 497 512.181265546105
39 457 529.766799921991
24 457 529.766799921991
55 487 545.263009013774
86 487 545.263009013774
95 488 545.265678013774
86 488 545.265678013774
86 528 545.268412013774
86 558 545.269818013774
11 567 545.271146013774
97 567 545.271146013774
86 567 545.271146013774
66 498 551.760883454896
49 597 552.656786146544
87 518 552.660926146544
49 518 552.660926146544
8 537 552.665092146544
49 537 552.665092146544
94 468 556.188920783438
52 468 556.188920783438
94 538 556.191667783438
52 538 556.191667783438
21 588 572.786843830962
60 588 572.786843830962
39 598 576.180687387129
39 547 576.191753387129
39 548 576.193107387129
16 587 576.194487387129
54 587 576.194487387129
39 587 576.194487387129
72 507 597.181487259449
72 508 597.182880259449
53 568 597.184208259449
72 568 597.184208259449
72 479 597.185549259449
93 458 600.158448477084
