60 850 74.156715983197
65 790 76.657044698232
65 870 76.658450698232
69 620 78.756819110617
53 780 83.161343390936
53 840 83.165535390936
29 860 85.667265655229
29 730 85.671457655229
73 660 85.672863655229
29 660 85.672863655229
96 830 92.357078831513
1 820 92.369446831513
96 820 92.369446831513
75 700 103.656735861922
70 770 103.658102861922
75 770 103.658102861922
70 810 103.659495861922
75 810 103.659495861922
75 760 103.665041861922
70 750 121.861229315523
79 750 121.861229315523
11 880 121.865382315523
70 880 121.865382315523
79 880 121.865382315523
79 701 121.866723315523
88 601 121.868090315523
79 601 121.868090315523
79 881 121.869470315523
0 680 122.158811858114
0 720 122.16353830674
72 740 122.16486630674
0 740 122.16486630674
33 890 122.16756130674
0 890 122.16756130674
0 681 122.17029530674
42 800 122.17718230674
12 800 122.17718230674
0 800 122.17718230674
0 801 122.18270230674
86 731 131.268118394351
91 841 132.690675266345
76 841 132.690675266345
13 841 132.690675266345
36 771 132.697588266345
13 771 132.697588266345
77 631 132.698929266345
36 631 132.698929266345
13 631 132.698929266345
36 831 132.755579619947
13 831 132.755579619947
83 721 132.756959619947
36 721 132.756959619947
13 721 132.756959619947
93 661 134.664870042078
93 651 134.667591042078
97 640 136.656859448028
24 691 141.269178496976
58 871 142.170094324086
58 761 142.176968324086
17 711 145.668247335745
89 670 145.683466335745
91 670 145.683466335745
17 670 145.683466335745
22 741 168.674184278151
6 741 168.674184278151
46 821 168.756796274428
33 821 168.756796274428
6 821 168.756796274428
46 851 168.758202274428
33 851 168.758202274428
6 851 168.758202274428
20 641 168.760884274428
6 641 168.760884274428
63 671 168.762238274428
20 671 168.762238274428
6 671 168.762238274428
12 781 177.178181965185
38 781 177.178181965185
66 882 187.296871492893
35 742 188.870676509132
67 742 188.870676509132
93 742 188.870676509132
23 802 188.872030509132
67 802 188.872030509132
93 802 188.872030509132
29 811 207.259783153333
62 811 207.259783153333
71 891 207.262582153333
62 891 207.262582153333
62 712 207.264001153333
71 682 207.266683153333
62 682 207.266683153333
62 812 207.268037153333
90 842 207.287461153333
12 842 207.287461153333
62 842 207.287461153333
90 852 207.288867153333
12 852 207.288867153333
62 852 207.288867153333
84 832 207.298384153333
62 832 207.298384153333
53 722 208.170595694288
34 722 208.170595694288
64 722 208.170595694288
53 862 208.171923694288
34 862 208.171923694288
64 862 208.171923694288
72 612 208.177430694288
56 612 208.177430694288
64 612 208.177430694288
61 752 208.187051694288
86 752 208.187051694288
64 752 208.187051694288
69 702 208.675557937403
46 822 209.278005593079
39 632 216.670297262455
32 632 216.670297262455
10 762 219.679886144584
3 762 219.679886144584
41 762 219.679886144584
41 603 219.693738144584
15 602 220.370657776192
29 602 220.370657776192
60 772 220.372011776192
15 772 220.372011776192
29 772 220.372011776192
77 782 220.374745776192
41 782 220.374745776192
29 782 220.374745776192
74 892 235.166639864351
88 792 240.858229612945
15 792 240.858229612945
29 623 242.359448689248
12 773 242.363601689248
29 773 242.363601689248
92 652 252.176829128782
4 652 252.176829128782
27 652 252.176829128782
91 673 254.96369945001
17 673 254.96369945001
84 613 262.174911801862
98 803 262.183139801862
84 803 262.183139801862
98 643 262.185886801862
84 643 262.185886801862
76 872 277.292354735783
40 872 277.292354735783
40 763 277.293734735783
36 633 277.295114735783
76 633 277.295114735783
40 633 277.295114735783
67 783 301.760888658557
84 783 301.760888658557
67 893 301.762216658557
84 893 301.762216658557
89 683 301.763557658557
67 683 301.763557658557
84 683 301.763557658557
84 674 301.770392658557
52 684 301.781406658557
50 684 301.781406658557
84 684 301.781406658557
42 713 302.960285148617
14 713 302.960285148617
14 804 303.055410147868
64 653 303.056777147868
14 653 303.056777147868
8 634 303.062141147868
64 634 303.062141147868
14 634 303.062141147868
8 784 303.063560147868
64 784 303.063560147868
14 784 303.063560147868
8 824 303.064927147868
64 824 303.064927147868
14 824 303.064927147868
8 834 303.066255147868
64 834 303.066255147868
14 834 303.066255147868
82 663 305.157356040828
83 853 305.65695978369
83 664 305.66517478369
5 854 305.682994353491
83 854 305.682994353491
96 873 305.684387353491
83 873 305.684387353491
87 693 306.395142466587
96 693 306.395142466587
58 693 306.395142466587
96 764 306.396535466587
58 764 306.396535466587
65 723 309.190582292958
17 723 309.190582292958
17 774 309.197262654778
19 863 309.285035399749
86 694 309.355508528193
19 694 309.355508528193
19 864 309.359519276821
92 714 309.380977060931
14 714 309.380977060931
17 714 309.380977060931
81 703 330.659554633807
81 894 330.666415633807
26 874 335.174970168147
98 874 335.174970168147
85 614 335.195735168147
5 614 335.195735168147
98 614 335.195735168147
23 654 335.255611163698
53 654 335.255611163698
98 654 335.255611163698
98 704 335.26315270068
92 644 347.082788182529
42 644 347.082788182529
27 644 347.082788182529
74 604 352.183178844661
35 734 353.666745347823
11 884 353.683318347823
35 884 353.683318347823
35 825 353.761281348158
28 754 356.978843090457
75 795 356.980223090457
28 795 356.980223090457
75 705 356.981577090457
28 705 356.981577090457
70 724 356.982970090457
75 724 356.982970090457
28 724 356.982970090457
7 845 378.399159788102
21 815 382.163273984237
81 615 382.164614984237
21 615 382.164614984237
81 805 382.168676984237
21 805 382.168676984237
8 835 382.176995984237
21 835 382.176995984237
21 625 382.178336984237
42 605 382.185353984237
23 605 382.185353984237
21 605 382.185353984237
31 624 384.685269926499
21 624 384.685269926499
81 624 384.685269926499
3 895 388.192039381644
52 895 388.192039381644
46 685 393.166538500269
36 685 393.166538500269
91 695 393.170691500269
36 695 393.170691500269
47 675 393.172071500269
37 675 393.172071500269
36 675 393.172071500269
47 855 393.173438500269
37 855 393.173438500269
36 855 393.173438500269
37 735 393.180299500269
82 735 393.180299500269
36 735 393.180299500269
85 753 393.188579500269
49 753 393.188579500269
36 753 393.188579500269
85 775 393.191326500269
49 775 393.191326500269
36 775 393.191326500269
56 725 393.192693500269
49 725 393.192693500269
36 725 393.192693500269
52 785 400.393717787965
7 785 400.393717787965
63 665 407.79966669707
93 665 407.79966669707
59 665 407.79966669707
93 865 407.855433568058
59 865 407.855433568058
60 715 408.776470011121
1 676 415.179292208414
13 875 432.66173043784
10 645 432.66583143784
13 645 432.66583143784
13 836 432.67278343784
56 816 434.98410570938
77 816 434.98410570938
64 635 434.98676170938
77 635 434.98676170938
77 646 434.99511970938
77 876 434.99794470938
93 786 435.05818471388
77 786 435.05818471388
78 896 435.26932990294
89 866 435.27070990294
78 866 435.27070990294
82 765 441.67498227488
32 765 441.67498227488
32 746 441.68190827488
32 655 441.68324927488
1 846 462.696668964973
89 846 462.696668964973
68 856 474.15803540754
34 716 474.160691469327
68 847 474.271765457069
91 636 481.195436251668
68 636 481.195436251668
1 636 481.195436251668
22 637 485.191595346303
17 637 485.191595346303
12 796 485.194381346303
22 796 485.194381346303
17 796 485.194381346303
24 627 485.195761346303
17 627 485.195761346303
14 766 485.197102346303
17 766 485.197102346303
17 707 485.198443346303
26 656 485.199810346303
14 656 485.199810346303
17 656 485.199810346303
14 826 485.280909590521
74 726 485.286351590521
14 726 485.286351590521
26 886 485.291819590521
14 886 485.291819590521
14 777 485.376227177566
17 626 488.756987925217
96 626 488.756987925217
22 767 496.267724911083
7 767 496.267724911083
96 666 498.159799866277
72 666 498.159799866277
96 736 498.161205866277
72 736 498.161205866277
79 617 498.165345866277
72 617 498.165345866277
79 787 498.166738866277
72 787 498.166738866277
73 887 498.168131866277
72 887 498.168131866277
44 657 508.263888501043
92 657 508.263888501043
7 607 508.277818501043
92 607 508.277818501043
67 885 510.774931198803
73 885 510.774931198803
73 677 510.776337198803
24 857 529.176098399981
24 877 529.180251399981
2 827 542.665684356322
59 747 542.668418356322
2 747 542.668418356322
74 667 542.672571356322
30 667 542.672571356322
2 667 542.672571356322
67 717 542.676607356322
38 717 542.676607356322
2 717 542.676607356322
66 757 543.26095282314
82 616 543.28713382314
69 616 543.28713382314
66 616 543.28713382314
66 698 543.28846182314
44 897 543.29528382314
60 897 543.29528382314
66 897 543.29528382314
66 608 543.29666382314
53 697 543.29804382314
44 697 543.29804382314
66 697 543.29804382314
53 647 543.29946282314
44 647 543.29946282314
66 647 543.29946282314
66 658 543.360913818635
3 648 543.362319818635
65 648 543.362319818635
66 648 543.362319818635
1 858 543.363673818635
65 858 543.363673818635
66 858 543.363673818635
16 807 548.384027325306
52 807 548.384027325306
52 797 548.388141325306
52 867 548.396317325306
52 688 548.397710325306
68 817 548.45971132746
88 817 548.45971132746
52 817 548.45971132746
52 888 548.46106532746
52 678 548.46240632746
52 738 548.46378632746
49 878 551.195144988668
39 748 554.86383721829
67 748 554.86383721829
63 808 554.86519121829
39 808 554.86519121829
67 808 554.86519121829
90 718 559.158185824921
92 868 563.276171818885
9 868 563.276171818885
80 708 568.685441050707
63 708 568.685441050707
39 708 568.685441050707
58 798 568.697887050707
21 798 568.697887050707
39 798 568.697887050707
16 806 568.755446046687
21 806 568.755446046687
39 806 568.755446046687
72 838 604.159773980767
68 898 604.687520645982
28 638 604.690241645982
68 638 604.690241645982
6 828 604.694264645982
68 828 604.694264645982
48 758 604.695683645982
68 758 604.695683645982
90 679 604.758081641506
68 679 604.758081641506
43 768 604.759435641506
68 768 604.759435641506
