38 380 41.155601822961
61 610 52.755446945223
21 210 52.756852945223
63 630 53.655559462782
25 250 53.661014462782
20 200 54.158708532924
62 620 56.660891955308
39 390 63.655641272649
60 600 74.155608749662
31 310 74.157001749662
26 260 76.656897599456
79 790 76.658225599456
69 690 78.755620703364
32 320 78.769303703364
22 220 78.770722703364
33 330 78.772115703364
35 350 78.773443703364
27 270 78.774784703364
77 770 78.776190703364
24 241 78.777531703364
65 650 79.156897750033
26 261 79.159657750033
29 290 80.655486669585
78 780 83.161223626064
37 370 83.165428626064
24 240 83.168084626064
70 700 101.258803261505
30 300 101.260144261505
67 670 101.265729261505
73 730 101.271171261505
30 301 101.272564261505
35 351 101.273983261505
27 271 101.275350261505
66 660 102.662330088055
75 750 103.656664886148
76 760 103.688008089175
75 751 103.690755089175
61 611 105.863711981181
69 691 116.755646591389
79 791 121.855530544114
60 601 121.856936544114
25 251 121.862391544114
70 701 121.866609544114
72 720 122.162168424954
29 291 123.288412767842
28 280 124.159451765038
28 281 124.160818765038
34 340 124.164945765038
74 740 124.168968765038
63 631 124.186869765038
31 311 126.967019885881
64 640 142.16402237236
20 201 142.16541537236
64 641 142.16679537236
76 761 142.18614137236
36 360 142.18890137236
36 361 142.19030737236
72 721 142.19719437236
34 341 142.19998037236
66 661 142.255728927872
77 771 142.257095927872
38 381 142.258655115285
33 331 149.664327178865
37 371 149.758295183419
22 221 167.166668165494
38 382 167.178764742144
27 272 167.182814267694
71 711 167.185522441057
78 781 167.199051895444
68 680 170.187054812795
37 372 170.192548812795
33 332 170.662463402159
20 202 170.667853402159
60 602 186.664493570817
36 362 186.665834570817
67 671 186.667253570817
24 242 186.669909570817
23 232 187.272877537046
66 662 187.274244537046
67 672 187.367655418333
62 621 207.255407429354
25 252 207.258141429354
62 622 207.259534429354
69 692 207.264963430241
71 710 207.266291939424
32 321 207.268987449494
74 742 207.279898469634
23 231 208.15692445235
64 642 208.15972345235
23 230 208.16528245235
22 222 208.16662345235
79 792 208.16883261391
72 722 208.17017361391
28 282 208.17699561391
29 292 212.659587400562
29 293 212.693710400562
26 262 212.756775401399
39 392 214.183815854743
32 323 214.191850246227
35 352 216.684265829687
76 762 216.687064829687
78 782 216.688483829687
65 651 216.689863829687
65 652 216.691204829687
73 731 216.692597829687
21 211 216.694003829687
21 212 216.695422829687
77 772 216.696802829687
68 682 216.765259825167
75 752 216.766639825167
30 302 216.768006825167
68 681 216.769399825167
30 303 216.772120825167
73 732 230.672505048177
61 612 230.682230048177
39 391 235.196422682069
26 263 235.199131177367
74 743 235.26266627783
60 603 250.175742366519
75 753 250.182629366519
20 203 250.188045366519
62 623 250.189412366519
35 353 250.197614366519
38 383 250.198994366519
39 393 250.258129398372
77 773 250.259522398372
34 342 250.260889398372
34 343 250.262269398372
27 273 252.170494207372
25 253 252.175910207372
28 283 252.191090207372
23 233 256.270521021257
63 633 256.273203394495
37 373 256.27725263093
70 702 256.36766052581
31 313 256.665146109645
67 673 256.668469131723
31 312 256.669797131723
28 284 256.759448159768
64 643 275.193883461753
32 322 277.680315059067
76 763 277.697956059067
32 324 277.755393430242
36 363 278.168726600246
34 344 278.194315698405
24 243 278.260871251082
23 234 299.294273206856
25 254 299.665476471584
65 653 299.666804471584
65 654 299.682961741296
77 774 299.692401011008
33 333 302.957543121484
31 314 302.967099121484
68 683 303.688793251751
78 783 303.694170251751
67 674 303.695550251751
29 294 303.696891251751
26 264 304.163856995436
66 663 304.165275995436
63 634 304.167970995436
78 784 304.169324995436
66 664 304.173412995436
72 723 304.182929995436
21 213 305.665114388705
71 713 305.682872388705
71 712 305.687064388705
61 613 305.692636388705
24 244 318.697551038368
21 214 318.757050314075
70 703 321.25537314237
30 304 321.25817214237
70 704 321.25950014237
68 684 321.283820815114
64 644 321.359474246014
76 764 324.168774555026
27 274 324.264804202765
35 354 324.278177431132
32 325 324.359486036714
71 714 324.374601036714
62 624 340.182652099551
73 734 340.184006099551
38 384 340.688382208673
27 275 340.698107208673
38 385 341.687079498109
22 223 346.196102894585
22 224 346.197495894585
69 693 357.657549344697
72 724 357.658890344697
35 355 357.660270344697
79 795 357.665699344697
21 215 357.667079344697
26 265 357.668433344697
39 394 357.669800344697
73 735 357.675294344697
74 744 364.176196916752
60 604 364.177602916752
79 793 364.180362916752
28 285 364.181690916752
61 614 364.183044916752
74 745 364.189866916752
75 754 365.655698865543
75 755 365.663988398511
79 794 365.675015398511
67 675 365.693007398511
33 335 365.694426398511
70 705 365.695754398511
72 725 365.698527398511
24 245 367.678098272277
39 395 370.695394602483
34 345 370.696787602483
23 235 370.698141602483
76 765 385.284736169445
36 365 385.288863169445
37 375 385.290269169445
25 255 387.260498536057
31 315 390.171521668166
33 334 390.190452800103
29 295 390.193134989211
61 615 390.195869178319
62 625 390.681761947683
36 366 392.174617484795
36 364 392.768898472684
60 605 404.15563472311
22 225 404.15829072311
71 715 404.175855873286
65 655 404.17855141083
69 694 404.255619196454
69 695 404.258507186465
60 606 404.278959539792
77 775 404.293985152574
75 756 414.79716510723
68 685 433.765842887894
26 266 433.767183887894
30 305 433.768537887894
30 306 433.769891887894
67 676 433.771258887894
29 296 433.782116887894
77 776 434.95816755285
66 665 434.96370055285
64 645 434.96643455285
63 635 434.96781455285
27 276 434.96922055285
25 256 434.97893255285
28 286 434.98441355285
64 646 434.98860555285
78 786 434.99685955285
78 785 435.155549268627
32 326 450.168701404638
74 746 450.172789404638
65 656 450.174182404638
70 706 450.182423404638
39 396 450.183751404638
32 327 450.189414404638
73 736 459.666021724679
34 346 459.668781724679
63 636 472.790023556962
68 686 474.159596047585
25 257 474.177380047585
68 687 474.180075047585
38 386 476.677279829567
77 777 476.692161282614
35 356 478.660770931339
76 766 478.667515364471
35 357 478.682384599735
72 726 478.685040599735
26 267 478.693165310933
70 707 478.695886588999
79 796 478.699896867065
79 797 487.676072325194
61 617 487.677426325194
30 307 497.268261034375
34 347 497.362322493141
71 716 497.371879010623
72 727 498.163639681836
73 737 517.188064110271
69 696 517.194795110271
24 246 517.196136110271
24 247 517.197477110271
62 626 517.198818110271
31 316 517.200172110271
31 318 517.25692711029
73 738 517.25829411029
37 376 518.165031114672
28 287 518.166411114672
24 248 518.169223114672
61 616 522.200165236774
31 317 522.256928241065
38 388 541.28369138801
36 367 541.28503238801
71 717 541.28637338801
33 336 541.28772738801
71 718 541.29466638801
60 607 542.684906765598
38 387 542.687731765598
28 288 543.664073133139
29 297 543.665479133139
75 757 543.669619133139
29 298 543.670986133139
74 748 543.677808133139
78 787 543.679162133139
30 308 543.683276133139
27 277 543.684695133139
67 678 543.691595133139
67 677 546.671735378214
74 747 546.693594378214
68 688 546.697591378214
66 668 560.669416767339
64 647 561.198814119989
62 627 561.257032119556
35 358 561.259727119556
60 608 561.262474119556
37 377 561.265143119556
65 658 561.266471119556
77 778 561.267838119556
76 767 561.269166119556
78 788 561.270494119556
33 337 566.25554377474
66 667 566.284083351201
34 348 604.685088936525
62 628 604.686494936525
36 368 604.690673936525
34 349 604.755526677026
24 249 604.756893677026
25 259 604.758260677026
74 749 604.759653677026
