62 450 53.658481775423
63 450 53.658481775423
62 570 53.659874775423
63 570 53.659874775423
71 470 57.656831608977
71 490 57.658237608977
49 600 68.658399715408
65 790 76.656918177789
79 480 76.658337177789
65 480 76.658337177789
69 620 78.760089760046
69 530 78.768330760046
24 580 95.161376074319
58 520 95.165438074319
24 520 95.165438074319
58 550 95.166805074319
24 550 95.166805074319
24 700 95.168172074319
70 500 95.169578074319
24 500 95.169578074319
70 590 95.170958074319
24 590 95.170958074319
24 770 95.172325074319
24 560 95.173705074319
56 660 95.175098074319
24 660 95.175098074319
56 730 95.177819074319
24 730 95.177819074319
12 780 101.271220606766
3 780 101.271220606766
30 670 101.272561606766
3 670 101.272561606766
54 680 101.286283606766
3 680 101.286283606766
72 740 101.288991606766
54 740 101.288991606766
3 740 101.288991606766
3 541 101.290332606766
75 510 103.656824098802
69 540 104.994626045466
54 720 104.998714136454
69 720 104.998714136454
75 760 105.95841095622
61 760 105.95841095622
70 601 121.876079000691
79 601 121.876079000691
66 471 123.293326934213
93 471 123.293326934213
3 471 123.293326934213
93 661 123.294732934213
3 661 123.294732934213
99 451 123.298846934213
93 451 123.298846934213
3 451 123.298846934213
45 731 123.355580938712
93 731 123.355580938712
3 731 123.355580938712
93 501 123.356999938712
3 501 123.356999938712
6 521 123.358366938712
93 521 123.358366938712
3 521 123.358366938712
73 531 125.191326168557
45 531 125.191326168557
4 531 125.191326168557
80 561 125.674597569484
80 681 125.692485569484
80 581 125.760268800945
13 551 125.761866988196
80 551 125.761866988196
13 641 125.763220988196
80 641 125.763220988196
18 701 130.691412920176
13 640 132.277178679466
16 640 132.277178679466
97 761 142.199927536032
82 461 142.270496535655
83 461 142.270496535655
97 461 142.270496535655
83 771 142.271876535655
97 771 142.271876535655
22 591 142.277435535655
83 591 142.277435535655
97 591 142.277435535655
17 711 145.677701265452
48 491 156.256770098472
54 452 159.195597688253
99 651 176.769514287348
99 562 176.796893287348
99 672 176.799705287348
22 741 178.668370169608
38 741 178.668370169608
55 671 178.676533169608
38 671 178.676533169608
98 781 178.690385169608
43 781 178.690385169608
38 781 178.690385169608
36 721 179.773003020805
50 721 179.773003020805
51 721 179.773003020805
51 502 179.779916020805
57 621 182.656993503587
93 511 187.284127176653
64 552 208.158235545801
1 532 208.181227545801
54 532 208.181227545801
64 532 208.181227545801
53 722 208.185380545801
54 722 208.185380545801
64 722 208.185380545801
53 612 208.186734545801
54 612 208.186734545801
64 612 208.186734545801
78 652 208.188114545801
55 652 208.188114545801
64 652 208.188114545801
78 772 208.189494545801
55 772 208.189494545801
64 772 208.189494545801
59 472 208.190848545801
95 472 208.190848545801
64 472 208.190848545801
95 592 208.199076545801
34 592 208.199076545801
64 592 208.199076545801
8 522 208.255462544699
40 522 208.255462544699
64 522 208.255462544699
41 602 218.661049200115
10 762 218.663770200115
41 762 218.663770200115
3 782 218.674732200115
41 782 218.674732200115
32 632 219.657438316117
32 462 219.671199316117
32 692 219.698578316117
69 732 219.699997316117
32 732 219.699997316117
96 582 224.967909505787
12 742 224.979940448341
44 702 224.994706525419
96 702 224.994706525419
29 712 225.055614972219
81 712 225.055614972219
12 712 225.055614972219
41 682 226.259491986004
29 682 226.259491986004
81 682 226.259491986004
73 583 234.665141791198
42 492 234.667888791198
73 492 234.667888791198
49 752 234.669307791198
42 752 234.669307791198
73 752 234.669307791198
42 792 234.672028791198
73 792 234.672028791198
15 483 237.060969544418
26 631 252.199250804663
98 631 252.199250804663
80 631 252.199250804663
80 503 252.256899800241
80 763 252.272001800241
80 553 252.277482800241
55 523 252.282924800241
80 523 252.282924800241
55 593 252.285645800241
80 593 252.285645800241
29 623 252.675310259346
75 513 252.680765259346
29 513 252.680765259346
92 773 252.683525259346
29 773 252.683525259346
56 673 252.699801080886
29 673 252.699801080886
29 753 256.267784410496
91 753 256.267784410496
97 633 269.677619547718
55 633 269.677619547718
94 473 269.678999547718
97 473 269.678999547718
55 473 269.678999547718
9 453 276.167054948419
98 643 276.184851948419
32 643 276.184851948419
9 643 276.184851948419
67 783 284.76650265097
84 783 284.76650265097
32 783 284.76650265097
84 674 284.76790865097
32 674 284.76790865097
67 514 284.76927565097
84 514 284.76927565097
32 514 284.76927565097
43 713 291.055482909673
44 713 291.055482909673
79 713 291.055482909673
78 683 291.060846909673
44 683 291.060846909673
79 683 291.060846909673
90 493 296.661991300774
65 723 296.674086947274
90 723 296.674086947274
90 564 296.683500593774
90 653 296.688916809274
90 654 296.691599024774
90 644 296.694294240274
77 524 296.698304455774
90 524 296.698304455774
90 774 296.755552301444
84 613 296.758221382187
51 613 296.758221382187
82 663 300.661783974107
30 603 300.678226974107
78 603 300.678226974107
82 603 300.678226974107
82 784 300.689175974107
84 504 303.279739739385
73 684 303.286498734451
50 684 303.286498734451
84 684 303.286498734451
50 734 303.287826734451
84 734 303.287826734451
83 664 309.768379899965
96 474 309.85542337082
66 474 309.85542337082
83 474 309.85542337082
96 764 309.85682937082
66 764 309.85682937082
83 764 309.85682937082
83 584 309.85819637082
92 714 309.86510937082
83 714 309.86510937082
32 703 311.183783155175
70 543 312.255574641831
52 543 312.255574641831
70 544 321.257564114777
39 534 321.262830357439
70 534 321.262830357439
39 594 321.264171357439
70 594 321.264171357439
10 464 324.182940375201
76 464 324.182940375201
7 454 334.268087126351
92 454 334.268087126351
14 454 334.268087126351
93 533 336.166747703307
81 533 336.166747703307
93 574 336.169468703307
81 574 336.169468703307
4 494 336.172241703307
93 494 336.172241703307
81 494 336.172241703307
4 624 336.173660703307
93 624 336.173660703307
81 624 336.173660703307
33 634 347.282989398695
61 634 347.282989398695
28 634 347.282989398695
97 484 351.677167025892
35 484 351.677167025892
35 595 351.783090517794
48 694 351.784431517794
73 694 351.784431517794
35 694 351.784431517794
73 485 351.785785517794
35 485 351.785785517794
73 565 351.787113517794
35 565 351.787113517794
35 735 351.788519517794
28 744 355.267693011238
98 744 355.267693011238
98 745 355.269060011238
74 604 355.270414011238
28 604 355.270414011238
98 604 355.270414011238
28 614 355.273148011238
98 614 355.273148011238
75 535 362.773150122914
72 573 362.784112122914
73 573 362.784112122914
75 573 362.784112122914
75 724 362.795061122914
75 725 362.797795122914
75 675 362.859545118728
47 775 362.862266118728
75 775 362.862266118728
4 605 382.262286988173
42 605 382.262286988173
21 605 382.262286988173
94 754 383.260324067103
94 475 383.261665067103
14 705 383.297259067103
94 705 383.297259067103
31 625 383.356877067845
37 625 383.356877067845
94 625 383.356877067845
29 455 385.282497828527
90 455 385.282497828527
8 455 385.282497828527
3 635 387.268473663371
63 645 387.271233663371
3 645 387.271233663371
63 665 387.272613663371
3 665 387.272613663371
90 615 391.278171282771
55 655 391.280918282771
8 655 391.280918282771
90 655 391.280918282771
8 585 391.282311282771
90 585 391.282311282771
8 555 391.285097282771
62 555 391.285097282771
90 555 391.285097282771
84 515 391.287805282771
90 515 391.287805282771
84 525 391.289224282771
90 525 391.289224282771
52 505 391.290643282771
84 505 391.290643282771
90 505 391.290643282771
60 715 395.18872312726
98 715 395.18872312726
92 765 395.19695112726
73 765 395.19695112726
98 765 395.19695112726
36 545 397.761530507907
91 685 401.157048704076
54 685 401.157048704076
59 495 403.670423364357
48 695 404.192426042605
73 695 404.192426042605
60 695 404.192426042605
22 456 407.855616583723
22 476 407.874871583723
21 795 419.761840603052
1 795 419.761840603052
1 696 419.778413603052
1 676 419.781147603052
77 576 434.959614937754
77 646 434.985704937754
77 786 434.988464937754
87 785 434.991120937754
77 785 434.991120937754
78 575 435.158419357789
85 506 435.169316357789
78 506 435.169316357789
8 566 435.183103357789
78 566 435.183103357789
78 776 435.191422357789
32 486 439.162499056796
32 746 439.167980056796
99 465 439.172042056796
32 465 439.172042056796
99 466 439.173370056796
32 466 439.173370056796
5 706 454.265066650847
15 706 454.265066650847
89 706 454.265066650847
84 736 462.782733797241
1 736 462.782733797241
48 496 463.767884231772
47 496 463.767884231772
48 726 463.771907231772
47 726 463.771907231772
42 656 463.773274231772
48 656 463.773274231772
47 656 463.773274231772
52 626 463.774628231772
49 626 463.774628231772
47 626 463.774628231772
88 766 463.777388231772
47 766 463.777388231772
34 716 474.162291881238
35 556 474.262385170701
55 536 474.267918170701
35 536 474.267918170701
35 557 474.269324170701
31 796 474.272006170701
55 796 474.272006170701
35 796 474.272006170701
79 497 474.274792170701
55 497 474.274792170701
35 497 474.274792170701
96 677 475.298896099128
77 687 478.978000846787
24 627 491.699106627457
14 627 491.699106627457
18 616 491.773502895082
19 616 491.773502895082
14 616 491.773502895082
82 617 491.774869895082
19 617 491.774869895082
14 617 491.774869895082
7 607 493.269795474742
71 516 493.275289474742
7 516 493.275289474742
33 767 493.282228474742
7 767 493.282228474742
51 467 494.678211863579
46 547 494.679565863579
51 547 494.679565863579
72 737 498.177643153757
73 587 498.183137153757
72 587 498.183137153757
92 537 501.16398011338
73 727 519.37097875452
73 797 519.37786575452
94 666 519.38204475452
73 666 519.38204475452
99 548 537.297421457069
7 548 537.297421457069
99 718 537.298775457069
7 718 537.298775457069
99 678 537.355515452548
7 678 537.355515452548
19 728 538.675655351283
46 728 538.675655351283
94 667 538.678454351283
46 667 538.678454351283
94 747 538.682607351283
46 747 538.682607351283
55 487 538.781942141393
0 488 538.784715141393
55 488 538.784715141393
16 527 538.794219141393
86 527 538.794219141393
55 527 538.794219141393
16 717 538.862439554485
55 717 538.862439554485
11 567 538.865108554485
7 567 538.865108554485
55 567 538.865108554485
99 688 538.866514554485
7 688 538.866514554485
55 688 538.866514554485
66 757 543.257017052705
53 657 554.960376271181
94 657 554.960376271181
53 697 554.961769271181
94 697 554.961769271181
94 538 554.965896271181
94 568 554.971533271181
2 528 554.975647271181
94 528 554.975647271181
62 647 554.981115271181
42 647 554.981115271181
94 647 554.981115271181
87 668 565.780563087618
39 668 565.780563087618
67 668 565.780563087618
39 748 565.783310087618
67 748 565.783310087618
39 638 565.784690087618
67 638 565.784690087618
29 708 565.786096087618
39 708 565.786096087618
67 708 565.786096087618
39 608 565.787463087618
67 608 565.787463087618
39 637 574.659279926809
31 588 574.688103926809
21 588 574.688103926809
39 588 574.688103926809
60 518 583.883304150746
93 628 605.258621143357
35 659 605.265456143357
21 659 605.265456143357
93 659 605.265456143357
