38 380 41.155634467185
8 80 48.161549207479
63 630 53.655616201846
39 390 63.655516748873
49 490 63.656870748873
79 790 63.661049748873
48 480 63.662442748873
3 30 68.6699520359
8 81 70.159692055534
69 690 78.755491979214
53 530 78.768741511948
24 240 78.770095511948
29 291 80.658136498287
19 190 80.662173287673
18 180 83.858241834292
84 840 97.163734563741
78 780 97.165140563741
18 181 97.166546563741
88 880 97.167965563741
73 730 102.657642234776
68 680 102.671338234776
94 940 107.174795571247
4 41 107.181747571247
9 90 107.183088571247
58 580 111.656854590395
3 31 111.658182590395
59 590 111.662296590395
4 40 111.667686781595
33 330 111.671722924133
28 280 111.685172357691
28 281 111.687841454539
9 91 111.698556826347
43 430 111.755422589368
54 541 111.759445734111
69 691 111.774158156839
79 791 121.855468898415
29 290 121.856887898415
34 340 124.169964201134
68 681 124.172711201134
39 391 124.174104201134
74 740 124.180874201134
43 431 124.182254201134
44 440 124.183634201134
14 141 124.185027201134
63 631 124.189180201134
33 331 124.193255201134
13 130 124.255347198402
13 131 124.256753198402
64 640 124.258081198402
89 890 124.259409198402
98 980 124.260763198402
64 641 124.262091198402
58 581 124.263484198402
93 930 134.655511096065
83 830 134.658310096065
54 540 134.661005096065
34 341 134.663713096065
93 931 134.665041096065
99 990 134.666460096065
19 191 134.671915096065
53 531 134.673256096065
73 731 134.674610096065
99 991 134.675938096065
48 481 134.689699096065
14 140 134.692407096065
24 241 134.695102096065
38 381 134.755537100127
13 132 138.695436447143
74 741 138.699524447143
84 841 159.163641388851
89 891 159.166375388851
54 542 159.178756388851
44 441 159.262339387301
48 482 159.263732387301
93 932 166.797983161174
83 831 170.665071899237
33 332 170.666425899237
3 32 170.670526899237
59 591 170.673312899237
23 231 170.681475899237
18 182 170.684222899237
94 941 170.695145899237
38 382 173.186841643197
78 781 173.267581742263
98 981 173.268909742263
14 142 173.271578798857
43 432 173.275627855451
39 392 173.277046855451
23 232 181.693942282105
99 992 181.695322282105
68 682 200.160337721179
74 742 200.167276721179
4 42 200.168682721179
49 491 202.675624437023
9 92 202.685219437023
98 982 214.768406800739
19 192 222.172780664759
28 282 222.175527664759
24 242 222.176933664759
63 632 222.179602664759
84 842 222.186528664759
83 832 222.187882664759
78 782 222.194756664759
3 33 222.196136664759
94 942 224.174601390999
64 642 224.175942390999
8 82 224.180069390999
79 792 224.181436390999
88 882 224.182803390999
23 230 224.185615390999
34 342 224.188440390999
53 532 224.189794390999
29 292 224.963503560134
69 693 231.676148570203
89 892 231.678843570203
73 732 234.655414871314
69 692 234.662158871314
48 483 242.173367916402
88 883 242.176114916402
58 582 246.671175318421
39 393 251.191139640238
19 193 251.192545640238
59 593 251.196620640238
18 183 251.261164635891
89 893 251.263911635891
34 343 251.265265635891
59 592 254.861175153188
88 881 254.862568153188
73 733 254.865354153188
28 283 256.156785761907
28 284 256.183777808899
38 383 256.190483434263
98 983 269.173131201697
9 93 269.177271201697
8 83 269.181398201697
9 94 269.182726201697
3 34 275.677499178997
58 583 278.186342197157
43 433 285.655593155043
13 133 285.662480155043
43 434 285.673403155043
79 794 295.762381999786
84 844 304.156808085329
78 783 304.159568085329
83 833 305.655504181284
33 333 305.658303181284
14 144 305.659657181284
13 134 305.660985181284
58 584 305.671921181284
68 683 306.161318896152
54 543 306.162698896152
79 793 306.166825896152
89 894 306.168231896152
8 85 312.161700567858
83 834 312.173990567858
23 234 315.176882284029
8 84 317.770822067708
23 233 317.783164067708
93 933 325.274518082344
53 533 325.278658082344
93 934 325.280051082344
23 235 325.281444082344
63 633 334.662237725184
63 634 334.664907033832
94 944 334.66627418827
34 344 334.674451114214
78 784 334.675805268424
53 534 334.686482040158
39 394 334.695947811664
59 594 334.698694811664
54 544 334.700061811664
18 184 334.7651819026
19 194 334.7679419026
73 734 334.7693089026
14 143 335.160034770812
88 884 335.198375770812
38 384 335.199716770812
28 285 344.1614636419
98 984 356.695326533093
59 595 356.757076533721
38 385 356.768129533721
34 345 356.770863533721
98 985 357.256887709316
68 684 361.181401684896
43 435 361.182820684896
33 334 377.167807673116
33 335 377.170567673116
94 945 377.173379673116
39 395 377.178795673116
58 585 378.176018008057
99 993 378.177424008057
8 86 378.185665008057
54 545 388.183441993227
3 36 390.781607378782
68 685 393.665225622971
69 694 393.673414622971
48 484 393.674755622971
69 695 393.676135622971
48 485 393.677476622971
13 135 399.160933559805
3 35 399.1799348211
89 895 399.1813018211
88 885 403.695707221383
84 846 403.757042285461
53 535 422.676373451446
28 286 422.683273451446
13 136 432.663047461497
93 935 432.668489461497
63 635 432.669843461497
84 845 432.672590461497
83 835 432.676730461497
13 137 432.680805461497
78 785 435.155446905697
78 786 435.156852905697
18 185 441.196598536422
48 486 441.255570537053
18 186 441.258330537053
3 37 441.270633537053
34 346 462.696557766136
38 386 462.697950766136
58 586 462.756936773257
83 836 462.761037773257
89 896 466.989775684374
93 936 466.991116684374
98 986 466.992535684374
43 436 466.993915684374
43 437 466.995282684374
94 946 467.059585836641
68 686 474.157592393926
63 636 474.163125393926
84 847 474.185205393926
73 735 486.191498509848
88 886 486.198424509848
54 546 486.255644508904
69 696 486.257037508904
99 995 486.258391508904
8 88 495.683811666589
53 536 497.661214710203
33 336 497.662581710203
73 736 498.692276028699
94 947 517.158225531464
73 737 517.159644531464
28 287 537.161425500871
18 187 537.162818500871
28 288 537.164211500871
93 937 537.166893500871
48 487 537.173741500871
88 887 537.176501500871
38 387 537.177920500871
38 388 537.179261500871
79 797 537.180680500871
68 688 537.183362500871
83 837 537.67315407807
8 87 537.67448207807
33 337 537.67581007807
99 997 539.697589305686
23 237 539.760821150586
23 238 539.762175150586
68 687 539.767695150586
58 587 539.778670150586
99 996 542.756812985706
48 488 542.773164985706
79 796 552.192478627989
53 537 552.193858627989
69 697 552.195264627989
53 538 552.196657627989
39 397 552.199469627989
3 38 552.255487906297
18 188 552.262374906297
78 787 552.273182109081
54 547 564.166674037671
54 548 564.168028037671
98 987 564.176269037671
43 438 564.179055037671
73 738 566.773366448822
58 588 566.777454448822
63 638 576.165660249312
99 998 576.175229249312
94 948 576.182077249312
33 338 576.183496249312
88 888 576.184850249312
83 838 596.166621983956
93 938 603.160763035792
84 848 603.166231035792
43 439 603.167650035792
