61 610 52.755663900697
21 210 52.757082900697
63 630 53.655498823638
25 250 53.659508823638
20 200 54.160547152214
62 620 56.659402125212
60 600 74.155524466643
26 260 76.656854091091
65 650 76.66118910218
69 690 78.755674650301
24 240 78.766662650301
24 241 78.768055650301
26 261 79.158198694458
29 291 80.659597728503
61 611 97.264355935667
27 270 100.166270928342
27 271 101.661125677299
29 290 102.658793724909
60 601 118.169802886235
25 251 118.171169886235
28 280 124.157830172245
28 281 124.163389172245
22 220 124.164795172245
64 640 142.157437037761
64 641 142.160223037761
67 670 142.164259136635
20 201 142.166941183902
63 631 142.168295235509
66 660 142.170990334383
66 661 167.682967233025
22 221 184.16613211922
27 272 185.271035960123
67 672 185.275032960123
67 671 185.279029960123
66 662 187.259448782643
21 211 187.263472343327
21 212 187.264891343327
62 621 207.25554354258
25 252 207.25826454258
62 622 207.25965754258
29 292 207.26232654258
23 231 208.158390313692
64 642 208.159731313692
23 230 208.161085313692
22 222 208.164161648205
26 262 209.758149555427
68 681 228.168284677398
68 682 228.169677677398
68 680 228.173739677398
23 232 230.166956223708
60 602 230.668005685031
20 202 232.161727086548
63 632 232.180800086548
62 623 250.181568805317
20 203 250.184315805317
29 293 250.189783805317
61 612 251.266257601703
22 223 251.268965601703
67 673 252.688275645723
27 273 256.163703223986
24 242 256.173104366608
65 652 256.174445366608
61 613 276.173571063443
28 283 278.167715099939
63 633 278.1811647009
66 663 278.183834541048
65 653 278.194695061492
25 253 278.255617555196
69 693 278.256945555196
66 664 297.275026227937
25 254 297.777766330534
23 233 297.780539330534
65 654 297.783273330534
23 234 297.784692330534
21 213 297.792998330534
64 643 297.794339330534
63 634 297.795745330534
28 282 300.66739611625
26 263 300.70008711625
27 274 300.755472765019
67 674 319.762991831944
68 683 319.768433831944
68 684 319.769852831944
21 214 320.662027941336
29 294 321.691945195327
20 204 321.693299195327
62 624 341.285011187377
60 603 341.286391187377
26 264 342.765455446614
69 694 365.657311647865
23 235 365.674928825798
20 205 365.681815825798
60 605 366.181030416932
61 614 383.268634762862
21 215 383.275510339378
62 625 383.279572339378
24 244 387.676278358772
22 224 387.677619358772
25 255 387.678999358772
67 675 387.681733358772
61 615 387.683113358772
22 225 404.156917440091
65 655 404.163882977635
69 695 404.166617515179
60 606 404.169326052723
64 645 431.658116683223
66 665 431.659470683223
26 265 433.757332398032
26 266 433.759315162898
68 685 433.760669162898
67 676 433.762036162898
63 635 433.763455162898
20 206 450.763324226933
28 285 450.768909226933
65 656 450.770289226933
68 686 474.158227682308
25 256 474.178590974248
25 257 474.180009974248
68 687 474.181363974248
64 646 475.658124104549
22 226 496.65894569332
61 616 496.66029969332
62 626 496.66164069332
66 667 514.160592296848
69 696 514.164628296848
20 207 514.166008296848
26 267 514.168742296848
60 607 538.667249077831
67 677 542.177506968584
26 268 543.258120552206
66 668 543.259448552206
61 617 543.260854552206
65 657 543.262208552206
62 627 543.263601552206
69 697 543.267741552206
63 636 543.269121552206
62 628 543.274615552206
20 208 543.275943552206
61 618 543.277297552206
67 678 558.180178253134
68 688 558.185569281866
63 637 558.186949450925
65 658 558.188290450925
60 608 580.155524453557
63 638 580.165158453557
60 609 580.172019453557
