7 310 63.662470961799
39 310 63.662470961799
3 320 75.67797680933
62 320 75.67797680933
79 320 75.67797680933
40 370 101.658777953031
27 370 101.658777953031
27 300 101.660183953031
30 350 101.662943953031
27 350 101.662943953031
27 351 101.667070953031
54 340 101.668424953031
35 340 101.668424953031
27 340 101.668424953031
96 381 102.678134254099
3 301 105.691233049114
35 301 105.691233049114
80 321 124.170830626516
42 311 124.194095626516
80 311 124.194095626516
5 331 139.190526880472
58 331 139.190526880472
58 361 139.198780880472
10 330 142.174274329951
13 330 142.174274329951
97 330 142.174274329951
88 312 160.756941481387
31 391 160.759649481387
88 391 160.759649481387
31 392 160.762383481387
88 392 160.762383481387
88 372 160.782940481387
33 360 170.664135435493
57 371 172.661622543069
41 362 186.756979344903
43 362 186.756979344903
99 362 186.756979344903
67 352 203.170021736179
85 341 203.172677736179
35 341 203.172677736179
67 341 203.172677736179
66 342 203.175450736179
67 342 203.175450736179
68 302 225.685143525094
41 302 225.685143525094
41 303 225.690676525094
1 353 231.680434695866
3 353 231.680434695866
56 313 246.675373126405
75 314 259.195853360218
80 363 261.169271597503
59 393 261.255563597925
55 393 261.255563597925
80 393 261.255563597925
0 343 261.259690597925
75 343 261.259690597925
80 343 261.259690597925
1 383 275.173050506974
76 383 275.173050506974
40 383 275.173050506974
63 373 275.179872506974
76 373 275.179872506974
40 373 275.179872506974
40 324 275.184025506974
45 333 280.182865592538
9 333 280.182865592538
32 333 280.182865592538
73 344 303.679309428029
23 344 303.679309428029
50 344 303.679309428029
92 304 304.662653865135
87 364 311.681020466546
96 364 311.681020466546
83 364 311.681020466546
87 374 311.683832466546
96 374 311.683832466546
83 374 311.683832466546
82 315 332.258164501487
49 354 340.167853268248
86 354 340.167853268248
98 354 340.167853268248
59 394 341.69124406838
38 394 341.69124406838
27 394 341.69124406838
27 385 341.69261106838
7 305 352.192493147359
74 305 352.192493147359
94 335 374.180778431489
72 384 374.184892431489
56 384 374.184892431489
94 384 374.184892431489
94 365 374.194591431489
94 375 374.197403431489
32 345 376.265762165939
58 345 376.265762165939
61 334 396.697752758743
90 334 396.697752758743
98 334 396.697752758743
73 395 396.782963309195
98 395 396.782963309195
54 396 413.174306575536
97 306 430.172427776176
77 306 430.172427776176
84 346 456.662814961388
34 356 456.666689296078
84 356 456.666689296078
34 386 457.157627459383
96 357 469.674662480242
68 376 475.661297657385
73 367 516.667778242562
55 317 516.670525242562
73 317 516.670525242562
31 336 516.673181242562
73 336 516.673181242562
73 318 516.67496548593
2 307 529.160775077966
88 388 529.178421040422
2 388 529.178421040422
46 328 529.66443570996
38 308 545.178712433011
88 308 545.178712433011
88 387 545.684332830252
55 387 545.684332830252
69 397 559.163676987101
53 397 559.163676987101
94 397 559.163676987101
53 377 559.165056987101
94 377 559.165056987101
43 337 559.167803987101
94 337 559.167803987101
43 338 559.170550987101
94 338 559.170550987101
87 358 559.690666710454
49 358 559.690666710454
65 348 561.68269919587
66 348 561.68269919587
63 398 578.681374851949
60 398 578.681374851949
63 378 578.684095851949
60 378 578.684095851949
60 399 578.688248851949
60 319 578.692349851949
47 368 596.163739543714
72 368 596.163739543714
