6 60 25.155559358641
15 150 51.655505615066
8 80 51.656833615066
20 200 51.658252615066
10 100 70.15689682786
7 70 70.15831582786
0 0 70.15966982786
16 160 70.16101082786
8 81 70.162938674748
19 190 75.662676936145
12 120 75.664017936145
11 110 75.665371936145
3 31 89.670522702728
17 170 96.65548267644
17 171 96.65682367644
7 71 96.667656108962
1 10 96.67575439731
9 90 96.679803541484
14 140 96.682472563112
4 40 96.685128685658
4 41 96.686456685658
9 91 96.687862685658
18 180 98.17367923299
15 151 111.655492625673
13 130 112.187813645602
2 20 112.193177645602
16 161 137.677882623994
14 141 137.680603623994
1 11 137.683415623994
13 131 137.688883623994
10 101 137.690289623994
20 201 137.693062623994
3 30 138.660955241647
12 121 138.663728241647
0 1 138.674820241647
5 51 138.680314241647
13 132 138.684506241647
2 21 139.695509144824
2 22 139.696928144824
16 162 140.19737252811
18 181 154.182010499748
18 182 154.186046499748
11 111 155.17223828721
3 32 155.18573928721
14 142 163.195065875333
17 172 176.278723771079
6 61 179.660382149949
7 72 179.670579968681
12 122 179.674654968681
20 202 186.156980189748
11 112 200.159196361126
15 152 203.168052361884
5 52 207.663441122157
19 191 220.660173995884
19 192 220.661514995884
10 102 220.662907995884
8 82 226.184397812968
16 163 226.257035206367
2 23 226.258428206367
15 153 226.259821206367
6 62 227.758526286871
1 12 237.660973647085
1 13 237.667704647085
12 123 237.670516647085
20 203 247.67532166701
0 2 247.694306298184
10 103 247.69701477604
18 183 249.69482346319
10 104 249.759446458723
17 173 251.16074763845
13 133 251.16216663845
17 174 251.16902763845
19 193 271.674691120469
9 93 273.186367576938
7 73 273.187786576938
9 94 273.190533576938
18 184 286.675418078272
19 194 286.679636078272
12 124 295.180090149236
9 92 295.188202348419
11 113 295.193631348419
11 114 295.195037348419
20 204 295.196404348419
8 84 312.155581980792
14 144 312.170527980792
8 85 312.175891980792
5 54 312.685380982361
2 24 313.672144748505
16 164 313.673472748505
14 143 313.682821443393
5 53 313.685516790837
13 134 313.686844790837
14 145 315.166718614712
7 74 315.179086614712
19 195 317.665116596127
10 105 335.159724115176
11 115 353.664920651205
7 75 357.16257617005
20 205 357.17901917005
1 14 357.18037317005
1 15 357.18179217005
15 154 362.157379112054
13 135 362.161415595856
0 3 362.18303098247
8 86 378.167858780383
2 25 378.169277780383
17 175 383.159686509002
5 55 383.161014509002
16 165 396.26735050058
15 155 396.27292250058
2 26 418.675748273561
16 166 418.678482408967
18 186 418.679810408967
1 16 423.169454361054
5 56 441.160401798051
17 176 441.161820798051
11 116 441.171363798051
15 156 441.174162798051
15 157 462.193858410305
18 185 464.160613885586
13 136 464.161980885586
10 106 464.163347885586
17 177 489.191457365196
12 126 489.194178869474
5 57 489.196874373752
20 206 489.198215373752
20 207 493.168104342775
2 27 493.169458342775
1 17 493.176332342775
1 18 493.177751342775
14 147 494.162775054265
14 148 494.171068054265
7 78 528.685271007467
2 28 529.15696397172
19 196 529.15830497172
5 58 531.671900600964
11 118 531.674608600964
14 146 550.162508069088
13 138 550.163888069088
19 197 550.278822892738
18 187 550.280228892738
16 168 550.284264892738
8 87 555.655460534027
15 158 555.658168534027
2 29 556.181686167224
12 128 556.183027167224
11 117 559.659700138662
16 167 559.676286138662
11 119 559.677705138662
10 107 564.165161156384
20 208 564.166580156384
8 88 564.167960156384
14 149 564.170720156384
16 169 572.291272602339
19 198 596.161253122092
19 199 596.163987122092
17 178 602.167545605892
