38 380 41.155535929681
8 80 48.157510571187
63 630 53.655461068769
39 390 63.655592561879
49 490 63.656959561879
3 30 68.659720340942
48 480 68.661061340942
8 81 70.159595967434
69 690 78.755470705934
53 530 78.765078705934
18 180 78.766458705934
24 240 78.767838705934
29 290 80.658050464986
19 190 80.663467254372
79 790 83.855551834552
59 590 89.671860701961
44 440 97.672087001392
94 940 97.673454001392
73 730 102.658253532419
58 580 111.656859777427
4 41 112.157046441902
33 330 112.168538259006
78 780 112.194575888601
28 280 112.197258146189
28 281 112.198612146189
54 540 112.200031146189
68 680 112.255457533434
34 340 112.256837533434
74 740 112.264923281474
48 481 112.266251500159
54 541 112.270353029514
4 40 114.98084229306
14 140 114.98491729306
9 91 114.98625829306
3 31 114.99042429306
79 791 121.855460898675
29 291 121.858233898675
38 381 121.862295898675
84 840 124.168546664376
68 681 124.174131664376
43 431 124.185093664376
14 141 124.187853664376
19 191 124.190548664376
63 631 124.194597664376
33 331 124.195964664376
43 430 124.198685664376
13 130 124.255387661644
13 131 124.258160661644
89 890 124.259501661644
98 980 124.262209661644
58 581 124.263537661644
64 640 124.264930661644
64 641 124.266271661644
9 90 132.162797449983
93 930 134.655444852144
83 830 134.658165852144
34 341 134.663581852144
93 931 134.664961852144
99 990 134.666341852144
73 731 134.675795399544
99 991 134.677162399544
13 132 138.69682936811
53 531 138.755507367112
74 741 138.756926367112
24 242 144.18411249681
88 880 156.76677223216
49 491 156.77222723216
48 482 156.77496123216
54 542 159.177331233007
23 231 166.860848100152
18 181 166.862241100152
18 182 166.863647100152
93 932 166.876015100152
94 941 170.689926261846
59 591 173.773333498086
44 441 173.778866498086
33 332 173.784386498086
3 32 173.785753498086
38 382 178.675330679329
24 241 178.682204679329
39 391 178.687763679329
78 781 178.689091679329
84 841 178.690484679329
98 981 178.691877679329
89 891 178.693244679329
14 142 178.694611679329
43 432 178.695952679329
39 392 178.697332679329
4 42 178.698673679329
83 831 178.700066679329
23 232 181.755427277192
59 592 181.756820277192
99 992 181.758239277192
68 682 200.165329247242
9 92 200.172394806464
74 742 200.173735806464
84 842 200.176705390936
64 642 208.165104475552
34 342 208.178644475552
53 532 208.181391475552
69 692 210.766312606799
58 582 210.770413606799
44 442 210.771793606799
88 881 210.773121606799
8 82 210.791022606799
38 383 210.875975610889
98 982 221.758405338579
19 192 222.169773294839
63 632 222.172481294839
29 292 224.967356203131
78 782 231.660999757235
3 33 231.662340757235
94 942 231.669214757235
89 892 231.674734757235
83 832 231.676075757235
73 732 234.655393838013
74 743 235.177418291842
88 882 236.671308591664
8 83 236.690498591664
79 792 236.691904591664
13 133 236.771977549179
48 483 242.188970063632
88 883 242.190311063632
18 183 247.673406001211
4 43 247.677559001211
49 492 247.680280001211
34 343 247.681608001211
19 193 247.682949001211
39 393 247.685670001211
59 593 247.693872001211
89 893 247.758337996706
28 283 256.156808722555
28 284 256.190480531295
49 493 268.684107778627
28 282 268.688286778627
23 233 268.761095888778
9 93 268.769297888778
14 143 268.772044888778
98 983 276.172587835389
64 643 276.173993835389
43 433 276.176727835389
84 843 276.178133835389
63 633 278.261068717056
33 333 278.272225717056
64 644 278.273618717056
18 184 278.280375717056
34 344 278.281703717056
58 583 285.659772650822
3 34 285.665253650822
43 434 285.666672650822
44 443 285.668078650822
44 444 285.669445650822
79 793 290.96237680466
79 794 290.98294680466
63 634 290.99117480466
9 94 290.99396080466
78 783 290.99678580466
8 84 290.99819180466
78 784 290.99955880466
24 243 300.181292065293
19 194 300.185354897493
24 244 300.270290262698
99 993 300.29048829479
14 144 303.299252407799
83 833 303.355556242212
13 134 303.356884242212
58 584 303.359618242212
83 834 303.360998242212
84 844 304.156044997229
8 85 304.766508960258
68 683 306.165648708936
14 145 315.269173531239
19 195 317.759490851397
48 484 320.181770713853
68 684 320.187175153497
23 234 328.269276509454
54 543 334.692184762421
39 394 334.694905762421
93 933 334.696311762421
93 934 334.697704762421
53 533 334.699058762421
73 734 334.761167759746
4 44 334.762521759746
88 884 334.763875759746
4 45 334.765858536462
23 235 334.768579536462
98 984 335.164324219898
24 245 335.176614219898
59 594 335.180767219898
38 384 335.195947219898
59 595 339.26506241131
69 694 353.665860648258
94 944 353.671290002242
53 534 353.695481064194
49 494 353.770512199388
38 385 353.77454838261
98 985 357.195923444025
9 95 357.256824218584
74 744 357.677533081496
74 745 357.758045960723
94 943 357.869022440477
69 693 357.874373943065
39 395 362.278382446292
34 345 362.279723446292
3 35 371.65843463006
89 895 371.76104263006
3 36 371.76237063006
33 334 376.365652960193
13 135 376.369701960193
84 845 376.375104960193
33 335 376.376471960193
78 785 376.377812960193
79 795 377.171881262769
89 894 381.189916092393
83 835 381.259411648745
8 86 381.260765648745
58 585 381.263473770381
99 994 381.270232290273
99 995 381.272928050219
23 236 385.6762716321
69 695 385.6776906321
88 885 385.6790446321
44 445 385.6872336321
4 46 385.6886526321
54 544 393.666315528894
54 545 393.667734528894
49 495 393.673176528894
94 945 393.675884528894
9 96 393.678696528894
18 185 405.191889781928
39 396 422.674576119751
43 435 422.680044119751
53 535 422.681372119751
68 685 422.684028119751
28 286 422.685434119751
93 935 430.171673569267
63 635 430.174446569267
64 645 430.185252569267
64 646 430.188025569267
98 986 430.196266569267
58 586 430.199026569267
13 136 434.762904351139
54 546 434.779230351139
13 137 434.791533351139
89 896 435.255360548762
49 496 438.175724186254
48 486 438.181244186254
84 846 457.984945792821
34 346 457.990413792821
38 386 457.991767792821
34 347 457.993121792821
93 936 471.670902863198
9 97 471.673701863198
68 686 474.158260407384
63 636 474.163793407384
68 687 474.167842407384
14 146 480.667258190539
74 746 480.668612190539
88 886 480.669979190539
3 37 480.671333190539
78 786 480.679613190539
24 246 480.683766190539
53 536 480.685120190539
24 247 480.686539190539
44 446 480.687880190539
14 147 480.689260190539
19 196 480.690588190539
19 197 480.694663190539
53 537 489.176587495737
14 148 489.177993495737
18 186 494.165876845284
83 836 494.167295845284
43 436 494.174078845284
69 696 494.175406845284
79 796 494.176747845284
43 437 494.178140845284
33 336 494.179468845284
28 287 504.164242549143
44 447 504.173850549143
94 946 507.69901995777
74 747 507.756721953405
4 47 508.158371652318
3 38 518.16671438418
24 248 518.16812038418
94 947 522.67074326247
18 187 522.68718626247
79 797 522.68855326247
73 737 522.68992026247
23 237 526.1758187889
8 88 526.1771597889
48 485 537.161303562041
99 996 537.162696562041
49 497 537.165456562041
28 288 537.166875562041
13 138 537.169609562041
58 587 537.174999562041
73 736 537.177707562041
48 487 537.179100562041
88 887 537.183253562041
38 388 537.184594562041
99 997 537.185987562041
48 488 537.187380562041
38 387 537.190101562041
73 738 537.195634562041
43 438 545.897013030715
23 238 545.899721030715
68 688 545.966603035065
99 998 547.798265109262
33 338 552.283296253576
9 98 554.657025622257
54 548 566.796977453886
18 188 568.655528655401
94 948 570.171884787024
39 397 570.173303787024
44 448 570.176115787024
53 538 570.177521787024
8 87 570.178862787024
84 847 570.181609787024
69 698 576.968078787219
49 498 576.973611787219
63 637 576.974991787219
63 638 576.976397787219
54 547 576.979235787219
4 48 576.984768787219
8 89 576.986135787219
88 888 576.991668787219
83 837 596.163891426663
19 199 596.168083426663
58 588 596.176285426663
79 798 596.177665426663
