53 211 98 89 4.43479 28 14 0.270705 75 0
280 1102 209 197 7.80841 71 39 0.75509 739 179
541 2060 243 238 8.62886 118 67 1.30066 1452 1496
801 2972 268 271 9.0787 161 92 1.78795 1987 4264
1061 3912 287 296 9.60106 194 118 2.29124 2311 8009
1329 4976 333 345 10.6756 237 143 2.77658 2804 11828
1595 6094 372 389 11.3048 284 166 3.22403 3045 17201
1851 7051 406 429 11.8023 312 185 3.59242 3346 20702
2114 8095 424 453 12.0719 328 201 3.9018 3525 24131
2379 9209 463 496 12.7083 362 215 4.1736 3858 29432
