17 17 1 0 0 1 0.0004 0 0 1 1 0.0555524
41 41 23 44 8 46 0.0335571 0.0305971 0 14 14 1008.62
67 67 46 204 12 97 0.0747277 0.0691277 6 33 33 2120.63
94 94 60 298 15 124 0.0914573 0.0869197 24 45 43 2881.33
119 119 73 406 19 147 0.107109 0.100667 31 62 60 3486.19
144 144 98 682 24 208 0.154395 0.144422 32 83 80 5088.02
166 166 113 772 24 243 0.180543 0.168591 32 101 98 5863.22
185 185 126 823 26 275 0.205266 0.192155 32 109 106 6588.6
201 201 136 880 26 301 0.223852 0.209793 32 120 117 7207.04
215 215 157 955 26 355 0.256569 0.240881 32 137 134 8630.14
