89 320 109 109 4.9889 45 16 0.334635 198 0
307 1136 232 219 8.72277 76 41 0.858395 1292 100
557 2025 266 256 9.50172 125 68 1.42361 2123 667
821 2947 303 299 10.6877 165 95 1.98757 2716 1154
1091 3894 332 334 11.5536 191 117 2.44693 3399 2370
1353 4828 377 388 12.582 239 143 2.9904 4393 3675
1613 5842 409 428 13.4352 264 164 3.42929 4963 5118
1869 6832 440 461 14.2644 293 183 3.82733 5564 5850
2138 7874 466 491 14.931 309 199 4.16169 6099 6765
2403 8921 485 515 15.4153 334 214 4.47492 6498 7464
