16 16 6 6 2 7 0.0024 0.0016 0 6 6 89.3374
41 41 53 262 17 103 0.0694341 0.0620741 17 19 19 1993.26
68 68 95 720 26 200 0.135876 0.127044 41 32 31 4056.25
95 95 133 1076 35 283 0.188136 0.17732 41 44 43 5909.48
117 117 170 1389 41 378 0.249196 0.232462 41 57 56 7803.8
143 143 208 1845 46 466 0.308307 0.28646 103 76 73 9640.05
164 164 238 2196 55 535 0.346874 0.322341 140 92 88 11331.1
183 183 263 2350 58 599 0.384094 0.357306 140 104 100 12498
199 199 312 2576 66 731 0.443263 0.41301 140 117 113 15448.3
214 214 342 2692 73 810 0.47505 0.443224 145 129 125 17263.8
