22 109 69 55 3.16275 40 16 0.803709 22 0
198 910 288 253 10.3932 103 40 2.00945 637 9
457 2026 364 339 12.1097 197 66 3.35344 1956 197
721 3120 402 387 13.5145 247 91 4.61679 2894 1528
974 4242 456 446 14.6617 322 112 5.67189 3776 4835
1220 5342 512 509 15.8002 407 138 6.98745 4713 8436
1493 6705 587 586 16.9188 471 160 8.09293 5394 12473
1757 7821 617 623 17.6607 513 178 8.99733 5856 16028
2015 8940 640 654 18.4083 542 192 9.70078 6200 19832
2272 10125 670 684 18.933 575 207 10.5327 6613 23194
