13 13 8 1 4 10 0.0032 0.0032 0 3 3 35.2555
42 42 43 207 11 79 0.0524168 0.0441768 5 18 17 1121.52
71 71 79 625 20 157 0.105095 0.0931912 45 39 36 2620.37
95 95 116 870 28 242 0.165023 0.150982 69 53 49 4495.28
125 125 161 1291 33 352 0.244857 0.224085 86 72 67 6464.73
153 153 181 1740 35 394 0.270386 0.246575 87 92 86 7538.98
178 178 219 1929 39 489 0.32468 0.296699 87 107 101 9241.53
195 195 235 2077 41 526 0.346619 0.31714 97 118 111 10078.7
212 212 270 2240 44 616 0.386028 0.353483 97 126 119 12008.8
228 228 294 2349 45 684 0.413652 0.380642 97 139 132 13443.3
