16 16 0 0 0 0 0 0 0 0 0 0
40 40 7 4 3 10 0.00488 0.00448 0 5 5 140.104
66 66 31 147 15 51 0.0293632 0.0290432 1 23 22 1533.43
91 91 53 294 25 94 0.0547098 0.0590618 19 39 38 2985.14
117 117 66 444 34 112 0.0591002 0.0664218 21 52 51 3520.57
142 142 89 602 43 153 0.0848 0.0920089 91 75 70 4926.6
165 165 104 689 51 178 0.0991278 0.105321 129 95 87 5923.4
184 184 120 780 56 211 0.120185 0.125035 129 107 99 6936.21
200 200 125 821 56 227 0.134735 0.139102 146 116 107 7317.6
216 216 145 892 61 276 0.170186 0.173273 150 128 118 8579.43
