40 221 109 92 5.3089 29 16 0.640518 73 0
256 1227 226 202 8.48406 74 40 1.59855 1084 355
512 2249 280 268 9.64164 149 66 2.64037 2333 1163
772 3274 302 296 10.3147 212 92 3.68179 2729 3118
1040 4439 363 369 11.0904 253 114 4.56064 3616 8302
1291 5528 425 435 11.9051 310 140 5.60312 4388 12990
1555 6784 464 477 12.559 367 161 6.44455 4811 17986
1815 7873 487 506 12.93 396 180 7.20366 5144 22663
2088 8999 510 533 13.2402 417 196 7.84229 5473 27334
2342 10194 560 585 13.9129 443 211 8.44168 5919 33472
