16 16 3 1 0 3 0.0012 0 0 2 2 0.166347
41 41 33 129 14 53 0.031344 0.029504 0 20 20 851.609
66 66 71 513 34 124 0.0775706 0.0766105 30 39 38 2673.35
90 90 114 817 51 203 0.112951 0.121348 91 56 52 4921.03
113 113 142 1071 61 269 0.156282 0.163665 140 73 67 5990.52
140 140 168 1257 74 317 0.180267 0.188031 296 91 81 7472.65
163 163 198 1403 82 393 0.233523 0.238251 387 110 95 9156.71
182 182 215 1508 87 423 0.249913 0.253425 432 123 104 9868.05
198 198 232 1602 90 469 0.273231 0.275209 473 131 112 11253
213 213 266 1733 100 550 0.317622 0.318928 526 144 123 12985.6
