15 15 3 1 1 3 0.0004 0 0 2 2 0.166492
40 40 28 157 19 32 0.00224 0.0064 0 19 19 582.314
67 67 72 479 54 92 0.016704 0.030784 33 40 38 2704.35
91 91 110 739 81 148 0.0155008 0.056448 189 57 49 4625.39
114 114 136 876 97 194 0.0414823 0.08448 293 67 56 6013.89
140 140 164 1102 117 238 0.0627021 0.106867 474 88 67 7868.05
162 162 186 1213 128 279 0.0892476 0.131958 550 107 80 9088.71
181 181 206 1317 142 307 0.0979192 0.139884 589 120 90 10795.3
198 198 214 1393 144 328 0.115262 0.156639 645 128 96 11512.4
214 214 242 1479 155 385 0.150899 0.190934 680 138 103 13402.4
