14 14 3 1 0 3 0.0012 0 0 2 2 0.166652
47 47 28 129 5 47 0.0336672 0.0265472 0 18 18 575.038
72 72 77 639 20 155 0.114516 0.102036 1 36 35 2698.32
100 100 121 1125 30 253 0.177659 0.166996 30 54 53 4521.82
125 125 140 1517 35 291 0.200281 0.18797 30 72 71 5181.91
150 150 198 1968 46 426 0.28301 0.262474 118 90 87 7804.18
171 171 229 2231 54 505 0.332437 0.308873 182 112 108 9489.2
193 193 256 2400 61 556 0.356129 0.330331 186 124 119 10809.8
209 209 286 2518 65 631 0.388084 0.359807 206 133 128 12510.3
226 226 322 2634 69 727 0.437737 0.406978 257 144 138 14297.5
