17 17 6 9 2 7 0.0024 0.0016 0 3 3 67.8404
41 41 20 79 3 28 0.01752 0.01248 0 17 17 415.278
67 67 31 129 5 53 0.040944 0.033344 0 26 26 1188.76
90 90 56 193 14 93 0.0596928 0.054592 0 43 43 3152.54
116 116 80 336 19 151 0.107913 0.100201 0 61 61 4336.18
143 143 96 493 22 187 0.133219 0.123278 0 76 76 5288.48
169 169 118 716 30 237 0.17066 0.158838 1 94 94 6743.17
187 187 134 787 31 284 0.207765 0.194308 1 103 103 7829.96
203 203 149 822 33 326 0.240953 0.226376 1 113 113 8916.04
222 222 159 852 35 348 0.255183 0.239998 1 121 121 9552.5
