17 17 7 6 3 10 0.0052 0.0048 0 6 6 107.894
41 41 54 211 29 86 0.0417463 0.0431863 54 20 20 2126.72
69 69 91 604 46 157 0.0777509 0.0871589 123 34 32 3944.94
96 96 128 851 65 224 0.10598 0.124616 123 46 44 6453.78
121 121 161 1064 77 292 0.151283 0.165895 181 61 58 7959.59
146 146 201 1334 95 367 0.195373 0.206513 333 81 72 10420.4
167 167 225 1660 105 410 0.214932 0.224216 361 96 86 11712.3
185 185 250 1776 116 463 0.252551 0.260315 361 108 98 13212.2
201 201 286 1888 129 536 0.283978 0.289711 393 119 107 15403.4
217 217 321 2027 142 617 0.326669 0.330879 431 129 116 17499.8
