17 17 8 1 3 12 0.00688 0.00608 0 3 3 35.2552
42 42 40 142 18 75 0.0488403 0.0474803 36 15 13 1146.53
69 69 78 595 37 143 0.0883149 0.0892109 71 35 31 2861.03
94 94 121 864 57 219 0.114982 0.129574 182 49 41 5481.46
117 117 154 1148 68 282 0.153327 0.16497 286 69 58 6723.24
143 143 181 1419 80 332 0.182465 0.191634 333 89 75 8421.08
165 165 202 1623 86 383 0.217467 0.224664 368 104 88 9371.28
184 184 224 1745 89 436 0.245689 0.250851 384 115 97 10432.3
200 200 248 1806 97 488 0.271937 0.275622 397 120 102 11779.5
215 215 266 1922 100 531 0.294647 0.297183 429 132 111 12902.2
