17 17 0 0 0 0 0 0 0 0 0 0
41 41 19 39 10 28 0.01384 0.01408 8 12 11 609.592
68 68 41 186 17 79 0.0583552 0.0563712 16 26 24 1799.14
93 93 54 262 23 103 0.070656 0.0736512 81 45 41 2697.72
116 116 73 366 32 139 0.0942157 0.0978457 105 57 51 3558.53
142 142 91 521 37 172 0.116968 0.118518 127 74 67 4731.32
165 165 100 622 41 187 0.125457 0.126377 134 94 86 5215.19
184 184 111 656 42 209 0.139956 0.139817 142 103 94 5912.23
200 200 123 735 43 239 0.162404 0.161313 142 110 101 6651.16
215 215 132 753 48 258 0.175438 0.174382 144 122 113 7470.66
