40 220 108 97 5.67035 25 17 0.779485 85 0
253 1262 256 240 10.5309 70 42 1.92475 1116 342
513 2294 317 311 11.9776 123 69 3.16083 2187 948
767 3277 360 359 13.153 156 94 4.30493 2863 2937
1033 4419 414 421 13.7853 206 117 5.35809 3799 6608
1300 5547 470 482 14.6233 272 143 6.54936 4489 9658
1553 6715 514 532 15.8376 332 165 7.55763 4984 12479
1810 7728 552 575 16.5236 365 184 8.42782 5321 15589
2088 8793 577 601 17.1094 381 200 9.16035 5566 19711
2345 9962 605 637 17.7117 396 215 9.84667 6051 24551
