16 16 7 19 2 10 0.006 0.0048 0 5 5 64.9041
40 40 39 171 5 76 0.0586634 0.0475434 0 20 20 1025.06
69 69 73 484 8 160 0.12917 0.109666 0 31 31 2773.31
93 93 118 791 15 267 0.201846 0.178352 0 47 47 5661.74
114 114 151 1118 19 352 0.261529 0.232137 0 65 65 7108.8
141 141 194 1408 25 457 0.325833 0.289958 0 77 77 9547.57
166 166 231 1841 28 542 0.374654 0.334033 30 91 89 11666.2
190 190 268 2038 28 634 0.416943 0.37232 30 103 101 13593.2
204 204 287 2149 31 683 0.438679 0.392558 30 111 109 14831.4
221 221 318 2278 31 778 0.479618 0.430997 30 122 120 16928.3
