40 208 97 79 4.5616 42 12 0.329893 81 0
258 1155 237 214 8.30976 138 38 1.04392 1030 113
516 2167 311 294 9.83349 247 63 1.7729 2180 859
771 3215 349 342 10.9729 338 85 2.37868 2817 2395
1032 4331 409 411 11.9043 428 108 3.01153 3822 4790
1285 5425 496 503 13.7518 512 134 3.83219 5073 6915
1553 6689 569 583 15.2815 598 155 4.41159 5955 10069
1800 7754 602 620 15.8939 644 172 4.883 6321 12156
2076 8983 621 646 16.1598 683 187 5.29622 6733 14832
2334 10206 667 700 17.3477 714 203 5.73499 7626 15650
