16 16 7 1 3 11 0.00648 0.00608 0 3 3 32.1958
45 45 41 167 30 58 0.01784 0.0256 56 17 15 1192.36
73 73 79 584 56 114 0.038976 0.052288 150 39 33 2888.51
99 99 112 742 82 154 0.0227456 0.062848 252 51 40 4892.23
122 122 155 1123 112 214 0.0384768 0.0849792 403 70 56 6885.79
149 149 179 1459 127 257 0.0652816 0.110326 464 89 73 8140.06
172 172 209 1638 147 305 0.087285 0.132344 528 106 85 9860.43
192 192 221 1690 152 323 0.0941359 0.138503 581 120 94 10430.7
208 208 230 1729 158 337 0.0990063 0.143101 649 127 99 11167.2
223 223 261 1818 175 399 0.137977 0.180984 691 140 110 13132.9
