16 16 3 0 0 4 0.0028 0.0016 0 2 2 22.1685
41 41 35 93 8 81 0.0606651 0.0535451 0 15 15 1445.4
67 67 90 613 20 208 0.145855 0.129983 0 31 31 4097.18
92 92 121 920 28 278 0.184007 0.171655 68 46 45 5593.24
118 118 163 1238 40 366 0.235234 0.218366 98 59 57 7332.14
143 143 202 1720 48 456 0.277028 0.256263 98 79 77 9262.47
166 166 230 1998 57 514 0.308702 0.285459 127 94 91 10521.8
185 185 268 2197 63 601 0.351268 0.324586 155 107 103 12570.1
201 201 304 2299 69 691 0.394448 0.365034 155 116 112 14885.9
216 216 330 2406 76 751 0.421818 0.391042 160 127 123 16593.7
