14 14 4 0 2 5 0.0016 0.0016 0 3 3 67.2262
39 39 27 27 7 61 0.0514548 0.0464149 0 9 9 1211.28
67 67 48 283 9 112 0.0970126 0.0869806 0 26 26 2211.89
92 92 70 410 15 168 0.13807 0.13102 0 41 41 3421.59
116 116 90 553 19 216 0.170959 0.161001 0 52 52 4330.92
141 141 108 737 24 256 0.199396 0.187423 38 68 66 5445.51
163 163 118 806 27 277 0.211148 0.198277 47 80 77 5928.5
181 181 141 919 31 340 0.250843 0.235853 47 91 88 7727.26
197 197 154 931 33 375 0.274392 0.258445 47 99 96 8529.24
213 213 175 995 37 430 0.312541 0.295282 47 108 105 10237.7
