53 207 89 82 4.05515 23 16 0.165884 73 0
288 1132 189 189 7.63237 64 41 0.425614 763 53
545 2029 240 250 9.3759 116 66 0.684305 1805 886
799 2944 286 304 10.3833 161 91 0.94389 2566 1904
1058 3890 333 359 11.5278 195 114 1.18242 3185 3888
1322 4868 375 407 12.569 249 140 1.45352 3871 6422
1590 5969 412 451 13.3064 288 164 1.70213 4450 10760
1847 6827 432 477 13.6928 331 183 1.89979 4775 13520
2112 7831 458 511 14.1436 347 199 2.06473 5201 16382
2368 8855 474 530 14.3861 380 214 2.21939 5557 21768
