16 16 3 0 1 6 0.00488 0.00448 0 1 1 78.686
41 41 24 75 8 46 0.035424 0.032384 0 14 14 757.501
67 67 38 245 8 82 0.07248 0.064832 0 31 31 1541.22
92 92 59 375 15 123 0.0973888 0.093056 14 49 49 2791.18
118 118 81 488 21 171 0.130935 0.123387 14 61 61 3875.07
143 143 95 705 23 197 0.147415 0.137876 36 80 79 4640.47
165 165 109 798 25 231 0.17077 0.15948 36 97 96 5427.5
184 184 128 859 28 280 0.207662 0.194605 36 107 106 6550.77
200 200 142 960 28 312 0.229245 0.214782 36 116 115 7560.3
215 215 158 982 33 345 0.248585 0.233346 44 130 128 8522.79
