15 15 4 0 2 5 0.0016 0.0016 0 3 3 67.2262
40 40 26 44 13 46 0.029728 0.029568 7 12 11 1120.78
65 65 49 213 22 93 0.0613306 0.0629146 28 26 23 2358.58
90 90 64 294 28 121 0.078329 0.0818585 28 39 36 3336.73
110 110 83 374 33 163 0.109827 0.113336 30 53 49 4357.71
137 137 101 569 42 194 0.126219 0.129656 51 70 65 5349.27
158 158 113 683 47 222 0.148749 0.151263 109 87 75 6137.99
176 176 122 736 49 243 0.163632 0.165432 112 96 84 6765.93
191 191 137 758 56 271 0.177189 0.178208 112 104 92 7643.79
205 205 156 847 59 322 0.216515 0.216393 124 119 105 9045.29
