17 17 7 17 3 8 0.002 0.0016 0 5 5 67.9008
41 41 44 156 12 82 0.0575127 0.0497527 0 19 19 1342.01
69 69 87 496 24 178 0.127901 0.119901 0 29 29 3764.7
93 93 120 889 30 253 0.180134 0.169779 11 44 43 5582.53
114 114 159 1125 39 346 0.242988 0.227902 42 60 58 7506.3
141 141 188 1492 46 414 0.284917 0.266027 72 74 72 9201.03
166 166 237 1821 59 518 0.339588 0.315716 129 90 86 12162.3
186 186 271 1999 64 597 0.383171 0.356247 129 104 100 13676.1
201 201 301 2153 69 668 0.409546 0.380334 129 110 106 15670.9
217 217 329 2281 73 749 0.44674 0.415766 134 117 113 17193.4
