87 314 107 106 5.12794 21 17 0.510478 193 0
306 1150 219 210 8.56639 68 41 1.23325 1199 443
553 2045 261 256 9.2369 108 69 2.07431 2072 1597
812 2969 300 297 10.2327 161 94 2.82588 2770 2311
1081 3953 328 332 11.1579 204 118 3.54774 3275 4418
1352 4940 352 368 11.6651 276 143 4.30133 3907 7313
1598 5958 399 414 12.5429 323 164 4.9337 4502 9051
1862 6982 427 446 13.5238 364 182 5.47498 4901 10730
2137 8099 442 465 13.8373 382 198 5.95634 5151 13232
2409 9181 453 483 14.1254 402 214 6.43762 5624 15563
