17 17 3 0 0 4 0.0028 0.0016 0 2 2 22.1711
42 42 39 80 7 83 0.0621186 0.0526786 0 17 17 1581.99
67 67 89 470 11 210 0.15919 0.137015 0 31 31 3864.06
92 92 123 755 15 292 0.221039 0.195138 36 50 50 5647.93
116 116 164 1069 21 390 0.289059 0.257526 36 64 64 7265.07
141 141 202 1561 24 479 0.340909 0.303617 75 85 84 9111.43
163 163 231 2010 25 548 0.38083 0.339809 75 105 104 10468.2
182 182 256 2161 28 600 0.406882 0.363433 75 116 115 11789.4
199 199 290 2286 28 695 0.456336 0.409703 75 126 125 13990.3
215 215 331 2525 38 806 0.501784 0.452723 75 139 138 16697.2
