14 14 3 0 3 3 -0.0012 0 0 3 3 22.17
40 40 36 77 17 62 0.0342608 0.0334608 16 17 16 1245.58
68 68 86 464 43 154 0.079676 0.085692 72 33 31 3859.27
93 93 118 764 57 212 0.108069 0.122956 73 47 44 5646.3
116 116 149 983 68 279 0.150589 0.164454 128 63 59 7251.35
141 141 187 1259 84 350 0.192898 0.203151 211 79 73 9188.79
164 164 216 1496 96 413 0.233044 0.242362 319 99 88 10651
183 183 231 1567 99 442 0.247048 0.255042 356 113 100 11492.5
199 199 261 1644 107 509 0.281313 0.28728 356 119 106 13448.6
213 213 300 1827 118 590 0.316902 0.320953 382 130 116 15830
