17 17 1 0 1 1 -0.0004 0 0 1 1 0.0556513
42 42 24 75 13 44 0.0261018 0.0267418 0 10 10 870.48
67 67 42 256 21 76 0.0449971 0.0460851 19 33 31 1997.48
92 92 55 365 26 99 0.0545459 0.0599731 33 48 44 2630.82
115 115 75 479 33 134 0.0733738 0.08004 43 63 58 3593.31
141 141 93 686 42 166 0.0910793 0.0975018 44 81 75 4775.44
165 165 111 811 50 195 0.107045 0.112209 44 98 92 5795.67
184 184 117 845 52 208 0.116603 0.121348 58 108 101 6130.54
200 200 135 882 58 244 0.139321 0.142982 58 117 110 7518.33
215 215 148 947 60 281 0.167613 0.170445 70 133 125 8306.9
