17 17 3 1 0 3 0.0012 0 0 2 2 0.166609
42 42 29 114 11 41 0.0212 0.01856 12 19 19 565.186
73 73 77 639 38 127 0.0705664 0.0712064 13 40 39 2577.34
99 99 114 905 55 187 0.0856469 0.100085 138 58 54 4129.78
124 124 147 1129 71 254 0.128447 0.144452 207 71 66 5466.76
160 160 181 1455 84 324 0.170891 0.183284 303 88 79 7224.28
187 187 207 1598 92 383 0.209511 0.219425 326 106 94 8493.69
206 206 239 1705 103 452 0.241974 0.249544 349 120 106 10258.2
220 220 257 1803 108 492 0.263459 0.269851 363 131 117 11035.2
238 238 285 1906 114 558 0.299515 0.304255 396 140 124 12506.1
