16 16 6 7 5 6 -0.0016 0 0 6 6 89.3371
41 41 51 184 40 68 0.0129786 0.0239386 76 20 18 2046.2
67 67 86 471 62 120 0.0267418 0.0485018 170 32 27 3924.19
92 92 123 636 90 171 0.0253722 0.0679578 232 44 36 6292.65
118 118 159 808 117 226 0.0471552 0.0934195 336 60 49 8218.79
143 143 195 1029 142 282 0.0763941 0.120987 533 81 62 10448.5
166 166 221 1370 159 322 0.0955253 0.138958 594 96 75 11917.7
185 185 234 1517 163 343 0.107145 0.149698 594 109 88 12475.4
201 201 249 1554 171 368 0.11822 0.16016 622 117 94 13469.8
217 217 271 1657 180 415 0.146187 0.187217 637 127 102 14918.5
