53 201 92 82 4.22697 28 14 0.314949 66 0
281 1080 186 175 7.2198 71 39 0.879352 712 285
544 1947 219 216 8.08582 149 64 1.44411 1478 1848
797 2766 248 251 8.44526 196 89 2.00777 1948 3685
1058 3618 277 284 9.20989 221 113 2.54907 2436 7061
1329 4575 309 323 10.1584 268 137 3.0915 2948 10867
1594 5541 333 350 10.5717 325 158 3.56611 3300 16225
1842 6442 363 379 10.8846 352 177 3.99451 3502 19989
2100 7423 398 410 11.4856 376 193 4.35558 3728 24004
2363 8431 425 440 11.9499 402 208 4.69485 4043 30132
