14 14 3 0 2 4 0.0012 0.0016 0 1 1 22.1716
39 39 37 63 25 54 0.018592 0.023872 19 13 11 1423.92
64 64 72 370 51 105 0.0321306 0.0444186 148 31 24 3180.73
90 90 111 573 81 164 0.0303534 0.0700846 285 48 35 5735.43
114 114 136 732 93 217 0.0633809 0.103122 351 63 46 6989.86
138 138 163 932 109 256 0.0804531 0.121042 459 80 58 8560.2
159 159 185 1081 126 282 0.0836698 0.124936 551 91 65 9854.87
178 178 195 1133 131 302 0.0961583 0.136843 596 102 72 10615.3
194 194 209 1143 134 336 0.121151 0.160803 603 108 77 11733.1
209 209 228 1207 142 371 0.136878 0.175701 629 118 86 13162.3
