15 15 2 1 0 2 0.0008 0 0 2 2 0.11078
40 40 32 151 2 70 0.0602167 0.0491767 0 20 20 749.384
67 67 75 765 10 175 0.144677 0.124677 0 41 41 2498.7
92 92 118 1127 13 283 0.226518 0.199952 0 59 59 4372.16
119 119 150 1436 17 368 0.282142 0.251131 0 73 73 5353.45
145 145 191 1841 22 471 0.346007 0.310067 95 91 89 7314.03
167 167 231 2266 29 578 0.400078 0.35961 176 112 109 9247.73
184 184 264 2551 31 653 0.438391 0.394377 176 124 121 10761.7
200 200 297 2708 36 733 0.473119 0.426516 198 132 129 12497.6
216 216 336 2899 39 850 0.521639 0.472289 225 142 139 14501
