17 17 0 0 0 0 0 0 0 0 0 0
44 44 7 5 2 10 0.006 0.0048 0 6 6 142.413
73 73 32 145 8 71 0.0600224 0.0541824 0 22 22 1427.19
102 102 57 302 14 121 0.0926042 0.0872473 0 39 39 2797.14
125 125 69 414 17 150 0.115424 0.109443 1 49 49 3259.04
155 155 93 683 24 196 0.144659 0.135546 1 71 71 4626.16
178 178 110 775 27 239 0.175237 0.164158 52 93 90 5481.05
197 197 128 872 29 280 0.201555 0.188476 52 106 103 6829.11
218 218 140 937 33 305 0.218124 0.204289 52 113 110 7461.94
234 234 160 989 36 351 0.243698 0.228551 67 125 121 8777.82
