14 14 8 1 0 14 0.01184 0.00864 0 3 3 35.2555
40 40 43 193 5 87 0.0667468 0.0537868 0 17 17 1216.91
72 72 85 801 12 186 0.14194 0.122324 0 39 39 2840.18
99 99 126 1174 17 283 0.211687 0.186759 31 54 53 4721.77
124 124 166 1614 21 382 0.272825 0.240882 126 72 70 6276.02
154 154 199 2049 23 476 0.331388 0.294326 126 95 93 7891.81
181 181 239 2346 25 577 0.38079 0.338799 126 111 109 9612.43
201 201 273 2599 29 658 0.417512 0.372422 127 122 120 11141.2
217 217 306 2806 32 741 0.45525 0.407712 127 132 130 12814.6
237 237 326 2905 37 790 0.475159 0.426417 127 146 144 14132.3
