16 16 2 1 0 2 0.0008 0 0 2 2 0.111171
41 41 27 135 20 28 -0.00368 0.0016 13 18 18 500.627
69 69 74 619 56 97 0.0197632 0.0344832 49 41 39 2637.63
93 93 107 877 79 142 0.0154752 0.0521472 230 60 53 4405.13
117 117 137 1078 100 187 0.0315367 0.0740352 303 76 64 5727.28
143 143 167 1302 121 233 0.0510567 0.0944256 509 93 74 7729.96
165 165 192 1398 134 276 0.0737152 0.115406 596 112 86 9182.25
184 184 215 1574 147 314 0.0945079 0.135093 610 127 99 10328.3
200 200 221 1642 150 328 0.103212 0.143525 663 136 106 10694.4
216 216 248 1717 161 382 0.137978 0.177037 704 143 110 12046
