86 312 111 106 5.01928 32 16 0.807405 193 0
299 1117 233 219 8.66603 74 41 2.06919 1315 491
546 1994 270 257 9.18334 131 67 3.3814 1983 2778
799 2887 301 289 9.7326 170 92 4.64328 2524 4626
1075 3866 323 317 10.2229 206 118 5.95479 3084 8490
1336 4792 358 361 10.8251 243 143 7.21681 3681 12892
1586 5788 388 398 11.3505 285 166 8.37727 4296 17200
1847 6791 424 438 12.1763 320 185 9.33683 4623 20276
2113 7842 445 463 12.4358 350 201 10.1443 4878 23930
2379 8891 464 487 12.8137 366 217 10.9504 5164 28979
