14 14 3 0 3 3 -0.0012 0 0 1 1 22.1703
39 39 36 76 32 43 0.000240001 0.01088 18 15 13 1284.42
67 67 71 371 54 94 0.018048 0.033472 158 31 25 3206.13
92 92 108 509 82 149 0.017856 0.05952 274 45 34 5862.26
118 118 135 655 98 190 0.033495 0.0781824 338 60 46 7420.02
143 143 159 810 111 227 0.0528108 0.0955648 421 81 61 8728.45
166 166 168 888 114 246 0.0648417 0.106744 511 96 70 9185.66
185 185 189 963 124 286 0.0895442 0.130129 528 109 81 10445.3
201 201 205 1024 131 317 0.109886 0.149584 555 122 92 11733.5
215 215 219 1122 137 348 0.133483 0.17256 574 133 103 12704.8
