22 108 69 57 3.29391 44 16 0.665705 23 0
209 947 258 218 9.08959 87 41 1.70587 684 71
466 2031 358 319 11.2277 153 68 2.82937 1972 1381
729 3118 392 363 12.1629 187 92 3.82681 2575 4728
987 4179 433 410 12.7515 235 116 4.82522 3236 9188
1246 5286 459 442 13.2592 271 142 5.90675 3714 15983
1527 6685 502 493 13.7785 311 164 6.82212 4174 22375
1782 7738 538 537 14.9377 342 183 7.61196 4555 26574
2062 8918 557 560 15.3942 364 199 8.27741 4761 30522
2311 9980 583 586 15.9045 380 215 8.94235 5059 36339
