16 16 3 0 0 4 0.0028 0.0016 0 1 1 22.1728
41 41 35 92 16 67 0.048032 0.046912 1 15 15 1255.36
66 66 88 549 42 159 0.0927916 0.0949036 26 29 29 3731.86
91 91 117 795 58 214 0.110573 0.127521 126 47 44 5489
114 114 142 1043 67 263 0.140584 0.155554 187 62 57 6564.62
140 140 183 1260 81 345 0.191875 0.202258 266 80 71 8868.76
164 164 204 1557 89 387 0.21703 0.225663 274 95 84 10122.9
183 183 231 1630 94 443 0.248782 0.255015 286 105 92 11621.9
199 199 260 1727 100 518 0.287351 0.291569 303 117 103 13749.1
214 214 282 1836 108 570 0.314801 0.318012 371 126 110 15194.8
