15 15 7 5 2 10 0.006 0.0048 0 5 5 107.895
46 46 51 296 7 112 0.0880992 0.0741792 0 19 19 1990.09
75 75 98 761 11 228 0.181988 0.158404 30 33 32 4231.04
100 100 128 1087 17 297 0.233323 0.208036 30 48 47 5832.19
123 123 176 1458 21 432 0.314256 0.280553 30 64 63 8002.03
153 153 202 1916 24 497 0.358171 0.320978 30 82 81 9245.64
181 181 249 2342 31 626 0.427887 0.385451 63 100 98 12192.8
201 201 278 2488 35 708 0.459532 0.414595 63 111 109 13802.6
218 218 304 2582 36 780 0.484783 0.437605 63 122 120 15657.5
237 237 334 2670 39 853 0.512477 0.4634 63 134 132 17395
