18 18 6 8 3 7 0.0016 0.0016 0 3 3 64.8477
45 45 20 59 12 24 0.00504 0.0064 0 14 14 432.365
76 76 30 122 16 46 0.0216986 0.0223386 1 21 21 1140.56
106 106 53 232 28 82 0.0320538 0.0411418 14 38 38 3008.37
129 129 80 363 42 131 0.060416 0.0691507 70 56 53 4528.2
159 159 89 497 46 153 0.077224 0.0850576 71 68 65 5145.65
181 181 105 590 53 185 0.101869 0.108226 77 82 78 6195.76
201 201 120 628 59 214 0.121093 0.126337 77 94 90 7219.01
217 217 128 654 62 234 0.135526 0.140187 79 107 101 7885.92
232 232 146 704 64 279 0.168228 0.171558 79 113 107 8911
