0 0 61
1 0 61
2 0 61
3 0 61
4 0 61
5 0 61
6 0 61
7 0 61
8 0 61
9 0 61
10 0 61
11 0 61
12 0 61
13 0 61
14 0 61
15 0 61
16 0 61
17 0 61
18 0 61
19 0 61
20 0 61
21 0 61
22 0 61
23 0 61
24 0 61
25 0 61
26 0 61
27 0 61
28 0 61
29 0 61
30 0 61
31 0 61
32 0 61
33 0 61
34 0 61
35 0 61
36 0 61
37 0 61
38 0 61
39 0 61
40 0 61
41 0 61
42 0 61
43 0 61
44 0 61
45 0 61
46 0 61
47 0 61
48 0 61
49 0 61
50 0 61
51 0 61
52 0 61
53 0 61
54 0 61
55 0 61
56 0 61
57 0 61
58 0 61
59 0 61
60 0 61
61 0 61
62 0 61
63 0 61
64 0 61
65 0 61
66 0 61
67 0 61
68 0 61
69 0 61
70 0 61
71 0 61
72 0 61
73 0 61
74 0 61
75 0 61
76 0 61
77 0 61
78 0 61
79 0 61
80 0 61
81 0 61
82 0 61
83 0 61
84 0 61
85 0 61
86 0 61
87 0 61
88 0 61
89 0 61
90 0 61
91 0 61
92 0 61
93 0 61
94 0 61
95 0 61
96 0 61
97 0 61
98 0 61
99 0 61
0 0 121
1 0 121
2 0 121
3 0 121
4 0 121
5 0 121
6 0 121
7 0 121
8 0 121
9 0 121
10 0 121
11 0 121
12 0 121
13 0 121
14 0 121
15 0 121
16 0 121
17 0 121
18 0 121
19 0 121
20 0 121
21 0 121
22 0 121
23 0 121
24 0 121
25 0 121
26 0 121
27 0 121
28 0 121
29 0 121
30 0 121
31 0 121
32 0 121
33 0 121
34 0 121
35 0 121
36 0 121
37 0 121
38 0 121
39 0 121
40 0 121
41 0 121
42 0 121
43 0 121
44 0 121
45 0 121
46 0 121
47 0 121
48 0 121
49 0 121
50 0 121
51 0 121
52 0 121
53 0 121
54 0 121
55 0 121
56 0 121
57 0 121
58 0 121
59 0 121
60 0 121
61 0.04 121
62 0 121
63 0 121
64 0 121
65 0 121
66 0 121
67 0 121
68 0 121
69 0.328 121
70 0.4304 121
71 0 121
72 0 121
73 0 121
74 0 121
75 0 121
76 0 121
77 0 121
78 0 121
79 0 121
80 0 121
81 0 121
82 0 121
83 0 121
84 0 121
85 0 121
86 0 121
87 0 121
88 0 121
89 0 121
90 0 121
91 0 121
92 0 121
93 0 121
94 0 121
95 0 121
96 0 121
97 0 121
98 0 121
99 0 121
0 0 181
1 0 181
2 0 181
3 0 181
4 0 181
5 0 181
6 0 181
7 0 181
8 0 181
9 0 181
10 0 181
11 0 181
12 0 181
13 0 181
14 0 181
15 0 181
16 0.16 181
17 0 181
18 0 181
19 0 181
20 -0.2 181
21 0 181
22 0 181
23 0 181
24 0.40032 181
25 0 181
26 0 181
27 0 181
28 0 181
29 0 181
30 0 181
31 0 181
32 0 181
33 0.072 181
34 0 181
35 0 181
36 0 181
37 0 181
38 0.2576 181
39 0 181
40 0 181
41 0 181
42 0 181
43 0 181
44 0 181
45 0 181
46 0 181
47 0 181
48 0 181
49 0 181
50 0 181
51 0.16 181
52 0 181
53 0 181
54 0 181
55 0 181
56 0 181
57 0.16 181
58 0.16 181
59 0 181
60 0 181
61 0.04 181
62 0 181
63 0 181
64 0 181
65 0 181
66 0.072 181
67 0 181
68 0 181
69 0.54432 181
70 0.4304 181
71 0 181
72 0 181
73 0 181
74 0 181
75 0 181
76 0 181
77 0 181
78 0 181
79 0.36 181
80 0.16 181
81 0 181
82 0 181
83 0 181
84 0 181
85 0 181
86 0 181
87 0 181
88 0 181
89 0 181
90 0 181
91 0 181
92 0 181
93 0 181
94 0 181
95 0 181
96 0 181
97 0 181
98 0 181
99 0 181
0 0 241
1 0 241
2 0 241
3 0.632228 241
4 0 241
5 0 241
6 0 241
7 0 241
8 0 241
9 0 241
10 0 241
11 0 241
12 0.537856 241
13 0 241
14 0 241
15 0.288 241
16 0.16 241
17 0 241
18 0 241
19 0 241
20 -0.2 241
21 0 241
22 0 241
23 0 241
24 0.40032 241
25 0 241
26 0 241
27 0.1904 241
28 0 241
29 0.216 241
30 0.232 241
31 0 241
32 0.072 241
33 0.072 241
34 0 241
35 0 241
36 0 241
37 0 241
38 0.2576 241
39 0 241
40 0.288 241
41 0.16 241
42 0 241
43 0 241
44 0 241
45 0 241
46 0 241
47 0 241
48 0 241
49 0 241
50 0 241
51 0.16 241
52 0 241
53 0 241
54 0 241
55 0 241
56 0 241
57 0.16 241
58 0.16 241
59 0 241
60 0 241
61 0.04 241
62 0.04 241
63 0 241
64 0.072 241
65 0 241
66 0.072 241
67 0.0976 241
68 0.4624 241
69 0.54432 241
70 0.4304 241
71 0 241
72 0 241
73 0.232 241
74 0.0976 241
75 0 241
76 0 241
77 0 241
78 0 241
79 0.36 241
80 0.16 241
81 0 241
82 0 241
83 0 241
84 0 241
85 0 241
86 0 241
87 0 241
88 0.3904 241
89 0 241
90 0 241
91 0 241
92 0 241
93 0.288 241
94 0 241
95 0 241
96 0 241
97 0 241
98 0 241
99 0.537856 241
0 0 301
1 0 301
2 0 301
3 0.632228 301
4 0 301
5 0 301
6 0 301
7 0 301
8 0 301
9 0 301
10 0 301
11 0 301
12 0.537856 301
13 0 301
14 0 301
15 0.288 301
16 0.16 301
17 0 301
18 0 301
19 0 301
20 -0.2 301
21 0 301
22 0 301
23 0 301
24 0.40032 301
25 0 301
26 0 301
27 0.1904 301
28 -0.072 301
29 0.390285 301
30 0.232 301
31 0.0976 301
32 0.0976 301
33 0.072 301
34 0 301
35 0 301
36 0 301
37 0 301
38 0.2576 301
39 0 301
40 0.288 301
41 0.16 301
42 0 301
43 0 301
44 0 301
45 0 301
46 0 301
47 0 301
48 0 301
49 0 301
50 0 301
51 0.288 301
52 0 301
53 0 301
54 0 301
55 0 301
56 0.3904 301
57 0.16 301
58 0.16 301
59 0 301
60 0 301
61 0.04 301
62 0.04 301
63 0 301
64 0.488 301
65 0 301
66 0.072 301
67 0.0976 301
68 0.4624 301
69 0.54432 301
70 0.4304 301
71 0 301
72 0 301
73 0.232 301
74 0.0976 301
75 0.232 301
76 0 301
77 0 301
78 0 301
79 0.3856 301
80 0.288 301
81 0 301
82 0 301
83 0.3904 301
84 0 301
85 0 301
86 0 301
87 0 301
88 0.3904 301
89 0 301
90 0 301
91 0.16 301
92 0 301
93 0.288 301
94 0 301
95 0 301
96 0 301
97 0 301
98 0 301
99 0.537856 301
0 0 361
1 0 361
2 0 361
3 0.632228 361
4 0 361
5 0 361
6 0.590285 361
7 0.16 361
8 0 361
9 0 361
10 0.288 361
11 0 361
12 0.537856 361
13 0 361
14 0.3904 361
15 0.288 361
16 0.16 361
17 0.731281 361
18 0 361
19 0.288 361
20 -0.2 361
21 0 361
22 0 361
23 0 361
24 0.40032 361
25 0 361
26 0 361
27 0.27232 361
28 -0.2 361
29 0.390285 361
30 0.232 361
31 0.0976 361
32 0.524864 361
33 0.072 361
34 0 361
35 0.134464 361
36 0 361
37 0 361
38 0.2576 361
39 0 361
40 0.288 361
41 0.16 361
42 0 361
43 0 361
44 0 361
45 0 361
46 0 361
47 0 361
48 0 361
49 0 361
50 0.47232 361
51 0.288 361
52 0.288 361
53 0 361
54 0 361
55 0 361
56 0.3904 361
57 0.16 361
58 0.16 361
59 0 361
60 0 361
61 0.04 361
62 0.04 361
63 0 361
64 0.488 361
65 0 361
66 0.27808 361
67 0.0976 361
68 0.4624 361
69 0.54432 361
70 0.50848 361
71 0 361
72 0 361
73 0.232 361
74 0.0976 361
75 0.40608 361
76 0.27808 361
77 0 361
78 0 361
79 0.3856 361
80 0.288 361
81 0 361
82 0.16 361
83 0.3904 361
84 0.16 361
85 0 361
86 0 361
87 0 361
88 0.3904 361
89 0 361
90 0.288 361
91 0.16 361
92 0.3904 361
93 0.288 361
94 0 361
95 0 361
96 0 361
97 0 361
98 0 361
99 0.537856 361
0 0 421
1 0.16 421
2 0 421
3 0.632228 421
4 0 421
5 0 421
6 0.731281 421
7 0.47232 421
8 0.16 421
9 0 421
10 0.288 421
11 0 421
12 0.537856 421
13 0 421
14 0.3904 421
15 0.288 421
16 0.16 421
17 0.731281 421
18 0 421
19 0.288 421
20 -0.2 421
21 -0.2 421
22 -0.04 421
23 -0.2 421
24 0.40032 421
25 0 421
26 0 421
27 0.27232 421
28 -0.2 421
29 0.390285 421
30 0.232 421
31 0.0976 421
32 0.524864 421
33 0.072 421
34 0 421
35 0.134464 421
36 0.537971 421
37 0 421
38 0.2576 421
39 0 421
40 0.288 421
41 0.16 421
42 0 421
43 0 421
44 0 421
45 0 421
46 0 421
47 0 421
48 0 421
49 0 421
50 0.47232 421
51 0.288 421
52 0.288 421
53 0 421
54 0.16 421
55 0 421
56 0.3904 421
57 0.16 421
58 0.16 421
59 0 421
60 0.422464 421
61 0.04 421
62 0.04 421
63 0 421
64 0.488 421
65 0 421
66 0.27808 421
67 0.537971 421
68 0.4624 421
69 0.54432 421
70 0.50848 421
71 0 421
72 0 421
73 0.232 421
74 0.0976 421
75 0.619891 421
76 0.27808 421
77 0 421
78 0 421
79 0.3856 421
80 0.3904 421
81 0 421
82 0.16 421
83 0.3904 421
84 0.16 421
85 0 421
86 0 421
87 0 421
88 0.3904 421
89 0 421
90 0.288 421
91 0.16 421
92 0.3904 421
93 0.288 421
94 0 421
95 0 421
96 0 421
97 0 421
98 0 421
99 0.537856 421
0 0 481
1 0.16 481
2 0 481
3 0.632228 481
4 0 481
5 0 481
6 0.731281 481
7 0.47232 481
8 0.16 481
9 0 481
11 0 481
12 0.537856 481
13 0.590285 481
14 0.590285 481
15 0.288 481
16 0.16 481
17 0.731281 481
18 0 481
19 0.288 481
20 -0.2 481
21 -0.2 481
22 -0.04 481
23 -0.2 481
24 0.40032 481
25 0 481
26 0 481
27 0.27232 481
28 -0.2 481
29 0.390285 481
30 0.232 481
31 0.0976 481
32 0.537971 481
33 0.072 481
34 0.548457 481
35 0.832228 481
36 0.537971 481
37 0 481
38 0.2576 481
39 0 481
40 0.537856 481
41 0.16 481
42 0 481
43 0 481
44 0 481
45 0 481
46 0 481
47 0.16 481
48 0 481
49 0 481
50 0.47232 481
51 0.288 481
52 0.288 481
53 0 481
54 0.16 481
55 0 481
56 0.3904 481
57 0.16 481
58 0.16 481
59 0 481
60 0.422464 481
61 0.04 481
62 0.04 481
63 0 481
64 0.488 481
65 0 481
66 0.27808 481
67 0.548457 481
68 0.75673 481
69 0.54432 481
70 0.50848 481
71 0 481
72 0 481
73 0.232 481
74 0.0976 481
75 0.630377 481
76 0.27808 481
77 0.307571 481
78 0.307571 481
79 0.3856 481
80 0.3904 481
81 0 481
82 0.16 481
83 0.3904 481
84 0.16 481
85 0 481
86 0 481
87 0 481
88 0.3904 481
89 0 481
90 0.288 481
91 0.16 481
92 0.3904 481
93 0.288 481
94 0 481
95 0 481
96 0.47232 481
97 0.3904 481
98 0 481
99 0.537856 481
0 0 541
1 0.3904 541
2 0 541
3 0.632228 541
4 0 541
5 0 541
6 0.731281 541
7 0.47232 541
8 0.16 541
9 0 541
11 0 541
12 0.537856 541
13 0.590285 541
14 0.590285 541
15 0.288 541
16 0.16 541
17 0.731281 541
18 0 541
19 0.288 541
20 -0.2 541
21 -0.2 541
22 -0.04 541
23 -0.2 541
24 0.337856 541
25 0 541
26 0 541
27 0.27232 541
28 -0.2 541
29 0.390285 541
30 0.232 541
31 0.0976 541
32 0.537971 541
33 0.072 541
34 0.75673 541
35 0.832228 541
36 0.537971 541
37 0 541
38 0.2576 541
39 0 541
40 0.537856 541
41 0.16 541
42 0 541
43 0 541
44 0 541
45 0 541
46 0.3904 541
47 0.16 541
48 0 541
49 0 541
50 0.47232 541
51 0.537856 541
52 0.288 541
53 0 541
54 0.16 541
55 0.537856 541
56 0.3904 541
57 0.16 541
58 0.16 541
59 0 541
60 0.422464 541
61 0.04 541
62 0.04 541
63 0 541
64 0.488 541
65 0 541
66 0.27808 541
67 0.548457 541
68 0.75673 541
69 0.54432 541
70 0.50848 541
71 0 541
72 0.556846 541
73 0.548457 541
74 0.0976 541
75 0.630377 541
76 0.27808 541
77 0.638766 541
78 0.307571 541
79 0.3856 541
80 0.3904 541
81 0 541
82 0.16 541
83 0.3904 541
84 0.16 541
85 0 541
86 0.47232 541
87 0 541
88 0.3904 541
89 0 541
90 0.288 541
91 0.16 541
92 0.632228 541
93 0.288 541
94 0.731281 541
95 0 541
96 0.47232 541
97 0.3904 541
98 0 541
99 0.537856 541
0 0 601
1 0.3904 601
2 0 601
3 0.632228 601
4 0 601
5 0 601
6 0.731281 601
7 0.47232 601
8 0.16 601
9 0.47232 601
11 0.3904 601
12 0.537856 601
13 0.590285 601
14 0.590285 601
15 0.288 601
16 0.16 601
17 0.731281 601
18 0 601
19 0.288 601
20 -0.2 601
21 -0.2 601
22 -0.04 601
23 -0.2 601
24 0.337856 601
25 0 601
26 0 601
27 0.27232 601
28 -0.2 601
29 0.390285 601
30 0.232 601
31 0.0976 601
32 0.537971 601
33 0.072 601
34 0.75673 601
35 0.832228 601
36 0.537971 601
37 0 601
38 0.2576 601
39 0.326446 601
40 0.537856 601
41 0.16 601
42 0 601
43 0 601
44 0 601
45 0 601
46 0.3904 601
47 0.16 601
48 0 601
49 0.16 601
50 0.47232 601
51 0.537856 601
52 0.3904 601
53 0 601
54 0.16 601
55 0.537856 601
56 0.3904 601
57 0.16 601
58 0.16 601
59 0 601
60 0.645476 601
61 0.04 601
62 0.04 601
63 0 601
64 0.488 601
65 0 601
66 0.914077 601
67 0.645476 601
68 0.75673 601
69 0.54432 601
70 0.50848 601
72 0.563556 601
73 0.548457 601
74 0.0976 601
75 0.630377 601
76 0.27808 601
77 0.638766 601
78 0.307571 601
79 0.3856 601
80 0.3904 601
81 0 601
82 0.16 601
83 0.3904 601
84 0.16 601
85 0 601
86 0.47232 601
87 0 601
88 0.632228 601
89 0 601
90 0.47232 601
91 0.16 601
92 0.632228 601
93 0.3904 601
94 0.777482 601
95 0 601
96 0.47232 601
97 0.3904 601
98 0 601
99 0.537856 601
