6 0.041700976266 0 2 22.457074568153
38 0.041457175559 0 2 27.45682782793
46 0.041701175558 0 2 27.457071984239
57 0.041422999999 0 2 29.456793786032
85 0.041763534443 0 2 43.457134259944
15 0.041535463299 0 2 45.456913184512
61 0.041740463298 0 2 45.45711816908
45 0.04153817316 0 2 47.45690903589
63 0.041795173159 0 2 47.457166036946
95 0.041682045532 0 2 48.457059708742
25 0.041584611168 0 2 50.456955513252
62 0.041655426412 0 2 57.457032059751
71 0.041452781103 0 2 58.456823618363
39 0.041696781102 0 2 58.457067479825
49 0.041538219138 0 2 59.456909117666
69 0.041439922806 0 2 60.456814818331
8 0.041541749 0 2 63.456917115338
79 0.041518668818 0 2 64.456889547288
15 0.041637638725 0 2 67.457008287701
60 0.041433086792 0 2 70.456803849749
26 0.041625086791 0 2 70.456995836108
95 0.04190808679 -0.04 2 70.457278674327
65 0.041464724328 0 2 71.45683559217
53 0.041445343597 0 2 73.45681584102
24 0.041546242121 0 1 78.456929039135
29 0.041518049823 0 1 79.45688844458
49 0.041588154022 0 1 81.456961081602
61 0.04179716077 0.04 1 88.457167449577
27 0.041718707755 0 1 89.457089401329
96 0.0417169286 -0.04 1 90.457089650841
17 0.041407330377 0 1 91.456777646005
87 0.041638330376 -0.04 1 91.457008445654
75 0.041869330375 0 1 91.457239687893
3 0.041540619214 0 1 92.456911480072
35 0.041543881567 0 1 97.456917044829
69 0.041531903754 0.2 1 100.456905809921
70 0.041668991316 -0.04 1 108.457039850875
4 0.041584593845 0 1 111.456955468062
0 0.041669844983 0 1 115.457042119673
80 0.041678775697 0 1 117.45704965356
16 0.041568999998 0 1 120.4569400436
79 0.041753018456 0.088 1 122.457123665734
3 0.041741449172 0 1 123.457112378048
93 0.041449645179 0 1 124.45682098104
18 0.041667645178 0 1 124.457038982462
24 0.041480179365 0 1 125.456851038519
58 0.041635069617 0 1 128.457005961358
86 0.041594995857 -0.04 1 129.45697305424
13 0.041514727874 0 1 130.456885829786
50 0.04145349587 0 1 136.45682483738
0 0.041655476115 0.16 1 137.457026270421
97 0.041436334889 0.40032 1 138.456818345187
17 0.041641334888 0 1 138.457023555347
80 0.041663224374 0.088 1 139.457036407694
16 0.041542850399 0.16 1 142.456913425634
45 0.041579774669 0 1 143.456950656624
54 0.041519164851 0 1 146.456890033544
48 0.041518331228 0 1 151.456889220353
44 0.041653536752 0 1 153.457024412959
88 0.041535938027 -0.072 1 158.456908256991
6 0.041838837472 0 1 164.457210833204
38 0.041581430949 0 1 167.456953542536
57 0.041812430948 0 1 167.457184652722
33 0.042030430947 0 1 167.457402654253
20 0.041362318916 0.16 1 170.456734201603
51 0.041645318915 0 1 170.457017081281
99 0.04156918754 -0.072 1 171.456940081452
66 0.041622246359 0.072 1 174.456993113745
93 0.04152285633 0.088 1 181.456893688553
68 0.04157498919 0.072 1 187.45694514893
57 0.041431869421 0 1 189.456802622342
38 0.04171486942 0 1 189.457085423945
67 0.041492250544 0.072 1 191.456862993337
30 0.041684250543 0 1 191.457054966648
99 0.041585475291 -0.072 1 193.456965491294
69 0.04149597007 0.2 1 195.456866864837
64 0.041649325135 0.072 1 200.457020372633
29 0.04155656232 0 1 203.456927458678
62 0.041390462591 0.04 1 205.456767889556
46 0.041486680321 0 1 208.456867119715
81 0.041396999999 -0.2 1 209.456767883348
32 0.041664789847 0 1 210.457035692881
40 0.04143104753 0.16 1 211.456810884532
12 0.041486881272 0 1 214.456859258305
41 0.04158444877 0 1 215.456955347648
96 0.041557432044 -0.072 1 217.456930247278
3 0.041774622281 0 1 224.457145469269
74 0.041712195995 -0.2 1 226.457090494723
73 0.041485692253 -0.072 1 227.456856514005
15 0.041768692252 0 1 227.45713939773
88 0.041576400961 -0.072 1 232.456947302867
17 0.041418378654 0 1 237.456793899829
91 0.041775009288 -0.072 1 241.457145858773
27 0.041774744994 0 1 244.457145436394
29 0.04179264724 0 1 246.457163244776
56 0.041630511783 0.16 1 247.45700135218
75 0.041736884355 -0.072 1 249.457107672582
80 0.041784007774 -0.04 1 250.45715711329
28 0.041507141818 0 1 251.456883826932
10 0.041777141817 0 1 251.45715401258
55 0.041453824242 0.16 1 256.456826308794
84 0.041370999999 -0.2 1 258.45674189018
31 0.041544506504 0 1 259.456917008409
40 0.041464301011 0.16 1 262.45683688915
32 0.0416109271 0 1 265.456983677903
9 0.041691385413 0 1 269.457062270719
43 0.041512908997 0 1 272.456883784899
64 0.041662989535 0.40608 1 276.457033408589
79 0.041503195103 -0.04 1 277.456876569506
90 0.041471607714 -0.04 1 286.456844685784
51 0.041473943661 0 1 288.456844819787
17 0.041381772177 0 1 289.456754867281
82 0.041606268822 -0.2 1 291.456977149045
14 0.041693963362 0 1 295.457067198034
8 0.041489529543 0 1 297.456865134044
83 0.041701366705 -0.04 1 300.457076666763
50 0.041373017691 0 1 301.456743803681
19 0.04159101769 0 1 301.456961817079
55 0.041861017689 0.16 1 301.457231894257
84 0.042079017688 -0.2 1 301.45744961035
52 0.041442070951 0 1 302.45682397252
58 0.04167307095 0.16 1 302.457054981623
92 0.041544995172 0.088 1 303.456921892083
32 0.041653632244 0.16 1 305.457035641317
66 0.041676025933 0.0976 1 306.457058175269
90 0.041488534708 -0.04 1 308.456870634052
70 0.041624110909 0.088 1 309.457000935089
42 0.041602031629 0 1 310.456972913044
17 0.041409999999 0 1 311.456780587576
76 0.041436725763 -0.04 1 314.456807622859
14 0.041696074306 0.16 1 317.45706667679
81 0.041458753084 -0.2 1 322.456830416248
10 0.041547965155 0.16 1 324.456928746065
82 0.041528266335 -0.2 1 327.456899144071
98 0.041577447046 -0.04 1 333.456948324809
28 0.041450940229 0 1 339.456821815226
74 0.041695232704 -0.2 1 344.45707220655
35 0.04150218742 0 1 346.456875111933
27 0.041785187419 0 1 346.457158041895
6 0.041595606848 0.288 1 350.456966496548
7 0.041729278301 0 1 351.457100003022
75 0.041507013693 -0.2 1 358.456887879366
98 0.041528172065 -0.04 1 361.456908756677
3 0.041608509371 0.3904 1 364.456989549608
80 0.041691772676 -0.04 1 365.457062647518
8 0.041568999998 0 1 369.456943100876
6 0.041592528805 0.288 1 372.45696650547
94 0.041604319736 -0.2 1 373.456982726835
7 0.041848319735 0.16 1 373.457226462183
58 0.041648681903 0.47232 1 375.457022525101
84 0.041354773021 -0.2 1 378.456728335176
81 0.04158577302 -0.2 1 378.456959325932
21 0.041790773019 0 1 378.457164522843
36 0.041697703931 0 1 385.45707588143
23 0.04191570393 0.288 1 385.457293887951
52 0.041503731505 0 1 386.456874496198
90 0.041786731504 -0.04 1 386.457157496425
54 0.041506176664 0 1 394.45687705717
59 0.041480946947 0 1 396.456861915675
60 0.041438768323 0.11808 1 397.456809631281
22 0.041565771982 0 1 403.456936664478
75 0.041504010404 -0.2 1 404.456874897192
1 0.04169202063 0 1 411.457073233809
67 0.041451999998 0.147571 1 415.456831499585
77 0.041510254052 0.088 1 421.45688949782
3 0.041754254051 0.47232 1 421.457133208651
13 0.041588539186 0 1 423.456963823508
75 0.041512615402 -0.2 1 426.456887684426
78 0.041385193256 0.088 1 429.456767882244
32 0.041682475288 0.16 1 430.457061635401
67 0.041460488771 0.147571 1 437.456831262453
84 0.041422999999 -0.2 1 448.456793874429
47 0.041713321986 0 1 453.457084209289
89 0.041421164633 0.27232 1 454.456792014718
34 0.041704164632 0 1 454.457074984971
97 0.041442334147 0.27232 1 457.456813228742
1 0.041712334146 0.16 1 457.457083216754
40 0.041474464981 0.16 1 459.456849904788
96 0.04168953443 -0.2 1 471.457064522204
17 0.041459499405 0.16 1 473.456830280449
68 0.041729499404 0.147571 1 473.457100154409
35 0.041541810008 0.288 1 474.456917079809
14 0.041644368673 0.16 1 479.457015265524
34 0.041476944144 0.16 1 481.456858339017
1 0.041720944143 0.288 1 481.457102270775
77 0.041938944142 0.27232 1 481.457320177551
51 0.041486959291 0.16 1 482.456857851047
92 0.041577012046 0.088 1 488.456947881631
72 0.041443151096 -0.04 1 492.456814031467
7 0.041713151095 0.16 1 492.457084045111
73 0.041462460861 -0.072 1 504.45683332635
94 0.041580506845 -0.2 1 509.456951382615
24 0.041516999998 0 1 513.456890124107
46 0.04150922121 0.288 1 524.456880102059
2 0.041417159559 0 1 532.456787908074
86 0.041674159558 -0.2 1 532.457045041511
55 0.041931159557 0.16 1 532.457301886041
52 0.041480636508 0 1 538.456851538013
97 0.041515434375 0.27232 1 540.456886330035
88 0.041559928428 -0.072 1 541.456930822239
7 0.041790928427 0.3904 1 541.457161599775
66 0.041700271896 0.75673 1 543.457071164819
46 0.041483239427 0.288 1 546.456854138493
11 0.041673405739 0 1 547.45704429701
49 0.04155711308 0.16 1 548.456935090094
94 0.041624490086 -0.2 1 552.457003406671
67 0.041542999998 0.158057 1 553.456922442935
9 0.041632204315 0.47232 1 554.457010268789
90 0.041549644708 -0.04 1 558.456922745902
97 0.041467964878 0.27232 1 562.456846945001
39 0.041435999999 0.16 1 563.456806863464
60 0.041438797892 0.461156 1 566.456809690419
21 0.041523910586 0.288 1 583.45689478093
72 0.041431388621 -0.04 1 586.456808962986
93 0.041523408216 0.432228 1 592.456894286817
36 0.041677293339 0.3904 1 601.457054321612
68 0.041521448583 0.333156 1 604.456893143236
5 0.041468031663 0.16 1 605.456838916827
