38 0.029873451584 0 2 21.858459270418
6 0.029868999998 0 2 22.858459593915
5 0.030112999997 0 2 22.858703761174
46 0.030040040789 0 2 25.858625851962
57 0.030054317502 0 2 28.858640060602
61 0.029959999998 0 2 40.85854396083
15 0.029803285862 0 2 41.858390917199
85 0.030033457902 0 2 42.858622321366
63 0.029892325944 0 2 47.858478102005
45 0.030162325943 0 2 47.858748101083
95 0.029881999998 0 2 48.858469016107
25 0.029870825687 0 2 50.858456640111
62 0.029998999998 0 2 53.858582523094
39 0.029980537068 0 2 54.858567056988
71 0.029833404697 0 2 57.858421001246
49 0.029932979732 0 2 60.858520405346
69 0.030215979731 0 2 60.858803423681
61 0.029956001131 0 2 62.858543962666
15 0.029878930819 0 2 63.858465961554
8 0.030122930818 0 2 63.858710243503
79 0.029897654211 0 2 64.858487928285
26 0.029888658384 0 2 67.858475482735
60 0.030093658383 0 2 67.858680496584
95 0.029872457752 0 2 70.858466435488
65 0.030155457751 0 2 70.858749742969
53 0.030005984802 0 2 72.858593448051
24 0.029925842146 0 2 77.858511658928
29 0.030139795021 0 2 79.858733903801
27 0.03002004798 0 2 84.858613681322
87 0.029959002699 0 2 85.858545774351
96 0.030015063528 0 2 88.858609585564
17 0.02994059499 0 2 90.85853267846
3 0.030031172536 0 2 94.85861895948
75 0.030288172535 0 2 94.858875936902
35 0.03007484827 0 2 96.85866034669
69 0.030030985038 0 2 99.858624505186
70 0.029965986329 0 2 107.858548988458
4 0.030058147857 0 1 110.858641174095
0 0.029901475877 0 1 115.858487278844
80 0.03001948328 0 1 117.858612863613
16 0.029983110545 0 1 120.858570949426
79 0.029877216563 0 1 121.858471993517
18 0.03015370188 0 1 124.85874287456
24 0.029907204516 0.537856 1 125.85849297602
93 0.030138204515 0 1 125.858723887758
58 0.029963928503 0.328 1 128.858549732583
50 0.030237459193 0.04 1 131.858823286363
97 0.029849288559 0 1 132.858433949419
13 0.029914579367 0.16 1 133.858508397167
86 0.030171579366 0 1 133.858765374893
0 0.029801813437 0 1 138.858389621605
17 0.030058813436 0 1 138.858646585459
80 0.03008818288 0.288 1 139.858677689287
16 0.029939561951 0 1 142.858531391554
45 0.029970426607 0.072 1 143.858556220788
54 0.02982352674 0.072 1 145.858417986387
48 0.0299876604 0.04 1 151.858570579296
44 0.030019020767 -0.072 1 152.858603587177
88 0.030014553385 0 1 158.8585988702
38 0.029851844022 0 1 161.85843613907
6 0.029924566561 0.16 1 162.858511261029
51 0.030129502771 0.04 1 163.858715327951
33 0.029890034711 0 1 165.858484085935
57 0.03014703471 0.2 1 165.858741084257
20 0.030072914119 0 1 166.858658739486
99 0.030016745674 0 1 171.858605043236
66 0.029945260818 0 1 173.858532199188
93 0.030024044079 0.537856 1 181.858609566885
38 0.029871746113 0 1 183.858461543404
68 0.029867168855 0 1 187.858452959258
57 0.030150168854 0.2576 1 187.858735782386
20 0.030013794719 0.16 1 188.858606493034
30 0.029859323588 0.16 1 190.858445148768
67 0.030045640103 0 1 191.858633067449
99 0.030005973941 0 1 193.858591517106
69 0.029985999998 0.537856 1 195.858572469842
64 0.029943160165 0.16 1 199.858528978658
29 0.030176939886 0 1 203.858759918111
62 0.030048668309 0 1 205.858634470242
46 0.030010522694 0.072 1 208.858599833678
81 0.030143930268 0 1 209.858737170867
40 0.030257796269 -0.072 1 213.858844046183
32 0.030023385009 0 1 214.858612587457
12 0.030306385008 0.288 1 214.858895723783
41 0.030072619368 -0.2 1 215.858660240465
96 0.02998131872 0 1 217.858570552572
15 0.029827974024 0 1 224.858415472536
73 0.030217492501 0 1 225.858802993826
74 0.029985043804 0 1 226.858568684136
3 0.030203043803 0.16 1 226.858786671428
88 0.029935009917 0 1 232.858520915802
17 0.029886867516 0 1 237.858480706516
27 0.02999573971 0 1 239.858587676796
91 0.029992926429 0 2 240.858587169377
29 0.030118565645 0 2 241.858707743923
28 0.030113220018 0 2 244.858702361723
56 0.030098659634 0.0976 2 246.858685273792
75 0.030049564577 0.16 2 247.8586445771
10 0.029841951767 0 2 248.858428154721
80 0.030082974744 0.288 2 250.858677871759
55 0.029996641117 0.0976 2 256.858591404671
84 0.030041910876 0 2 258.858636066766
31 0.030104898231 0 2 259.858699569773
40 0.030060838894 -0.2 2 261.858653046451
32 0.030055531726 0 2 266.858641294728
9 0.029842999998 0 2 269.858436302245
43 0.030100656582 -0.2 2 271.858688291146
64 0.029936855181 0.288 2 276.858528924284
79 0.029866750553 0 2 277.858448950367
90 0.030027547854 0 1 285.85861968768
51 0.030071933462 0.11808 1 287.858663344885
17 0.029901444092 0 1 288.858493731606
82 0.029945494626 0.16 1 291.858532134866
14 0.030020770004 0 1 294.858607325837
8 0.029996803143 0.16 1 297.858583262306
50 0.030063999998 0.50848 1 298.85865645059
19 0.029946999998 0 1 299.858540519101
83 0.029983047711 0 1 300.858569772301
55 0.029944167624 0.524864 1 301.85853647439
84 0.030188167623 0 1 301.858780159501
58 0.030059159616 0.50848 1 302.858646981108
92 0.029816864427 0 1 305.858404259242
32 0.030086864426 0 1 305.858674351567
52 0.030304864425 0.11808 1 305.858892232753
66 0.030024999998 0 1 306.858610170322
90 0.029962522722 0 1 307.858554528336
17 0.030073396272 0.288 1 310.858665258815
70 0.030116918042 0.16 1 314.858704480729
42 0.029888649058 -0.04 1 316.85848079703
76 0.030158649057 0 1 316.858750976604
14 0.030376649056 0 1 316.858968789528
19 0.029948011835 0.47232 1 321.858540120503
81 0.030141999998 0 1 322.858724165731
10 0.029808734336 0 1 323.858402155591
82 0.029960540439 0.16 1 327.858545129782
98 0.029946214314 0 1 333.858530890826
28 0.030142619866 0.16 1 338.858728452423
27 0.030027825805 0 1 341.85861362404
74 0.029953918639 0 1 343.858543213202
35 0.030236918638 0.288 1 343.858826246349
6 0.02992534205 0.16 1 351.858510584518
7 0.030169342049 0 1 351.858754612982
75 0.030123231459 0.16 1 358.858709576504
98 0.02986684741 0.3904 1 361.858452384316
3 0.029946999998 0.16 1 364.85853492341
80 0.030229999997 0.288 1 364.858817947944
35 0.030055679682 0.590285 1 365.858647315548
8 0.029984433023 0.3904 1 369.85857022909
94 0.030014618763 0 1 372.858600443385
84 0.030263697408 0 1 373.858845963262
7 0.029994354855 0 1 374.858585743619
81 0.030277354854 0 1 374.858868963309
58 0.029915552781 0.67232 1 376.858510634519
21 0.029885384185 0.16 1 377.858469271893
52 0.029826491583 0.147571 1 381.858411694483
90 0.030018491582 0 1 381.858603697263
36 0.029998999998 0 1 384.858589965653
23 0.029912323262 0 1 385.858501479172
54 0.029880540327 0.50848 1 394.858469920029
59 0.029858972434 0.147571 1 395.858448372192
60 0.030006157596 0 1 396.858592517373
22 0.030009535123 0.16 1 403.858595339843
75 0.030046557447 0.16 1 404.858631594084
1 0.029859701539 0 1 411.858450542601
67 0.030034258469 0.16 1 415.858620063061
77 0.029997804535 0.16 2 421.858583612149
3 0.030202804534 0.288 2 421.858788356202
13 0.029920259562 0.288 2 422.858513638766
75 0.030083259555 0.16 2 426.858670452958
32 0.030014345002 0 2 430.85860013168
78 0.030232345001 0 2 430.85881809486
67 0.030006084618 0.16 2 437.858593897265
84 0.030011293747 0.3904 2 447.85859712576
34 0.030011999998 0.16 2 452.858594169723
1 0.029872385399 0.16 2 457.858458180264
89 0.030298385398 0 2 457.858884016709
40 0.030177159173 -0.2 2 458.858772088979
97 0.029917285377 0 2 459.858512020505
47 0.030174285376 0.147571 2 459.858768842756
68 0.029860920668 0 2 467.85845580697
96 0.029976148714 0.47232 2 468.85857052996
17 0.029937874878 0.288 2 470.858532737762
35 0.030008099412 0.590285 2 474.858595291278
14 0.030037225403 0 2 479.858620303113
1 0.029885001707 0.16 2 481.858470733477
77 0.030129001706 0.288 2 481.858714639842
34 0.030386001705 0.16 2 481.858971802115
51 0.03013230882 0.294464 2 482.858715285587
92 0.029873970231 0 2 487.858459797211
7 0.030000056656 0 2 496.858585686873
72 0.030205056655 0.3904 2 496.858790671839
73 0.030047597686 0 2 503.858637182151
94 0.02998849015 0.47232 2 508.858574460729
24 0.029912839613 0.537856 2 513.858498653862
46 0.030011999998 0.446057 2 524.858599816084
55 0.030011999998 0.638766 2 528.858604434707
2 0.029842994296 0 2 529.858428789675
86 0.030052911783 0.16 2 532.858638705968
52 0.029868377648 0.166446 2 538.858454191406
97 0.029919154045 0.288 2 540.858501972408
88 0.029941918404 0 2 542.858531041107
7 0.030224918403 0.16 2 542.858813845325
66 0.029945487493 0 2 543.858532159998
11 0.029803166993 0.47232 2 547.858388970557
49 0.029877364484 0.166446 2 548.858466704259
9 0.029866277085 0 2 554.8584595772
67 0.030032893173 0.16 2 556.8586171425
94 0.030237893172 0.590285 2 556.858822124137
90 0.030037429208 0 2 558.858619657568
60 0.030132177213 0.3904 2 566.858720256524
39 0.029942078054 0.16 2 567.858527677264
21 0.029948462387 0.288 2 582.858534290229
72 0.029982875449 0.47232 2 586.858569964609
93 0.030049180109 0.537856 2 592.858636103217
36 0.030082106051 0.3904 2 601.858667913729
68 0.029877509124 0 2 603.85846881299
5 0.03012108328 0.16 2 605.858706880733
