38 0.007337516527 0 2 22.25568696028
6 0.007053999998 0 2 25.255403047623
46 0.006997076636 0 2 26.255355140982
57 0.007115761011 0 2 29.255473683219
15 0.00721838465 0 2 43.255566813103
85 0.006937047428 0 2 45.255293491862
61 0.007220047427 0 2 45.255576536075
63 0.00707197688 0 2 48.255428598548
95 0.007263976879 0 2 48.255620500525
45 0.007494976878 0 2 48.255851597772
25 0.007525369076 0 2 51.25588202915
62 0.006900328225 0.16 2 54.255257002193
39 0.007144328224 0 2 54.255501008091
71 0.007204454679 0 2 58.255563545028
49 0.006983571213 0 2 60.255340227521
69 0.007253571212 0 2 60.255610245734
8 0.00704545702 0 2 63.255402151147
79 0.007116467188 0 2 64.255471171628
15 0.00704494444 0 2 65.255398679175
26 0.007104241883 0 2 67.25545843657
60 0.007156512949 0 2 68.255510389614
95 0.007181077997 0 2 70.255534707779
65 0.006987059274 0 2 71.25534120011
53 0.007116002809 0 2 74.255470220267
24 0.006946710002 0 2 78.25529868074
29 0.007000987117 0 2 80.255349064622
69 0.007187545898 0.577856 2 82.255535284063
27 0.007047344911 0.04 2 85.255394867756
87 0.00725234491 0 2 85.255599882626
61 0.007019640007 0.04 2 88.255374644508
96 0.007093056407 0 2 89.255450753648
17 0.007055370682 0 2 90.255407144599
3 0.006998562464 0 2 92.255353522717
75 0.007203562463 0 2 92.255558499423
35 0.006983630484 0.04 2 98.255338954056
70 0.006943287225 0.4304 2 108.255300823579
4 0.007074755843 0 2 111.255432313854
0 0.006954394088 0 2 116.25531265515
80 0.006999197061 0 2 117.255349464163
16 0.0070934808 0 2 120.255451585369
24 0.006974830439 0.465856 2 125.255332018328
93 0.007166830438 0 2 125.255523929642
18 0.007358830437 0 2 125.255715931421
79 0.007602830436 0.4624 2 125.255959716779
58 0.007397342199 0 2 130.255749196767
97 0.006971446848 0 2 132.255330106882
13 0.007345446847 0 2 132.25570400556
86 0.00708315395 0 2 133.255438718498
50 0.007353153949 0 2 133.255708830868
17 0.007028399737 0 2 137.255381140995
0 0.00691038731 0 2 138.255264624224
80 0.007090284612 0.537856 2 139.255440182531
16 0.008929881987 0.288 2 142.257288021877
45 0.007210624033 0 2 144.255558441464
54 0.007095464551 0 2 148.255444000506
48 0.007076910878 0 2 151.255431245752
44 0.007016923077 0 2 154.255364161983
88 0.006991114355 0 2 158.255347362928
6 0.007286605048 0 2 169.255633563846
38 0.007491605047 0.3856 2 169.255838557812
57 0.007696605046 0 2 169.256043652497
33 0.007914605045 0.072 2 169.256261651864
51 0.00703100702 0.288 2 170.255387606625
20 0.007288007019 -0.072 2 170.255644728571
99 0.007211324993 0 2 172.255558233154
66 0.006985711569 0.072 2 174.255343999317
93 0.007088041921 0.288 2 181.255440792737
68 0.007169263796 0.328 2 188.255520627877
38 0.007458878939 0.3856 2 191.255810303415
67 0.007521956881 0.0976 2 193.255880886742
30 0.007081743847 0.232 2 194.255435979569
99 0.007286743846 0.47232 2 194.255640863574
69 0.007189355455 0.609856 2 196.255548201835
64 0.007059929462 0.072 2 200.255407159318
29 0.00701842463 0.232 2 204.255375078998
62 0.008174955674 0.2 2 205.256528941482
46 0.007025996663 0 1 208.255381212928
40 0.014409228112 0 1 214.262756910014
81 0.026639621982 0.16 1 214.274987238736
12 0.006953222229 0.16 1 215.255308334048
32 0.007184222228 0.3856 1 215.255539198701
41 0.007170577601 0 1 216.255527234252
96 0.007154103774 0.16 1 217.255502811246
74 0.007145851701 0.072 1 224.255493347949
73 0.00720373618 0.232 1 226.255552692704
3 0.006919855463 0.714101 1 227.255268909028
15 0.007150855462 0.16 1 227.255499899758
88 0.00752210605 0.16 1 235.255869301911
17 0.007005093484 0.16 1 238.255355082291
27 0.007064739016 0.3856 1 240.255422897479
29 0.006970062883 0.50848 1 243.25532023474
91 0.007253062882 0 1 243.255603274293
28 0.007066649706 0.0976 1 244.255426161624
56 0.007067792103 0.3904 1 246.255417900255
75 0.00722807055 0.2576 1 247.25558758087
10 0.007169793678 0 1 249.255527473623
80 0.008911218188 0.537856 1 252.257264458831
55 0.008747107795 0 1 256.257096876057
84 0.007197960782 0.16 1 259.255546810546
31 0.007010416133 0.11808 1 260.25535734915
40 0.007124962791 0.16 1 262.255481171141
32 0.007014999998 0.3856 1 266.25536879327
9 0.007104819927 0 1 269.255458516296
43 0.007044585763 0 1 272.255398185335
64 0.015715522138 0.5904 1 278.264068538276
79 0.007091319489 0.488 1 282.255444753622
90 0.006905777035 0 1 286.255264663144
51 0.006940069073 0.288 1 288.25529964504
17 0.007052812979 0.288 1 289.255407107625
82 0.007099231838 0 1 291.255458939077
14 0.007182963632 0.16 1 296.255533687345
84 0.007721448604 0.16 1 302.256069671518
83 0.006931999316 0.3904 1 303.255283058728
8 0.007304568111 0.288 1 304.255658694022
19 0.00776956811 0.288 1 304.256123761779
32 0.006974597693 0.422464 1 305.255330702511
92 0.007231597692 0.3904 1 305.255587609823
50 0.007618597691 0.665782 1 305.255974439264
66 0.006944108641 0.294464 1 307.255300273817
52 0.00722710864 0 1 307.255583091258
58 0.007471108639 0.288 1 307.255827101904
90 0.006901324666 0.47232 1 308.255251619334
70 0.006935328433 0.687885 1 310.255290797048
42 0.007179328432 0 1 310.255534822072
17 0.007017634878 0.288 1 311.255367530255
76 0.007074710463 0.27808 1 316.255428966511
14 0.007135381315 0.3904 1 318.255494238245
81 0.007224971868 0.16 1 322.255572341609
82 0.007080292164 0.3904 1 327.255436356352
10 0.007311292163 0.288 1 327.255667208576
98 0.007181119508 0.16 1 334.255533709845
28 0.007113849536 0.294464 1 339.255462162064
74 0.008535913192 0.3856 1 342.256886387903
35 0.009069850704 0.294464 1 346.257422554612
27 0.009261850703 0.737856 1 346.2576144843
6 0.00710758127 0 1 350.255455707009
7 0.007072529738 0.16 1 352.255429867371
75 0.00718231123 0.27808 1 358.255535580012
98 0.007132138696 0.3904 1 361.255481201831
74 0.015371937663 0.724749 1 364.263721280223
80 0.012389903929 0.665782 1 367.260739277991
3 0.006926628585 0.745024 1 371.255283065315
8 0.007018203003 0.3904 1 374.255374668083
7 0.007379203002 0.16 1 374.25573559957
81 0.007571032297 0.288 1 378.255928227578
94 0.007066965955 0.16 1 379.255456992706
58 0.007570965954 0.288 1 379.255961090503
84 0.007109475547 0.16 1 380.255465874422
21 0.007327475546 -0.04 1 380.255684049786
90 0.006913212275 0.47232 1 382.255303083568
52 0.007170212274 0.16 1 382.255560080846
36 0.007206700846 0.422464 1 387.25555636265
23 0.007078654339 -0.2 1 388.255466886725
54 0.006984438649 0.16 1 394.255379202988
59 0.006973364442 0.288 1 396.255330431854
60 0.007251246204 0.524864 1 398.255601320148
22 0.00703209173 -0.2 1 403.255391447524
75 0.010358463294 0.737856 1 404.258712606174
1 0.007171110471 0.288 1 415.25552762733
67 0.00718631872 0.619891 1 416.255534504368
3 0.00700471768 0.745024 2 421.255363416532
77 0.007059495448 0.537971 2 422.255412914269
13 0.007255983505 0.714101 2 424.255609165475
75 0.007234595127 0.748342 2 427.255587438094
32 0.007572176769 0.537971 2 435.255929630473
78 0.008840489559 0.695913 2 435.257197910766
67 0.007163879141 0.850683 2 438.255521409938
84 0.007160410442 0.288 2 448.255507869114
47 0.006962332489 0.3904 2 454.255309586109
34 0.007193332488 0.147571 2 454.255540564296
89 0.007398332487 0.288 2 454.255745594008
1 0.007097714968 0.3904 2 457.255452600988
97 0.006962095399 0 2 459.255321173528
40 0.007245095398 0.288 2 459.255604242276
68 0.007295888695 0.537971 2 471.255651361332
96 0.007308991671 0.3904 2 474.2556608193
17 0.007205258292 0.47232 2 477.255556939592
35 0.007063067193 0.779799 2 478.255416720934
14 0.007169043554 0.3904 2 480.255520755095
77 0.007029614987 0.897726 2 481.255383888463
51 0.006970000744 0.3904 2 482.255319677068
1 0.007214000743 0.47232 2 482.255563595408
34 0.007419000742 0.318057 2 482.25576866437
92 0.007168833281 0.537856 2 488.255518235581
72 0.006997843735 0.318057 2 494.25535180612
7 0.007254843734 0.3904 2 494.255608820224
73 0.007149726901 0.537971 2 504.25550079524
94 0.007167776191 0.47232 2 509.255514847828
24 0.006988999998 0.390285 2 514.255337675664
46 0.006947477355 0.3904 2 525.255303105504
55 0.00696457532 0.47232 2 532.255318258276
2 0.007012293713 0.288 2 534.255368758163
86 0.007282293712 0.16 2 534.255638888526
7 0.007222880868 0.3904 2 542.255578290747
52 0.007479880867 0.288 2 542.255835373641
66 0.047974930557 0.307571 2 543.296328943601
97 0.006934367188 0 2 545.255282152507
88 0.007204367187 0.47232 2 545.255552188205
11 0.007115389472 0.537856 2 547.255472107675
49 0.006953742901 0 2 548.255303491394
94 0.007133453735 0.590285 2 552.255488871896
67 0.007177870749 0.887257 2 553.255534537752
9 0.007065226993 0.3904 2 554.255419514562
90 0.006964318044 0.632228 2 558.255319206699
60 0.007147654493 0.763441 2 567.255507385238
39 0.007378654492 0.158057 2 567.255738223414
72 0.006969747397 0.326446 2 589.255362243213
21 0.007226747396 -0.04 2 589.255619094202
93 0.007087788732 0.632228 2 592.255480420631
36 0.007238791683 0.454446 2 603.255595400298
68 0.007157383555 0.711012 2 604.255507712093
