38 0.050356692905 0 2 22.358001557515
6 0.050493609128 -0.04 2 25.358138175746
46 0.050331430803 0 2 26.357976287802
57 0.050484247716 0 2 29.358129037003
61 0.050254357555 0 2 41.357899224503
15 0.050511357554 0 2 41.358156238617
85 0.050598990462 0 2 43.358243719095
63 0.050340031517 0 2 47.357984898627
45 0.050584031516 0 2 47.358228897567
95 0.050553977308 0 2 48.358197265645
25 0.050537778498 0 2 51.358181070876
71 0.050266785803 0 1 57.357917461472
62 0.050410285669 0 1 58.358054989466
39 0.050654285668 0 1 58.358298987524
49 0.0505021527 0 1 59.358147054582
69 0.050525169271 0 1 60.358175450777
15 0.050319466758 -0.04 1 63.357969584075
8 0.050537466757 -0.04 1 63.358187890985
79 0.050375614468 0 1 64.358020496293
60 0.050309497868 0 1 69.357959874032
26 0.050553497867 0 1 69.358203860294
95 0.050552403757 0 1 70.358196990101
65 0.050358399195 0 1 71.358003270371
53 0.0505679488 0 1 73.358212815074
24 0.050298999112 0 1 78.357942836629
29 0.050422496889 0 1 79.358067389529
49 0.050515125615 0 1 81.358160000412
87 0.050536604059 0 1 88.358181357012
96 0.050582129609 0 1 89.358226993758
17 0.050490031618 -0.04 1 90.358130040475
61 0.050247708471 0 1 91.357893082816
27 0.05050470847 0 1 91.3581499645
75 0.050787708469 0 1 91.358433233325
3 0.05052951676 0.12 1 92.358174380925
35 0.050534503314 0 1 97.358179760632
69 0.050478253463 0 1 100.358123442333
70 0.050451831721 0 1 108.358096694562
4 0.0505529175 -0.072 1 111.35819779506
0 0.050379187335 -0.04 1 115.358027671632
80 0.050429806095 0 1 118.358078226723
16 0.050472399944 -0.04 1 120.358117287476
79 0.05042177845 0.16 1 121.358070151277
3 0.050639778449 0.216 1 121.358288267774
69 0.050543561042 0 1 122.358188420941
18 0.050445009579 -0.04 1 123.358089874389
93 0.050637009578 0 1 123.358281873281
24 0.050284928548 -0.04 1 126.357929745975
58 0.050329735549 0 1 128.357974630631
86 0.050401115968 0 1 129.358046010082
13 0.050348946277 -0.072 1 130.357993818574
97 0.050357400323 0 1 136.358002109073
50 0.050614400322 0 1 136.358259095416
16 0.050378741029 -0.072 1 142.358023312441
17 0.050361571905 -0.04 1 144.358006199738
45 0.050631571904 0 1 144.358276411968
54 0.05053880589 0.16 1 146.358181140495
48 0.050508338241 0 1 151.358153230724
44 0.05032638996 0 1 153.357971269468
88 0.050511804497 0 1 158.358153995789
38 0.050324924403 0.072 1 162.357969786189
6 0.050568924402 -0.04 1 162.358213806295
57 0.050594358536 0 1 164.35823629932
20 0.050574405663 -0.072 1 167.358216454413
33 0.050279049815 0.072 1 168.357923763738
51 0.050536049814 0 1 168.358180744992
99 0.050495190662 0 1 171.358140087905
66 0.050548813336 0 1 174.358193684035
93 0.05048372118 0 1 181.358128296484
38 0.050333316231 0.0976 1 184.35797790262
57 0.050445078735 0.16 1 186.358089699041
68 0.050419432962 0 1 187.358064314365
20 0.050545504659 -0.2 1 189.358190297357
30 0.050352534325 0.232 1 192.357997360609
67 0.050622534324 0 1 192.358267387102
99 0.050455887705 0.16 1 193.358100481991
69 0.050530599273 0 1 195.358175497403
64 0.050417047734 0 1 200.358061912024
29 0.05044850395 -0.072 1 203.358093403651
62 0.050426052564 0.16 1 205.35807094546
46 0.050383466782 0 1 208.35802835976
81 0.050481068351 0 1 209.358125955027
32 0.050639452026 0.11808 1 214.358278030025
12 0.050354532723 -0.2 1 216.357994333211
40 0.050598532722 0.16 1 216.358238203442
41 0.050855532721 0.16 1 216.358495413442
96 0.05038832396 0.16 1 217.358026968182
15 0.050366631424 -0.072 1 223.358005435121
3 0.050649631423 0.088 1 223.358288443162
74 0.050383932465 0 1 224.358028795731
73 0.050426008887 0 1 226.35806492838
88 0.050483091225 0.47232 1 233.358127951199
17 0.050396614559 -0.04 1 238.358041472427
29 0.050556120292 -0.2 1 241.358200932796
28 0.050581788454 -0.2 1 244.358226666611
27 0.050343668895 0.337856 1 245.357992411237
91 0.050600668894 0 1 245.358249445624
56 0.050338275412 0 1 246.357983164341
75 0.050473999998 0 1 247.358119516492
10 0.050492021658 -0.04 1 249.358136887468
80 0.050429417122 0.288 1 251.358078234961
55 0.050544237857 0 1 256.358189438607
84 0.050307775556 0 1 258.35795266906
31 0.050381808304 0.422464 1 259.358027099702
40 0.050442829349 0.16 1 262.358088217328
32 0.050550665208 0.11808 1 265.358196217978
9 0.050292968463 -0.2 1 269.357937857069
43 0.050530201129 0.16 1 272.358175080349
64 0.050401800685 0 1 276.358048947904
79 0.050440625555 0.16 1 277.358085518467
90 0.050394563801 0 1 286.358039427246
51 0.050429756694 0 1 288.3580693913
17 0.050396627259 -0.04 1 289.358041497827
82 0.050378201078 0 1 292.358023039716
14 0.050369999998 -0.2 1 295.358015108893
8 0.050441852503 -0.2 1 298.358086819616
50 0.05030368077 0 1 299.35794856017
19 0.050547680769 -0.2 1 299.358192572954
83 0.050532248171 0 1 300.358177131382
84 0.050396040087 0 1 301.358040642609
55 0.050653040086 0.16 1 301.358297918536
52 0.050514864812 0 1 302.358159760934
58 0.050275145554 0.288 1 303.357920005746
92 0.050506145553 0 1 303.358151023714
32 0.05051230081 0.294464 1 305.358157181412
66 0.050574844113 0.16 1 306.358219745589
90 0.050433528969 0 1 308.358078357582
17 0.050656974971 -0.04 1 311.358301561359
70 0.050622370258 0 1 314.358267052473
76 0.050305362776 0.288 1 316.357947922578
42 0.050562362775 0.16 1 316.358204738822
14 0.050382977344 -0.2 1 317.358027578639
19 0.050563442289 -0.2 1 321.358208095993
81 0.050535418816 0 1 322.358177950179
10 0.050518022209 -0.04 1 324.35816288857
82 0.050326243515 0 1 327.35797112459
98 0.050441078183 0 1 333.35808595924
28 0.050481588438 -0.2 1 339.358126466783
27 0.050376607034 0.337856 1 341.358021496374
74 0.050383952389 0 1 342.358028835579
35 0.050592965773 0.524864 1 343.358231750202
6 0.050558935548 -0.2 1 350.358203828586
7 0.050321385015 -0.04 1 351.357966261335
75 0.050525999998 0.288 1 358.358171515686
98 0.050427285563 0.16 1 361.358072376226
74 0.050386174387 0.16 1 364.358031389965
3 0.050617174386 0.1904 1 364.358262450558
80 0.050511387233 0.537856 1 366.358156220251
8 0.050441989361 -0.2 1 369.358086876496
6 0.050519930979 -0.2 1 372.358164819448
7 0.050305334977 0.088 1 373.357950339962
84 0.050325025289 0 1 374.357969876284
58 0.050274925745 0.288 1 375.357919817036
81 0.050465293838 0 1 377.358110003995
94 0.050709293837 0.47232 1 377.358353988465
21 0.050302225228 -0.2 1 378.357947089666
90 0.050378099124 0 1 382.358016702238
52 0.050583099123 0 1 382.358221699551
23 0.050362317447 -0.04 1 389.358007025019
36 0.050580317446 0.147571 1 389.358225020511
54 0.050520170345 0.16 1 394.358168164159
59 0.050547616468 0.288 1 396.358192486912
60 0.050322558229 0 1 397.357970534439
22 0.050348693 -0.2 1 403.35798814253
75 0.050555681151 0.288 1 404.358197533552
1 0.050518249977 0.088 1 411.358163144446
67 0.050456202338 0.3904 1 415.358101472709
77 0.050530285023 0 1 421.358175516664
3 0.050761285022 0.1904 1 421.358406219303
13 0.050335943253 -0.04 1 423.357980812526
75 0.050474528128 0.288 1 426.358119302948
78 0.050421999998 0 1 429.358071844048
32 0.050486297814 0.435571 1 430.35813117542
67 0.050417449644 0.3904 1 437.358062217741
84 0.050307759838 0 1 448.357952637624
34 0.05055415316 0.147571 1 453.358199021976
89 0.050330513988 0 1 454.357975367356
47 0.050535513987 0 1 454.35818035942
97 0.050354382734 0.288 1 458.358002377316
1 0.050637382733 0.088 1 458.358285365202
40 0.050430355898 0.47232 1 459.358075232844
68 0.050652437675 0.16 1 471.358297179995
17 0.050401917297 -0.04 1 474.358046657661
35 0.050671917296 0.556846 1 474.358316811029
96 0.050889917295 0.47232 1 474.358534537256
14 0.050370276217 -0.2 1 479.358015176385
1 0.050473281025 0.088 1 481.358118245657
77 0.050691281024 0.16 1 481.358336152564
34 0.050974281023 0.454446 1 481.358619313815
51 0.050411527476 0 1 482.358056422572
92 0.050317443643 0.16 1 488.357962316536
72 0.050319513122 0.16 1 497.357964175536
7 0.050537513121 0.088 1 497.358182190807
73 0.05034205689 0.288 1 504.357986925726
94 0.050444023492 0.47232 1 509.358088902607
24 0.05036297133 -0.2 1 514.358007831539
46 0.050318457976 0 1 524.357963342148
2 0.050362424654 0.088 1 531.358007221015
55 0.050554424653 0.288 1 531.358199198644
86 0.050440107168 0.16 1 532.358084992482
52 0.05051482824 0 1 539.35815968779
97 0.050360187787 0.288 1 540.358005086784
7 0.050310946521 0.088 1 541.3579588016
88 0.05054194652 0.537856 1 541.358190025566
66 0.050574838887 0.16 1 543.358219735137
46 0.050292467149 0.16 1 546.357937360494
11 0.050309945447 -0.2 1 547.357957916743
49 0.050434235125 0.16 1 548.35808202695
94 0.050457035514 0.47232 1 552.358101926651
67 0.050427312342 0.3904 1 553.358075416083
9 0.05029008873 -0.04 1 554.357937855257
90 0.050393805048 0.16 1 558.35803948745
97 0.050398986414 0.288 1 562.358043684038
39 0.050385764546 0.326446 1 563.35803366149
60 0.050283533176 0 1 566.357931593585
21 0.050289234454 -0.2 1 583.357934108118
72 0.050296379258 0.16 1 586.357941275983
93 0.050484027783 0 1 592.35812890969
36 0.050303162015 0.173156 1 601.357948060658
68 0.050445430097 0.288 1 604.358090308635
5 0.050569709344 -0.04 1 605.358214597855
