6 0.016410626869 0 2 22.055808514487
38 0.016140377942 0 2 25.055538338292
46 0.016347939896 0 2 26.055745361292
57 0.016270681819 0 2 29.055667955132
15 0.016211697152 0 2 42.055609763439
61 0.016455697151 0 2 42.055853749159
85 0.016328308158 0 2 43.055737402148
95 0.016339402026 0 2 48.05573735586
63 0.016268677144 0 2 49.055672103978
45 0.016473677143 0 2 49.055877103521
25 0.016153999998 0 2 51.055563177132
71 0.016436674573 0 2 57.055844863325
62 0.016133653474 0 2 59.055530242585
39 0.016416653473 0 2 59.055813231661
15 0.016139512829 0.2 2 64.055545354398
69 0.016396512828 0 2 64.055802474839
49 0.01624118013 0 2 65.055642623166
79 0.016592429842 0 2 67.055998748012
60 0.016127981115 0 2 68.055536280768
8 0.016410981114 -0.04 2 68.055819096443
26 0.016667981113 0 2 68.056076266918
95 0.016335719036 0 2 70.055737054288
65 0.016278256518 0 2 71.055686867467
53 0.016192008012 0 2 73.05559833231
24 0.016282237179 0 2 78.055685483734
29 0.016140516738 0 2 80.05554532151
87 0.016232356196 0 2 87.055628680332
27 0.016515356195 0 2 87.055911666088
61 0.016349105818 0 2 88.055752843246
96 0.016149144132 0 2 89.055546940608
75 0.016089569699 0 2 91.055493278948
17 0.016115797718 0 2 92.055518969311
3 0.016359797717 0.04 2 92.055763034516
35 0.016093229609 0 1 98.055501623495
70 0.016061704745 0 1 108.055465229285
4 0.016159139424 0.072 1 111.05556254782
0 0.016281110389 0.04 1 116.055679111081
80 0.01633683475 0 1 117.055739189495
16 0.01698682734 0.04 1 120.056388970092
69 0.016599493766 0.3904 1 121.056002214978
3 0.016293729 0.2 1 122.055692855681
79 0.016563728999 0.3904 1 122.055962678992
18 0.016124766547 0 1 123.055521342914
93 0.016342766546 0 1 123.055739341892
24 0.016278994609 0 1 125.055685483408
58 0.016174500579 0 1 129.055583016707
86 0.016392666666 0 1 130.055792800481
13 0.016156513775 0.04 1 131.055557086229
50 0.016422808499 0 1 133.055830363931
97 0.016311671571 0 1 134.055719476232
17 0.016198330598 0.662285 1 137.05560058392
0 0.01623892142 0.635456 1 138.055640026331
80 0.016390707497 0.47232 1 139.055790872215
16 0.016334489086 0.2576 1 142.055734605575
45 0.01636858878 0 1 143.055769991043
54 0.016148494412 0 1 146.05555750492
48 0.016196189927 0.3904 1 152.055603402159
44 0.016205323008 0 1 153.055603432773
88 0.016135565942 0 1 158.055542661292
38 0.016140999998 0.16 1 162.055543156485
6 0.016397999997 -0.072 1 162.05580017675
51 0.016343269846 0 1 164.055750088929
57 0.016228056704 0 1 165.055630062443
33 0.016433056703 0 1 165.055835064197
20 0.016414227445 0.232 1 167.055811245715
99 0.016343458422 0 1 173.055742250531
66 0.016194206512 0 1 174.055590622884
93 0.016242966226 0 2 181.055650721863
38 0.016145171573 0.288 2 184.055551023812
57 0.016277605103 0 2 187.055680646658
68 0.016244714511 0 2 188.055649122205
20 0.016392070666 0.2576 2 189.055798034993
30 0.016350734443 0.288 2 191.055755222408
67 0.016247994588 0 2 192.055654029704
99 0.016270999998 0 2 195.055676924065
69 0.016345221414 0.3904 2 197.055749888747
64 0.0163382658 0 2 200.055736360404
29 0.016170616574 0 2 204.055571335784
62 0.016209764134 0 2 206.055611241838
81 0.016446018401 0 2 212.055847187055
46 0.0167030184 0 2 212.056104149637
40 0.016198164969 0 2 214.055605177333
32 0.016299890128 0 2 215.055701054188
12 0.016543890127 0.3856 2 215.055945190068
41 0.016251148477 0.288 2 216.055652140252
96 0.016114694203 0 2 218.05552090769
3 0.016402865121 0.655936 1 224.055808759709
74 0.016329825036 0 1 226.055731024942
73 0.016162850767 0 1 227.055562044644
15 0.016393850766 0.2576 1 227.055792927764
88 0.016184146843 0 1 233.055581616828
17 0.016173522782 0.687885 1 238.055574525324
29 0.016137046313 0 1 241.055537737754
28 0.016220620226 0 1 245.055622039225
91 0.016425620225 0 1 245.055826889295
27 0.016617620224 0.288 1 245.0560188579
75 0.016076350513 0 1 248.055475386302
56 0.016281350512 0 1 248.055680348554
10 0.016348999998 0.0976 1 249.055746797716
80 0.016417939452 0.47232 1 251.055817107663
55 0.01624771704 0.16 1 257.05564717545
31 0.016120361096 0.288 1 260.055527387693
84 0.016403361095 0.16 1 260.055810335019
40 0.01614908927 0.288 1 263.055553361101
32 0.016279779603 0.16 1 266.055677863613
9 0.016136817018 -0.2 1 269.055534935903
43 0.016319581451 0 1 272.055717691007
64 0.016123729518 0.537856 1 276.05564639283
79 0.016359999337 0.3904 1 278.055758077287
90 0.016131573048 0 1 286.055529666712
17 0.016131454983 0.724749 1 289.05552905159
51 0.016401454982 0.288 1 289.05579901538
82 0.016194987328 0 1 291.055597788697
14 0.016254109274 0.0976 1 295.055654901222
8 0.016280770304 -0.04 1 298.055681529966
50 0.016394419458 0 1 299.055791467207
84 0.016169141412 0.16 2 302.055569635224
83 0.016499260396 0 2 303.056018735884
32 0.016567560253 0.16 2 305.055967938624
19 0.016291856232 0.524864 2 306.055785271241
92 0.016548856231 0 2 306.056042420276
66 0.016395493808 0 2 307.055801210336
90 0.016137082779 0 2 308.055536931207
58 0.016368082778 0.288 2 308.055767772047
52 0.016586082777 0.16 2 308.055985760935
70 0.016138146884 0 1 310.055537666263
42 0.016356146883 0 1 310.055755691265
17 0.016114632715 0.724749 1 311.055521955178
76 0.016129716265 0.16 1 315.055534261564
14 0.016305645535 0.147571 1 317.055706343892
81 0.016324013955 0.16 1 323.055730278975
10 0.016380971367 0.134464 1 324.055785798686
82 0.01612810292 0 1 327.055532783889
98 0.016271334762 0 1 333.055668832577
28 0.016156832463 0 1 339.055554414079
35 0.016145608668 0.16 1 343.055550769758
74 0.01622150451 0 1 344.055628647012
27 0.016465504509 0.288 1 344.055872608476
7 0.016127999998 0.088 1 351.055530137063
6 0.016397999997 -0.2 1 351.055800108534
75 0.01604917179 0.16 1 358.055454269752
98 0.016257999998 0.16 1 361.055655206189
35 0.016097518559 0.288 1 365.055505139082
3 0.01634265023 0.67232 1 368.055750156528
80 0.016586650229 0.590285 1 368.055994180396
8 0.016246534723 -0.04 1 369.05565558718
7 0.016144867584 0.088 1 373.05554837458
81 0.016364469675 0.16 1 374.055769288025
84 0.016320546914 0.16 1 377.055719291836
58 0.016287106403 0.3904 1 378.055808548933
94 0.016107757067 0.16 1 379.055513741659
21 0.016226150184 0.16 1 380.055629474229
90 0.016162870777 0 1 386.055565742731
36 0.016328578404 0 1 387.055828061122
52 0.016209464214 0.16 1 388.055609286205
23 0.016215022314 0.288 1 389.055617967572
54 0.016179999998 0.16 1 395.055583438702
59 0.016167037692 0 1 396.055574567436
60 0.016109161566 0 1 398.055515631735
22 0.016131283176 0 1 404.055540029534
75 0.016098663892 0.16 1 405.055506197266
1 0.016380988352 0.435571 1 413.055782808378
67 0.016251868869 0.3904 1 416.055654025398
3 0.016348396833 0.695913 2 421.055752460477
77 0.016266173455 0.288 2 422.055662695977
13 0.016211069559 0.813353 2 423.055609169151
75 0.016109119942 0.16 2 427.055506092006
78 0.016280058018 0.3904 2 429.055678173784
32 0.016289626518 0.16 2 431.055690821337
67 0.016229879512 0.47232 2 438.055627895232
84 0.016100878839 0.3904 2 448.055507658972
34 0.016068255329 0.47232 2 453.055577686387
89 0.016234321096 0 2 454.055632404676
47 0.016193477317 0 2 455.0555910051
97 0.01631202296 0.3904 2 458.055716992567
1 0.016543022959 0.548457 2 458.0559479805
40 0.016083079636 0.288 2 459.055579466357
68 0.016367190759 0 1 472.055765057828
96 0.016161600246 0.3904 1 474.055559448774
17 0.016176404902 0.748342 1 475.055574202654
35 0.016073065281 0.288 1 476.055475567785
34 0.016148133384 0.47232 1 481.055555902691
1 0.016353133383 0.638766 1 481.055760834869
77 0.016571133382 0.288 1 481.055978742209
14 0.016789133381 0.158057 1 481.056196893914
51 0.016377715352 0.537856 1 484.055775956287
92 0.016404114419 0 1 488.055800607086
72 0.016389562852 0 1 492.055787676928
7 0.016096147895 0.088 1 493.05549690352
73 0.016166732636 0 1 504.055564831797
94 0.016104715728 0.16 1 509.055501274549
24 0.016341083122 0.3904 1 515.055737389056
46 0.016347766398 0.590285 1 524.055745415646
55 0.016220190585 0.590285 1 529.055621205376
2 0.016357293141 0.461156 1 530.055755618196
86 0.016387769331 0.288 1 533.055792782899
52 0.016143696285 0.16 1 539.055544788505
7 0.016174454163 0.088 2 541.05557453681
88 0.016128407319 0.537856 2 542.055537545104
97 0.016385407318 0.3904 2 542.055794501851
66 0.016147802549 0 2 545.0555514944
46 0.016382327416 0.590285 2 546.055784379648
11 0.016388926355 0.326446 2 550.055795199824
49 0.016252584036 0.16 2 551.055658286071
94 0.016113173294 0.16 2 554.055511619708
67 0.016231999998 0.47232 2 556.055640789656
9 0.016123049239 0.088 1 557.055521664063
90 0.016104631288 0 1 560.055503546276
39 0.016191215079 0.288 1 563.055587681067
60 0.016172275214 0 1 567.055580690617
21 0.016248478402 0.16 1 583.055655672751
72 0.01633055779 0.288 1 587.055735612216
93 0.016311847604 0 1 593.055716288271
36 0.016246077438 0.16 1 602.055645480316
