38 0.018906497501 0 2 22.756173246073
46 0.018698110778 0 2 25.75596489694
6 0.018929110777 0 2 25.756195576735
57 0.018640668731 0 2 28.755907386766
61 0.018853266324 0 2 40.756120062528
15 0.018921462165 0 2 41.756183448249
85 0.018874942875 0 2 42.756136518382
45 0.018651240444 0 2 46.755916737526
63 0.018843240443 0 2 46.756108738778
95 0.018818693118 0 2 48.756078701622
25 0.018608953991 0 2 51.755869091396
39 0.018655683673 0 2 54.755915853001
62 0.018847683672 0 2 54.756107847183
71 0.018805999998 0 2 57.756071270687
69 0.018702174544 0 2 60.755969822411
49 0.018985174543 0 2 60.756252804104
15 0.018959090459 0 2 64.756229836618
8 0.020217090458 0 2 64.757488070687
79 0.018806725478 0 2 66.756075875477
95 0.019020092167 -0.04 2 70.756288702602
26 0.019303092166 0 2 70.756571851462
60 0.018730078251 0 2 71.755996684956
65 0.018852287796 0 2 72.756122957391
53 0.019070287795 0 2 72.75634104265
24 0.018779161895 0 2 78.756047747792
29 0.018693085494 0 2 79.755957469388
27 0.018649999998 0 2 84.755912218401
87 0.018709058481 0 2 85.75597935747
61 0.018863731789 0 2 87.756133066072
96 0.018887522392 0 2 88.756154037618
17 0.018726422052 0 2 90.755988646539
3 0.018646724238 0 2 92.755908531901
75 0.018628713948 0 2 93.755891889165
35 0.018587522786 0 2 97.755857956225
69 0.018702033188 0 2 99.755963601583
70 0.018859449669 0 2 108.756119158543
4 0.018797953504 0 2 111.756062263138
0 0.018601421128 0 2 115.755861353426
80 0.018906568367 0 2 117.756176608099
16 0.018695665706 0 2 120.755962402936
79 0.01902569601 0 2 121.75628542813
24 0.018877103476 0 2 124.756144338025
18 0.018665600818 0 2 127.755935858044
93 0.018948600817 0 2 127.75621885443
58 0.018990827413 0 1 129.756261852484
86 0.018929970875 0.04 1 131.756197316271
13 0.018691759323 0 1 132.755962858205
97 0.01881656241 0.088 1 136.756079576152
50 0.019073562409 0 1 136.756336562319
0 0.018620028574 0.16 1 137.755887214712
17 0.018742498091 0 1 138.756014553393
80 0.018860480434 0.232 1 139.756124415931
16 0.018680148306 0 1 142.755948829634
45 0.018610999998 0 1 143.755881015996
54 0.018817531852 0 1 145.756089505173
44 0.018767229412 0 1 153.756038111977
48 0.019050229411 0 1 153.756321034752
88 0.018627048832 0.04 1 159.755887446398
38 0.018718069117 0 1 161.755982181033
6 0.018753999998 0 1 163.756014157976
51 0.018945999997 0 1 163.756206237418
20 0.01898665125 0 1 166.756246755047
57 0.018711099217 0 1 167.755982608251
33 0.018955099216 0.16 1 167.756226609802
99 0.018816427375 -0.072 1 171.756087159711
66 0.01870680698 0 1 173.755967140085
93 0.018734116344 0.088 1 181.756004306672
38 0.018763139594 0.16 1 183.756033576345
68 0.018822101861 0 1 187.756084410492
20 0.018783179321 0 1 188.756055582947
57 0.018662452122 0 1 189.755933284864
30 0.018689587495 0 1 190.755952128949
67 0.018666941681 0.16 1 192.755934232374
99 0.018759622778 -0.072 1 193.756021617439
69 0.01867078429 0 1 195.755937566303
64 0.018779138594 0 1 199.756043818724
29 0.018690655064 0 1 204.755957393844
62 0.01876268718 0 1 205.75603288446
46 0.018736827993 0 1 208.756006793047
32 0.018905068484 0 1 210.756170785598
81 0.018626347167 0.072 1 212.755886023376
40 0.018638827493 0 1 215.755898456852
12 0.018882827492 0 1 215.756142588039
41 0.018670581016 0 1 217.755932923694
96 0.018914581015 0.248 1 217.756177004585
15 0.018906114321 0.16 1 223.756170460395
74 0.018636491228 0 1 226.75590243705
3 0.018689518807 0 1 227.755951850066
73 0.018920518806 0 1 227.756182956326
88 0.018583524297 0.0976 1 232.755848581564
17 0.018747203312 0.288 1 237.756014674645
91 0.018909018511 -0.2 1 242.756175710393
27 0.018911413484 0.288 1 244.756175443783
28 0.018557524216 0 1 246.755826419071
29 0.018775524215 0 1 246.756044234035
56 0.019032524214 0.16 1 246.756301518801
10 0.018612882861 0 1 249.755873501386
75 0.01885688286 0 1 249.75611742723
80 0.018912698417 0.2576 1 250.756176616231
55 0.018750583108 0 1 256.756016623529
84 0.018632263299 0.3856 1 258.755899092367
31 0.018671156263 0 1 259.755941289122
40 0.018692312993 0.537856 1 261.755952956252
32 0.022579497727 0 1 265.759849599038
9 0.018610311682 0 1 270.755869874277
43 0.018678191543 0 1 273.755943146778
64 0.018744736115 0 1 276.756004764268
79 0.018781935311 0.16 1 277.756050077353
90 0.018593312006 -0.04 1 285.75586313778
17 0.01875350043 0.288 1 288.756014200131
51 0.018997500429 0 1 288.756258163936
82 0.018812442213 0.0976 1 291.75607657277
14 0.018690413855 0 1 294.755954377184
8 0.018845461175 0.16 1 297.756117795935
19 0.018674200938 0 1 299.755938377941
50 0.018944200937 0 1 299.756208365034
83 0.018603998264 0.072 1 300.755867287247
84 0.01865383124 0.3856 1 301.75592214352
52 0.018682359521 0 1 302.755943580841
92 0.018633172149 -0.2 1 303.755900621063
58 0.018903172148 0 1 303.756170603282
32 0.020192759296 0 1 305.75746164562
90 0.018663346553 -0.04 1 307.755925344255
66 0.018868346552 0 1 307.756130380931
42 0.018627494423 0 1 310.755888780922
17 0.018686200687 0.288 1 311.755949077315
70 0.018838598799 0 1 312.756105972995
76 0.018774773484 0 1 315.75604253397
14 0.018782967366 0 1 316.756044792692
19 0.018598734018 0 1 321.755858936044
81 0.018654573942 0.40608 1 322.755925284422
10 0.018662531161 0.16 1 324.755928500562
82 0.018784631067 0.294464 1 327.756050567676
98 0.018801261583 -0.04 1 333.75606737057
28 0.018623999998 0 1 339.755883752049
27 0.018874124232 0.288 1 343.756141391183
35 0.018594034183 0 1 347.755854942822
74 0.018877034182 0.16 1 347.756137931104
6 0.018711314851 0.288 1 354.755978018956
7 0.01899431485 0 1 354.756261046445
75 0.018586164206 0 1 358.755853058167
98 0.018799033729 -0.04 1 361.756066848412
3 0.018640373786 0 1 364.755908601217
80 0.01889679476 0.40608 1 366.756163511825
8 0.018902991675 0.16 1 369.756169762757
94 0.018898904325 -0.2 1 373.75616959464
58 0.018928617951 0.16 1 375.756195393093
7 0.018955213059 0.16 1 376.756220721191
81 0.018580615776 0.537971 1 378.755847168288
84 0.018698827843 0.422464 1 379.755964094089
21 0.018968827842 0.16 1 379.756234274247
23 0.018761640827 0 1 385.756027105986
36 0.018979640826 0.16 1 385.756245099561
90 0.018570544776 -0.04 1 386.75583406272
52 0.018827544775 0.288 1 386.756091062814
60 0.018679581761 0 1 396.75594637723
54 0.018821026324 0.16 1 397.756086652082
59 0.019039026323 0 1 397.75630472694
22 0.018784428538 0 1 403.756044024607
75 0.018612256645 0 1 405.755878985545
1 0.018831170023 0 1 411.756097948476
67 0.018636999998 0.16 1 415.755908317746
77 0.018547060304 0 1 421.755812412586
3 0.018817060303 0 1 421.756082148274
13 0.018707701035 0 1 423.755978822094
75 0.018647022157 0 1 427.755918005939
78 0.018681026357 0 1 429.755951695499
32 0.018873739624 0 1 430.756144728244
67 0.018606823182 0.16 1 437.755869134112
84 0.018619299024 0.435571 1 448.755886060709
34 0.018618132453 0 1 452.755884930465
47 0.018727137913 0 1 453.75598799966
89 0.019010137912 0.147571 1 453.756271007457
1 0.018768881173 0 1 458.756030222122
97 0.018999881172 0.088 1 458.756261234339
40 0.018679258958 0.537856 1 459.755939882166
96 0.018899655006 0.27232 1 470.756168073529
17 0.018768070574 0.288 1 472.756037822394
68 0.019038070573 0 1 472.756307694042
35 0.018569909851 0 1 474.755831990967
14 0.018701983909 0 1 479.755967354384
77 0.01861598451 0 1 481.755887271154
1 0.018833984509 0 1 481.756105364718
34 0.019077984508 0 1 481.75634943325
51 0.018876196766 0.16 1 483.756144104759
92 0.018658245538 -0.2 1 487.755929317805
72 0.018735883245 0.16 1 494.756002348542
7 0.018884552494 0.16 1 495.756150391672
73 0.018881076927 0 1 504.756147043635
94 0.018741112348 -0.2 1 510.756007218001
24 0.018755043311 0.16 1 513.75602183256
46 0.018792999998 0.288 1 525.756058685873
55 0.018750906005 0.288 1 529.756013048725
2 0.018955906004 0 1 529.756218071288
86 0.018847768627 0.318057 1 532.756117113791
52 0.018656196801 0.288 1 538.755925665602
97 0.018895007705 0.1904 2 540.756160577903
88 0.018677542977 0.158057 2 541.755942439767
7 0.018921542976 0.16 2 541.756186221883
66 0.018649403177 0 2 543.755915100777
11 0.018702831724 0.288 2 547.755971991505
49 0.018859050287 0.16 1 549.756125777615
67 0.018649557241 0.16 1 552.755916353724
94 0.01891955724 -0.2 1 552.756186332394
9 0.018642145235 0 1 555.755908871693
90 0.01857033024 -0.04 1 558.755837107694
39 0.018687358163 0.16 1 563.755952423921
97 0.018892358162 0.1904 1 563.756157334314
60 0.018743251322 0.16 1 566.756010031098
21 0.018916567748 0.288 1 583.756185382678
72 0.018772587189 0.288 1 586.756041554268
93 0.018704043248 0.088 1 594.755967723768
36 0.018741744589 0.3904 1 601.756008527242
68 0.018843642344 0.16 1 604.756110404976
