5 0.029964581939 0 2 21.058433786703
6 0.030247581938 0 2 21.058716772551
38 0.029926784533 0 2 22.058396140441
46 0.029922307746 0 2 26.058396089423
57 0.029969176964 0 2 29.058442974289
61 0.030031299525 0 2 41.058495668307
15 0.030223299524 0 2 41.058687682316
85 0.030008502341 0 2 43.058476383662
45 0.029890277394 0 2 48.058359589739
63 0.02996063402 0 2 49.058437502807
95 0.030165634019 0 2 49.058642406433
25 0.02996095707 0 2 51.058430308634
62 0.029894521454 0 2 54.058363420789
39 0.030164521453 0 2 54.058633426703
71 0.030085682448 0 2 57.058554558476
69 0.029896085798 0 2 60.058365924046
49 0.030166085797 0 2 60.05863590588
61 0.030072533809 0 2 63.058538353701
15 0.030316533808 0.12 2 63.058782040834
79 0.029934493013 0 1 65.058409966757
8 0.030126493012 -0.04 1 65.058601934059
26 0.029896799807 0 1 67.058372728253
60 0.030131752305 0 1 68.058604902408
95 0.030134011476 0 1 71.058603824461
65 0.030352011475 0 1 71.058822122852
53 0.030135097191 0 1 73.058610829347
24 0.030190137704 0 1 78.058656194976
29 0.030040774865 0 1 80.058510066021
69 0.029901927105 0 1 82.0583778404
87 0.030306353261 0 1 90.058774582524
96 0.029914789661 0 1 91.058385011779
17 0.03032778966 -0.072 1 91.058798081519
27 0.030358358873 0 1 92.058827484231
75 0.030111789647 0 1 95.058580808706
3 0.030342789646 0.12 1 95.058811831157
35 0.030080956261 0 1 97.058557974398
70 0.029963795133 0 1 108.058432085782
4 0.030115435172 -0.072 1 111.058583829746
0 0.029956947445 -0.072 1 116.058427456508
80 0.03013416079 0 1 117.058603755315
16 0.029927123592 -0.04 1 120.058396843967
69 0.029900338672 0 1 121.058374823769
79 0.029984266521 0.288 1 122.058449781816
3 0.03021526652 0.216 1 122.058680958503
24 0.030191270128 0.072 1 125.05865619465
18 0.029890691852 -0.04 1 127.058364923575
93 0.030095691851 0 1 127.058569920574
58 0.029978291379 0 1 129.058445455753
86 0.030010903549 0 1 130.05847919079
13 0.030228903548 0.088 1 130.058697213978
50 0.029897959397 0 1 132.058365150451
97 0.030141959396 0 1 132.058609162841
17 0.030158520956 -0.072 1 137.058629443302
0 0.030026148954 0.088 1 138.058492371758
80 0.030185480849 0.3904 1 139.058655438035
16 0.029904495011 -0.072 1 142.058373170877
45 0.029961404896 0 1 143.05843049045
54 0.029877264089 0.16 1 146.058346458394
48 0.029868999998 0 1 152.058341814791
44 0.030118146048 0 1 153.058589368846
88 0.02995749846 0 1 158.05843011667
38 0.029947902362 0.072 1 163.058421027479
6 0.030230902361 -0.04 1 163.058704047307
51 0.029933755293 0 1 164.058410511628
57 0.030003518516 0 1 165.058477919426
33 0.030208518515 0.072 1 165.05868292118
20 0.029999388393 0.072 1 167.058475948507
99 0.030052469169 0 1 172.058521812565
66 0.030092084485 0 1 174.058561446458
93 0.030002298617 0 1 181.058471343558
38 0.029952562869 0.2576 1 185.058421557127
68 0.029905165861 0 1 187.058381478508
57 0.03017516586 0 1 187.058651231936
20 0.030019480665 0.0976 1 189.058488737785
30 0.030038099103 0.072 1 191.058512934411
67 0.029928803142 0 1 192.058398147082
99 0.030059640854 0.16 1 194.058534319017
69 0.029959565199 0 1 196.058429794432
64 0.030124395366 0 1 201.058593632546
29 0.030043957769 0.232 1 204.058510080295
62 0.02988616666 0 1 206.058350611888
46 0.030131419916 0 1 213.058597551224
81 0.030388419915 0.288 1 213.058854587678
12 0.03015758082 0.088 1 214.058626937837
40 0.029906828743 0.16 1 215.058376555153
32 0.030189828742 0.5904 1 215.058659551653
41 0.030042729641 0.16 1 216.058512536839
96 0.029890732047 0.16 1 218.058367786834
15 0.030104316254 0.216 1 223.058573694765
74 0.030306030515 0 1 226.058775295679
73 0.030045917946 0 1 229.058515144805
3 0.030315917945 0.1904 1 229.05878504294
88 0.029926568382 0.47232 1 233.058391072206
17 0.03006903554 -0.072 1 238.058538384706
27 0.030231998882 0.763382 1 242.058702477281
29 0.030025793658 0.50848 1 243.058494248535
91 0.030295793657 0.16 1 243.05876428823
28 0.029969640245 0.2576 1 244.058441318216
75 0.030257080547 0 1 249.058725896352
10 0.030048290865 -0.2 1 251.058518079957
56 0.030030722508 0.16 1 252.058499424416
80 0.030235722507 0.47232 1 252.058704584104
55 0.030046451034 0 1 257.058516084034
84 0.029925937321 0 1 259.058394923081
31 0.029947162729 0.2576 1 261.058420848909
40 0.029914612138 0.16 1 262.058379505751
32 0.029957507452 0.5904 1 266.058434456469
9 0.030143530351 -0.2 1 269.058620663548
43 0.030083171556 0.16 1 272.058554395213
64 0.030179113596 0 1 276.058645758854
79 0.030017313266 0.288 1 278.058482904553
90 0.030134249653 0.288 1 286.058608934616
51 0.029944181939 0 1 288.05841052848
17 0.030160048142 -0.072 1 289.05862940991
82 0.030193021409 0 1 291.058665469371
14 0.030179137623 -0.04 1 295.058643568707
8 0.030036738539 -0.2 1 298.058501043302
50 0.029900292518 0.288 1 299.058365031773
84 0.029922907739 0.47232 1 302.058391958139
19 0.030309647632 -0.04 1 303.058777674451
83 0.030252232197 0 1 304.058725722077
92 0.030535232196 0.3904 1 304.059008849102
32 0.030156415717 0.606784 1 305.058625787622
58 0.029943262616 0.288 1 307.058416476921
52 0.029972361471 0.47232 1 308.058441484096
66 0.03016436147 0.16 1 308.058633664261
90 0.030447361469 0.288 1 308.058916654364
17 0.03027501313 -0.072 1 311.058744077223
70 0.029942119736 0 1 315.058416007267
42 0.029928746963 0 1 316.058393516035
76 0.030211746962 0 1 316.05867670175
14 0.030095932377 -0.04 1 317.058565011377
81 0.029907948074 0.288 1 322.058384506545
10 0.030098557145 -0.2 1 324.058572969998
82 0.030222092206 0.16 1 327.058691464563
98 0.029873176177 0 1 333.05834254845
28 0.029958949157 0.524864 1 339.058428318818
27 0.030310426626 0.865745 1 344.058786667603
74 0.030115201718 0 1 347.058591502143
35 0.030398201717 0.50848 1 347.058874523687
7 0.03010390648 0.088 1 354.058573139352
6 0.030308906479 -0.04 1 354.05877811143
75 0.030136529119 0 1 358.058609760466
98 0.029907999998 0.288 1 361.058380922062
3 0.030116379251 0.1904 1 368.058590158337
80 0.03037337925 0.590285 1 368.058847182205
8 0.030111653712 -0.2 1 369.058579100516
94 0.030166691914 0.288 1 373.058635457101
58 0.030118251935 0.288 1 376.058586869326
7 0.030336251934 0.337856 1 376.058804611159
81 0.030207795046 0.288 1 378.058679209725
84 0.029888753425 0.47232 1 379.058357124791
21 0.030132753424 0.307571 1 379.058601309658
52 0.029989810816 0.47232 1 382.058465941319
90 0.030246810815 0.288 1 382.058722944071
23 0.0300692237 0.307571 1 390.058542945149
36 0.030300223699 0.307571 1 390.058773941446
54 0.029918060025 0.16 1 394.0583854821
59 0.030152331046 0.16 1 396.058623673252
60 0.030163327876 0 1 397.058630923168
22 0.029978974522 0.147571 1 404.05844707034
75 0.030157147711 0.3904 1 405.05862268798
1 0.030071303679 0.088 1 412.058540644351
67 0.029963381207 0.16 1 416.058437142776
3 0.03013639392 0.1904 1 421.058605462286
77 0.030048892057 0 1 422.058522883206
13 0.030183497698 0.390285 1 423.058648208565
75 0.030116629611 0.3904 1 427.05858358272
78 0.029905174152 0.16 1 429.058380171892
32 0.029980549081 0.619891 1 430.058447504091
67 0.029980735906 0.3904 1 438.05845001261
84 0.02992561281 0.590285 1 448.058394981887
34 0.030179898775 0.147571 1 453.058653652748
89 0.03024742797 0 1 457.058719754186
1 0.029990721475 0.088 1 458.058460053478
40 0.029903950712 0.288 1 459.058376523173
47 0.03003272188 0.537856 1 460.058504831886
97 0.030263721879 0.288 1 460.058736008163
17 0.03012502486 -0.072 1 471.05859944087
68 0.029955124742 0.16 1 473.058420222165
96 0.030160124741 0.537856 1 473.058625225253
35 0.030143386879 0.685427 1 475.058609918888
1 0.030006440942 0.088 1 481.058482591196
14 0.030263440941 -0.04 1 481.058739650242
77 0.030086533742 0.288 1 482.058558910175
34 0.030330533741 0.318057 1 482.058803072768
51 0.029918538029 0.47232 1 483.058384469128
92 0.030011579753 0.3904 1 488.058484323079
72 0.03005851413 0.288 1 492.058532965555
7 0.030119674084 0.337856 1 493.058589017622
73 0.030061742389 0.16 1 504.058531102534
94 0.030140104033 0.47232 1 509.058609474447
24 0.030199838517 0.147571 1 514.058669189922
46 0.029934232419 0.16 1 524.058409143777
55 0.03004161795 0 1 529.058510973137
2 0.030259617949 0.088 1 529.058728995669
86 0.029998999998 0 1 532.058467193057
52 0.029925272071 0.47232 1 539.058394622938
97 0.03009468414 0.3904 1 541.05857010685
7 0.030364684139 0.492626 1 541.058839922041
88 0.029895712866 0.537856 1 542.058365055996
66 0.030073250868 0.16 1 544.05854840748
46 0.029879146963 0.16 1 546.058344107779
11 0.029945635555 0.088 1 550.058420750587
49 0.030176635554 0.288 1 550.058651789406
67 0.029953929764 0.3904 1 553.058427429532
94 0.030171929763 0.47232 1 553.058645408314
9 0.030086282832 -0.2 1 554.058555661854
90 0.030139564874 0.3904 1 559.058608904428
39 0.030167041948 0.454446 1 563.058636399996
60 0.030169587044 0.16 1 567.058643891758
21 0.030044053491 0.568925 1 583.058513418439
72 0.030128160168 0.288 1 587.058597900843
93 0.029989626818 0.16 1 592.05845899996
36 0.030103465149 0.326446 1 602.058572958149
68 0.029915172728 0.16 1 604.058384306815
5 0.029901879883 0.27232 1 605.058374544027
