38 0.029094185418 0 2 21.554959596062
6 0.028911938872 0 2 24.554777030424
46 0.028865882661 0 2 25.554731285622
57 0.029031908623 0 2 29.554897198825
85 0.029303002624 0 2 43.5551682324
61 0.02900747234 0 2 45.554875539461
15 0.029290472339 0 2 45.555158554929
45 0.029117604312 0 2 46.554983016183
63 0.028951229478 0 2 47.554811080984
95 0.029094443197 0 2 48.554955127407
25 0.029023665727 0 2 50.554883485033
62 0.028928078993 0 2 54.554794361836
39 0.029198078992 0 2 54.555064367717
71 0.029058405828 0 2 57.554924605854
49 0.02888803433 0 2 59.554755438015
69 0.029046219643 0 2 60.554912380394
8 0.028917310753 0 2 63.554783589379
79 0.029099152555 0 2 64.55496031964
60 0.029138346707 0 2 67.554999398937
15 0.029395346706 0 2 67.555256157468
26 0.029678346705 0 2 67.55553938502
95 0.029032342375 0 2 70.554902869137
65 0.028999461667 0 2 71.554864833552
53 0.029177790861 0 2 73.555048389555
24 0.029091907904 0.2 2 77.554957316455
29 0.029009262176 0 2 79.554879895695
49 0.028900296499 0.12 1 81.554768420019
87 0.02928209089 0 1 88.555142984784
96 0.029047030855 0 1 91.554909181674
3 0.029252030854 0 1 91.555114316454
75 0.029701300706 0 1 91.555563562891
27 0.029971300705 0 1 91.555833295986
17 0.028987004768 0 1 92.554854255221
61 0.029257004767 0 1 92.555124158267
35 0.029041997771 0 1 97.554902912703
69 0.029087140767 0.04 1 100.554951371956
70 0.028947719739 0 1 107.554807745818
4 0.028884591541 0.04 1 111.554752602304
0 0.028855259645 0 1 115.55471739466
80 0.029181465597 0 1 117.555049778208
16 0.028974190823 0 1 120.554835273962
79 0.029422962473 0.072 1 122.555282784032
93 0.029048848413 0 1 124.554918272552
18 0.029318848412 0 1 124.555188274015
24 0.029510848411 0.36 1 124.555380361648
58 0.028896016724 0 1 128.554766697533
86 0.028830606987 0 1 129.554691394785
13 0.029119665709 0 1 130.554977822402
97 0.029080877974 0.288 1 136.554946146823
50 0.029363877973 0 1 136.555229133095
0 0.028817989167 0 1 137.55468804433
17 0.029100989166 0 1 137.554971124972
80 0.029180643689 0.16 1 139.555049550264
16 0.028926930851 0 1 142.554795670608
45 0.02912042029 0.288 1 143.554982964409
54 0.028925848201 0.36 1 146.554788407856
48 0.029034869616 0 1 151.554903097087
44 0.029023999998 0.04 1 153.554887916061
88 0.029116940615 0 1 158.554982765348
38 0.028927995395 0 1 161.554793800141
6 0.028890450428 0 1 162.554754189046
51 0.02900839052 0 1 164.554868775302
20 0.029073392423 0 1 167.554933636152
57 0.029291392422 0 1 167.555151521498
33 0.029548392421 0 1 167.555408523035
99 0.028934644625 0.04 1 171.554805147619
66 0.029130641893 0.16 1 174.555001106187
93 0.028941777089 0 2 181.554808404755
38 0.028941081221 0.3904 2 183.554806177375
68 0.028836907031 0 2 187.554704382131
20 0.028888884351 0.3904 2 189.55475419568
57 0.02910688435 0 2 189.55497215028
99 0.029162722344 0.2576 2 193.555032000367
67 0.028892026631 0 2 194.554757291426
30 0.02914902663 0.16 2 194.555014265766
69 0.029060027984 0.4624 2 195.5549254268
64 0.029036796553 0.232 2 199.554906287736
29 0.028988509451 -0.072 2 203.554853909877
62 0.028943458121 0 2 205.554805569833
46 0.028921168856 0 2 208.554783267186
81 0.028918974197 0 2 209.554784361631
32 0.028974060587 0 2 210.554837251725
40 0.029185937872 0.288 2 211.555048120002
12 0.02909481885 0.288 1 213.554958496724
41 0.028902806427 0 1 215.554767834224
96 0.028906999998 0 1 217.554771565916
15 0.029085824716 0.288 1 223.554950140539
74 0.029265193132 0.0976 1 226.555129362045
73 0.028868869838 0.16 1 229.554732967302
3 0.029099869837 0.288 1 229.55496386819
88 0.02913154912 0 1 232.554995811152
17 0.029041017112 0 1 237.554909156731
29 0.029074979692 -0.04 1 241.554940292971
27 0.028897498569 0.288 1 244.554756072059
91 0.029140700226 0.16 1 246.555001292982
75 0.02912571416 0 1 247.554991781038
10 0.029061430019 0 1 248.554926841832
28 0.028919873581 0 1 249.554783267941
56 0.02915087358 0.288 1 249.555014361141
80 0.02909283773 0.16 1 250.554958786316
55 0.029137793185 0.16 1 256.55500371877
84 0.028924280356 0.0976 1 258.554790805469
31 0.028996706538 0.16 1 259.554862643565
40 0.029156205128 0.288 1 262.55502212467
32 0.029010220021 0 1 265.554876236701
9 0.029116938309 -0.2 1 269.554975990369
43 0.029092437463 0.16 1 272.554951399685
64 0.028988850053 0.3856 1 276.554854233074
79 0.029044505455 0.0976 1 277.554908341822
90 0.028825999999 0 1 285.554691409252
51 0.029052897132 0.288 1 288.554918277309
17 0.02903966719 0 1 289.554909091719
82 0.029080209551 0 1 291.554945593838
14 0.029062806924 0.0976 1 295.554921001168
8 0.028899924148 0.16 1 297.554770608089
19 0.029043696786 -0.04 1 299.554906329639
50 0.029248696785 0.16 1 299.555111316793
83 0.029061905672 0 1 300.554932441346
84 0.028933132447 0.11808 1 301.554800817702
55 0.029177132446 0.537856 1 301.555045109499
58 0.028863922263 0.288 1 302.554734762714
52 0.029120922262 0 1 302.554991753591
92 0.028947984508 0 1 303.554814688107
32 0.029018260975 0 1 305.554889200131
66 0.029147627915 0.16 1 306.555014167727
90 0.028856190987 0 1 307.554717302756
70 0.028888947482 0 1 309.554755739898
42 0.028890299058 0.16 1 310.554751663481
17 0.029012317286 0 1 311.554882541275
76 0.029000474848 0 1 314.554870825085
14 0.029076462809 0.147571 1 317.554946488948
19 0.029066842105 -0.04 1 321.554926141513
81 0.028879971712 0.288 1 322.554745356661
10 0.028960880623 0 1 324.554820348681
82 0.029138090907 0 1 327.554997588796
98 0.029038863809 0 1 333.554898430021
28 0.028939369508 0 1 339.554799196813
27 0.028985956835 0.3904 1 341.554850084825
74 0.028934423071 0.134464 1 342.554799806966
35 0.029068845503 0 1 343.554928902411
6 0.028953569788 0 1 350.55481921134
7 0.029045458037 0 1 351.554910225099
75 0.029149635312 0.16 1 358.555010764603
98 0.029062999998 0 2 361.554923877057
3 0.028967625726 0.47232 2 366.554828657631
80 0.029198625725 0.288 2 366.555059681897
8 0.028922587192 0.288 2 369.554783574951
6 0.028887551554 0.16 2 372.554754238288
7 0.029377624829 0 2 375.555242119888
81 0.029302670812 0.590285 2 377.555162152688
58 0.029069912062 0.47232 2 378.554934418184
94 0.029313912061 0.11808 2 378.555178316169
21 0.028869779538 0 2 380.554729217979
84 0.029087779537 0.134464 2 380.554947046365
52 0.02905612018 0 2 381.554916782386
90 0.028825999999 0 2 382.55469136883
36 0.02895292668 0 2 387.55482202774
23 0.029183926679 0 2 387.5550530335
54 0.028948627829 0.422464 2 394.55481443143
59 0.028899526325 0.147571 2 396.554760726159
60 0.028847528595 0 2 397.554717367007
22 0.028850729805 0 2 403.554717396534
75 0.029112186041 0.16 2 404.554971782321
1 0.028891475978 0.16 2 411.554753432052
67 0.02895267631 0 2 415.554812195425
77 0.028968470525 0 2 421.554833869852
3 0.029238470524 0.537856 2 421.555103588936
13 0.02907783278 0 2 423.554938815938
75 0.029123548194 0.16 2 426.554984587479
78 0.029075999998 0.16 2 429.554938014385
32 0.028945815897 0 2 430.554811194287
67 0.028968463573 0 2 437.554837976079
84 0.028925395482 0.307571 2 448.554790773955
34 0.028947541099 0.147571 2 454.554812865523
89 0.02894767572 0.134464 2 455.554812985375
47 0.029165675719 0.16 2 455.555030976951
1 0.028888735908 0.288 2 457.55475412258
97 0.029132735907 0.3904 2 457.55499813459
40 0.02915735395 0.288 2 459.555022140348
17 0.029047266528 0 2 471.554912640901
68 0.028897624185 0 2 472.55475620652
96 0.029141624184 0.3904 2 472.555000210207
35 0.029115553206 0.3904 2 474.554980947621
14 0.029008917602 0.158057 2 479.55486906866
1 0.029070589686 0.288 2 481.554929379792
34 0.029353589685 0.166446 2 481.555212448129
77 0.029610589684 0 2 481.555469286461
51 0.029045014021 0.47232 2 482.554905308541
92 0.028941756539 0.16 2 488.554801677727
7 0.029029104075 0 2 496.554894325287
72 0.029273104074 0.3904 2 496.55513831038
73 0.028932176273 0.3904 2 504.554800967253
94 0.029023999998 0.147571 2 509.554883834321
24 0.029091905353 0.422464 2 513.554957311353
46 0.028897493526 0 2 524.554757249586
55 0.029114650681 0.590285 2 528.554977749092
2 0.029087165649 0 2 529.554952552812
86 0.028899848946 0 2 532.554765234933
52 0.029012365533 0 2 538.554877771096
97 0.029138109425 0.3904 2 540.555001136635
88 0.029304415845 0.16 2 543.555167480248
7 0.029058041907 0.288 2 545.554920285278
66 0.029263041906 0.16 2 545.555125488792
11 0.029144513465 0 2 547.555004492326
49 0.028867727418 0.088 2 548.554730388809
94 0.029018466537 0.318057 2 552.554883858425
67 0.028983561728 0 2 553.554851138757
9 0.02910322291 -0.04 2 554.554962988429
90 0.028838999999 0.16 2 558.554704394267
97 0.029042811373 0.3904 2 562.554909769309
39 0.029103780245 -0.2 2 563.554963340982
60 0.028934530853 0.16 2 566.55479424133
21 0.028866853607 0.16 1 583.55473222802
72 0.029131654651 0.3904 1 586.554997052054
93 0.028969605159 0 1 592.554834987837
36 0.028953979084 0.288 1 601.554819378482
68 0.028887617405 0.3904 1 604.55474615782
5 0.028906999998 0 1 605.55477732538
