6 0.0457855456 0 2 21.459393533802
5 0.046068545599 0 2 21.459676582324
38 0.045885040846 0 2 22.459493193205
46 0.045871999998 0 2 25.459482270001
57 0.045897999998 0 2 29.459505816886
61 0.045810630225 0 2 41.459418369623
15 0.046054630224 0 2 41.459662383762
85 0.04575006789 0 2 43.459360016572
45 0.045860139808 0 2 47.459468511392
63 0.046104139807 0 2 47.459712512448
95 0.045741105754 0 2 48.459347012054
25 0.045843461534 0 2 50.459457249085
39 0.046092292159 0 2 57.459696801233
71 0.046122771949 -0.04 2 59.459730855319
62 0.046081792969 0 2 60.459686207907
49 0.046069625012 0 2 63.459674230988
15 0.046352625011 0 2 63.45995710059
69 0.046007819836 0 2 64.459615806936
79 0.045754164208 0 2 66.459369043063
8 0.045998164207 0 2 66.459613010813
95 0.045785027068 -0.04 2 70.459392905677
60 0.046029027067 0 2 70.459637081096
26 0.046234027066 0 2 70.459842067455
65 0.046073421102 0 2 71.459681540138
53 0.045961786531 0 2 73.459569940589
24 0.045872211152 0 1 78.459474561362
29 0.045843128495 0 1 79.459445675003
61 0.045762792252 0.04 1 88.459378074961
27 0.045993792251 0 1 88.459608946
87 0.04621179225 -0.04 1 88.459826959229
96 0.045818270685 0 1 89.4594262851
17 0.045806454744 0 1 90.459420182761
75 0.045979617276 0 1 91.45959493895
3 0.045963326077 0 1 92.459571466227
35 0.045907517896 0 1 97.459510026839
70 0.046029293695 -0.04 1 108.45963717678
4 0.045951431184 0 1 111.459554715815
0 0.04581895003 0 1 115.459430803093
80 0.045854675253 0 1 117.459467590796
16 0.045913937814 0 1 120.459526032023
79 0.045838880037 -0.04 1 121.459446859186
3 0.045973085127 0.16 1 123.459578744962
18 0.046032675759 0 1 125.459640739339
93 0.045817491048 0 1 126.459422840385
24 0.046035491047 0 1 126.459640928097
58 0.045948583821 0 1 128.459556766634
86 0.045936304474 -0.04 1 129.459547960531
13 0.045806453584 0 1 130.459408816186
97 0.045762670793 0 1 132.459374161366
50 0.045993670792 0 1 132.45960514889
17 0.045734484083 0 1 139.459349704424
0 0.045978484082 0.16 1 139.459593794349
80 0.046222484081 0.088 1 139.459837664875
16 0.045910294238 0.16 1 142.459512414057
45 0.04589121989 0 1 143.459497132126
54 0.045863851306 0 1 146.459469877294
48 0.045809313038 0 1 151.459417493235
44 0.046059170992 0 1 153.45966956112
88 0.045896207603 -0.072 1 158.459504377643
57 0.046285425919 0 1 164.459893446213
6 0.045808239464 0 1 167.459415895149
38 0.046221239463 0 1 167.459828880434
33 0.046478239462 0 1 167.460085992152
20 0.045778309826 0 1 169.459391184525
51 0.046009309825 0 1 169.459622057638
99 0.045900241546 -0.072 1 171.459510704684
66 0.046051687861 0.04 1 174.459657073122
93 0.045759956933 -0.04 1 181.45937287054
57 0.04595218876 0.16 1 186.459557495622
68 0.045861322874 0.072 1 187.459469492017
38 0.045910734084 0 1 189.459518579681
99 0.045899652432 -0.072 1 193.459507542337
30 0.045907561611 0 1 194.459515587553
67 0.04617756161 0.04 1 194.459785613285
69 0.045936999998 0.232 1 195.459546462632
64 0.04581031592 0.072 1 200.459418467942
29 0.045876501671 0 1 203.459484689101
62 0.045843167766 0.072 1 205.459451348395
46 0.045832999998 0 1 208.459443251511
81 0.045939654831 -0.2 1 209.459547829252
32 0.045819582919 0 1 210.459428790328
40 0.045751999999 0 1 212.45936010952
12 0.045802114332 0.288 1 214.459412080251
41 0.045777999999 0 1 215.459386189949
96 0.045750253843 -0.2 1 217.45936018063
15 0.046204673861 0 1 225.459815889642
73 0.045776880412 -0.04 1 226.459386787426
3 0.046033880411 0.16 1 226.459643678794
74 0.04623888041 -0.2 1 226.459848691584
88 0.045907316105 -0.072 1 232.459517423519
17 0.045733297479 0 1 237.459347190901
91 0.046120948639 -0.2 1 241.459729089196
29 0.045792456662 0 1 242.459400512245
27 0.046049456661 0.16 1 242.459657525665
28 0.045952372089 0.16 1 244.459560538007
56 0.045733343209 0.288 1 246.459347176649
75 0.045934761163 -0.072 1 247.459542930468
10 0.045733488557 0 1 249.459347153566
80 0.045859425917 -0.04 1 250.459467598908
55 0.045934414809 0 1 256.459542596544
84 0.045862244334 -0.2 1 258.459475926056
31 0.046023632438 0 1 259.459631821839
40 0.045764999999 0 1 263.459373112137
32 0.045794588733 0 1 265.45940277535
9 0.045800862158 0 1 269.459409038536
43 0.046000059568 0 1 272.459608226542
64 0.045751999999 0.40608 1 276.459360169999
79 0.045843838317 -0.04 1 277.459449864315
90 0.045893308446 -0.2 1 286.459499267023
51 0.045933313594 0 1 288.459547507587
17 0.045772894595 0 1 289.459386158353
82 0.045938985507 -0.2 1 291.459553056902
14 0.045746772034 0 1 295.459360154177
8 0.045845198805 0 1 297.459459226817
50 0.046284589056 0.16 1 301.459899112842
84 0.045825563838 -0.2 1 302.459431278984
83 0.046303563837 -0.04 1 302.459909505561
58 0.046081159946 0 1 303.459695202236
92 0.046273159945 -0.04 1 303.459887220158
52 0.046071317544 0 1 305.459684563192
66 0.046109604154 0.0976 1 306.459723794834
32 0.045857757712 0 1 307.459464750999
19 0.046075757711 0 1 307.459682536496
90 0.045938190449 -0.2 1 308.459551215291
70 0.046022933491 -0.2 1 309.459637260994
42 0.04585295764 0 1 310.459460042206
17 0.045747154394 0.16 1 311.459359878648
76 0.045920714298 0.088 1 314.459533871131
14 0.045793068083 0.16 1 317.459406066493
81 0.045901616068 -0.2 1 322.459508824392
10 0.045814419779 0.16 1 324.459422573924
82 0.04595788312 -0.2 1 327.459566051928
98 0.046088162858 -0.04 1 333.459696331693
28 0.045923999998 0.3904 1 339.459534538309
27 0.045909564713 0.288 1 341.459517741768
74 0.045931884394 -0.2 1 342.459545942806
35 0.045857430055 0 1 343.459471016489
6 0.045867978956 0.16 1 350.459476159728
7 0.046035285608 0 1 351.459648775108
75 0.045931170101 -0.2 1 358.459542929752
98 0.045993198042 -0.04 1 361.459604763561
3 0.046145858137 0.288 1 365.459753999615
80 0.045807373697 0.088 1 366.459415494468
8 0.045903018769 0.16 1 369.459511193649
6 0.045802983417 0.16 1 372.45941116865
7 0.046111786415 0 1 373.459719680039
58 0.045927031699 0.16 1 378.459599090994
84 0.046008440493 -0.2 1 379.45961636521
81 0.046265440492 -0.2 1 379.459873355017
21 0.045798843085 0 1 380.459406905465
94 0.046016843084 -0.2 1 380.459624716384
23 0.045712772508 0.16 1 386.459320901197
90 0.046073772507 -0.2 1 386.459681750664
52 0.045738794029 0.288 1 387.459437812992
36 0.045995794028 0 1 387.459694953802
54 0.045848729342 0 1 394.45945690092
59 0.045733078201 0.16 1 396.459432256627
60 0.046044053265 0.307571 1 397.459652207295
22 0.045974444492 0 1 403.45958262806
75 0.045999769718 -0.2 1 404.459607947578
1 0.045974213639 0 1 411.459582395846
67 0.045944883078 0.158057 1 415.459553066398
3 0.045934732446 0.288 1 421.459542629619
77 0.046204732445 0.088 1 421.459812918786
13 0.045839652887 0 1 423.459447809908
75 0.045973663335 -0.2 1 426.459581734812
78 0.046051310978 -0.2 1 429.459659484295
32 0.045849301412 0.288 1 430.459454732848
67 0.045983764512 0.158057 1 437.459591829266
84 0.045828729052 -0.2 1 448.459436894554
89 0.045764926114 0.088 1 453.459373112237
47 0.045881836255 0.16 1 455.45948992445
34 0.046138836254 0 1 455.459746902949
97 0.045772685695 0.1904 1 458.459380826357
1 0.046016685694 0.16 1 458.459624814231
40 0.045811908366 0.16 1 459.459420073131
96 0.045757317014 -0.04 1 468.459365486375
68 0.045949317013 0.147571 1 468.459557480296
17 0.045777999999 0.16 1 471.459386161349
35 0.04584988036 0.288 1 474.459458061819
14 0.045764989002 0.288 1 479.459373187922
1 0.04596485962 0.3904 1 481.45957651502
77 0.046221859619 0.27232 1 481.459833421796
34 0.046465859618 0 1 481.460077583259
51 0.045950623453 0.16 1 482.459560538847
92 0.045936999998 -0.04 1 488.459539615416
96 0.045846278372 -0.04 1 490.45945236606
72 0.045883377867 -0.2 1 495.459492535323
7 0.046166377866 0.288 1 495.459775549797
73 0.045804506147 -0.04 1 505.459412617617
94 0.045824938502 -0.2 1 509.459427407103
24 0.045750391168 0 1 513.459461646334
46 0.045926061934 0.16 1 524.459534233855
55 0.046114943862 0.16 1 532.459719036915
2 0.045851155967 0 1 533.45945915171
86 0.046108155966 -0.2 1 533.459716283794
52 0.045843851636 0.288 1 538.459453792252
97 0.045731491638 0.1904 2 540.459334186731
88 0.045843551674 -0.2 2 541.459453594325
7 0.046100551673 0.3904 2 541.459710371861
66 0.046054311784 0.630377 2 543.459657124196
46 0.045905318258 0.16 1 546.459508270289
11 0.045894394456 0 1 547.459504702339
49 0.045930755664 0 1 548.459538931478
94 0.045713211999 -0.2 1 552.459427431159
67 0.045983854753 0.158057 1 553.459592009748
9 0.045738999999 0.3904 1 554.459347175412
90 0.045786931797 -0.2 1 558.459499327141
97 0.045777999999 0.1904 1 562.459385994214
39 0.045887566953 0.3904 1 563.45949572149
60 0.046005082834 0.563556 1 566.459613266433
21 0.045777999999 0.47232 1 583.459386161415
72 0.045977268067 -0.2 1 586.459585452506
93 0.045751999999 -0.04 1 592.459360169672
36 0.046003058002 0.3904 1 601.459611244415
68 0.045835320027 0.173156 1 604.459443486323
5 0.045949999998 0 1 605.459562861347
