38 0.019285901369 0 2 21.857944966796
46 0.019271080772 0 2 25.857929479804
6 0.019528080771 0 2 25.858186164026
57 0.019364999998 0 2 28.858024954365
61 0.019406426351 0 2 40.858058794863
15 0.019348823284 0 2 41.858001181603
85 0.019247999998 0 2 42.857897222851
63 0.019262507068 0 2 47.857914368294
45 0.019467507067 0 2 47.858119367372
95 0.019211362993 0 2 48.857860353165
25 0.019240992479 0 2 50.857892760001
62 0.019377724682 0 2 53.858029389515
39 0.019253994085 0 2 54.857909377013
71 0.019437183779 0 2 57.858085432574
61 0.019462872021 0 2 62.858112474941
79 0.019339706384 0 2 64.858067730396
49 0.019609706383 -0.04 2 64.858337529371
15 0.019879706382 0 2 64.858607469132
69 0.019212075539 0 2 65.857861783444
8 0.019456075538 -0.04 2 65.858105914478
95 0.019153221251 0 1 70.857919829753
26 0.01942322125 0 1 70.858189974517
60 0.019321024772 0 1 71.857970283662
65 0.019604024771 0 1 71.858253431873
53 0.019355043971 0 1 72.858009405809
24 0.019315990442 0 1 77.857972638006
29 0.019305188277 0 1 79.858044718896
27 0.019300477236 0 1 84.857948744891
87 0.019320694098 0 1 85.85797072234
96 0.019368242959 0 1 88.858017953754
17 0.019475808392 0 1 90.858132577904
75 0.019258990364 0 1 91.857908914182
3 0.019450654324 -0.04 1 92.858102995801
35 0.019221072507 0 1 96.857872986554
70 0.019440976769 0 1 107.858093361901
4 0.019226866875 -0.04 1 110.857887683841
0 0.019321789853 0 1 115.857972546463
80 0.019258175845 0 1 117.857917620306
16 0.0193041822 0 1 120.857963505068
69 0.019212555844 -0.072 1 121.85786897969
79 0.019563911304 0.072 1 122.858215979834
3 0.019755911303 -0.072 1 122.858408223865
18 0.019521261685 -0.072 1 124.858177853638
24 0.019329095965 -0.04 1 126.85798274767
93 0.019560095964 0 1 126.858213660392
58 0.019426787067 -0.04 1 128.858080258901
86 0.019242186465 0 1 130.857898603643
13 0.019486186464 0.216 1 130.858142627571
50 0.019416508631 0 1 131.858066742173
97 0.019220060853 0 1 132.857873288383
0 0.019258195917 0 1 137.857911520721
17 0.019541195916 0 1 137.858194574407
80 0.019329284714 0.3904 1 140.857982535448
16 0.019254027981 0 1 142.857910947196
45 0.019315444782 0 1 143.857968824252
54 0.019454577469 -0.072 1 145.858105603854
48 0.019361427542 -0.04 1 152.858016911706
44 0.019644427541 -0.04 1 152.858299989077
88 0.01946514866 0 1 158.858120904157
38 0.019269451464 -0.04 1 161.857921835448
6 0.019492165639 0 1 162.858146676143
51 0.01936832183 0 1 163.85802071522
20 0.020108330334 0 1 166.858758995402
57 0.020742330333 0.16 1 166.859392880208
33 0.019352215071 -0.072 1 167.858011246124
99 0.019405205318 0.072 1 171.858063903067
66 0.019472800245 0 1 173.858131776876
93 0.019331086032 0.488 1 181.857984639034
38 0.019227985587 -0.072 1 183.857882239782
68 0.01937630325 -0.072 1 187.858030599126
20 0.020034343276 0.16 1 188.858693462285
57 0.021607177165 0.16 1 188.86026625092
30 0.01941243996 0 1 190.858067228201
67 0.019267399985 0 1 191.857919774981
99 0.019411277619 0.0976 1 193.858063376937
69 0.019182357179 -0.072 1 195.85784207727
64 0.019182999998 -0.072 1 200.857836495551
29 0.01948233555 -0.072 1 203.858135733206
62 0.019357997222 0.16 1 205.858016336663
46 0.019235169757 0 1 208.857893380746
81 0.019444263179 0 1 209.858097511115
12 0.019508602375 0.16 1 213.858156602274
32 0.019254957907 0 1 214.857909200339
40 0.019498957906 0 1 214.858153204032
41 0.019240854974 0.16 1 215.857899255088
96 0.019363785522 0.16 1 217.858017920762
3 0.019678425102 -0.2 1 224.858336717149
74 0.019579483243 -0.2 1 225.858227406908
73 0.019249975789 -0.072 1 226.857910042554
15 0.019454975788 0 1 226.85811492542
88 0.019436766625 0.072 1 233.858094859403
17 0.019467879433 0 1 237.85811960596
29 0.019499951366 -0.2 1 241.858154091761
28 0.019560226744 -0.2 1 243.858218948173
91 0.019319137094 0.16 1 244.857974815308
27 0.019589137093 0 1 244.85824478559
56 0.01925758924 0 1 246.857916348094
75 0.019176466411 0 1 248.857827966038
10 0.01938146641 0 1 248.858033040532
80 0.019301193845 0.3904 1 250.857956628452
55 0.01918210497 0 1 256.857834856119
84 0.019421118915 0.2576 1 258.858072799035
31 0.019448425816 0.16 1 260.858102378073
40 0.019309305439 0 1 261.857961140164
32 0.019257724926 0 1 265.857912108014
9 0.019415346979 -0.2 1 269.85806685361
43 0.019367727593 0.088 1 271.858022446187
64 0.019246563568 -0.2 1 276.857901531735
79 0.019374824529 0.0976 1 277.858035417588
90 0.019410248874 0.3904 1 285.85806006132
51 0.019295063341 0.3904 1 287.857955732154
17 0.019398953174 0 1 288.85805463105
82 0.019507999998 0.288 1 291.858165566029
14 0.01937324574 -0.2 1 294.858023125666
8 0.01934263782 -0.2 1 297.857992113319
50 0.019386760521 0 1 298.858040755153
19 0.019304622784 -0.2 1 299.857957087842
83 0.019167439317 0.0976 1 300.857827069685
55 0.019224348208 0 1 301.857883925838
84 0.019468348207 0.40608 1 301.858127610949
92 0.019263921587 0 1 302.857924297315
32 0.019269735731 0.16 1 305.857922075124
58 0.019693805656 -0.04 1 306.858345378364
90 0.019601014643 0.47232 1 307.858254506057
66 0.019385821623 0 1 308.858037808751
52 0.019616821622 0 1 308.858268632338
70 0.019441642054 0.16 1 309.858093355801
42 0.019312823918 0 1 310.857966361816
17 0.019530823917 0.16 1 310.858184085941
76 0.019285779079 0 1 314.857944112455
14 0.019326773195 -0.2 1 316.857983550226
19 0.01936576167 -0.2 1 321.858021689244
81 0.019465335516 0.288 1 322.858123505979
10 0.019368941556 0 1 324.858025168049
82 0.019481490452 0.288 1 327.858139560945
98 0.019403808043 0.27808 1 333.858056933899
28 0.019422597356 -0.2 1 338.858081806952
27 0.019264181147 0 1 341.857922687609
35 0.019240984647 0.3904 1 342.857892468239
74 0.019510984646 -0.2 1 342.858162435253
7 0.019467776788 0 1 353.858126475562
6 0.019724776787 0 1 353.858383447551
75 0.019201172417 0 1 358.857856904926
98 0.019392926536 0.307571 1 361.858043427389
74 0.01936728478 -0.2 1 364.858025969099
3 0.019637284779 -0.2 1 364.858295984503
35 0.019238879037 0.47232 1 365.857898955412
80 0.019297522271 0.537856 1 366.857956524008
8 0.019314481232 -0.2 1 369.857966080103
94 0.019331245489 0.11808 1 372.857982124109
7 0.01965832417 0 1 375.858314022846
81 0.019941324169 0.288 1 375.858597197751
21 0.019662548046 0.16 1 377.858311399285
84 0.01946403305 0.422464 1 378.858121852435
58 0.019708033049 -0.04 1 378.858365930759
52 0.01963925476 0 1 384.858296166573
23 0.019210363479 0.088 1 385.857860379258
36 0.019404003422 0 1 387.858061936863
90 0.019622003421 0.537856 1 387.858279796456
54 0.019432500473 -0.2 1 394.858092537496
59 0.019388312585 0.088 1 395.858037395469
60 0.019392959043 0 1 396.858051104676
22 0.019419993557 0 1 403.858072366487
75 0.019189846141 0.16 1 404.857843922506
1 0.019483084099 0 1 411.858139745874
67 0.019254397791 0.288 1 415.857906770593
3 0.019483133935 -0.2 2 421.85813918646
77 0.019675133934 0 2 421.858331442405
13 0.01950123883 0.088 2 422.85815871096
75 0.019232344184 0.16 2 426.85788278138
32 0.019227849794 0.16 1 430.857883873944
78 0.019432849793 0.147571 1 430.858088837124
67 0.019307883919 0.288 1 437.857958604797
84 0.019485457806 0.435571 1 447.858137858029
34 0.019240531317 -0.2 1 452.857892922523
89 0.019312999998 0.307571 1 456.857966564691
47 0.019595999997 0 1 456.858249555711
97 0.019228487836 0 1 457.857879740726
1 0.019485487835 0 1 457.858136728661
40 0.019303435915 0 1 458.857961155528
68 0.019438154907 -0.2 1 467.858095677608
96 0.019427602815 0.16 1 468.85808289815
17 0.019410131495 0.288 1 470.858067637206
35 0.019289956019 0.47232 1 474.857937931142
14 0.019305680701 -0.2 1 480.85795801329
34 0.019227737979 -0.04 1 481.857887074349
77 0.019484737978 0.16 1 481.858143912074
1 0.019702737977 0 1 481.858362005707
51 0.019388953556 0.47232 1 482.858046672856
92 0.019230006161 0 1 487.857881859141
72 0.019200964931 0 1 492.857856327668
7 0.01947096493 0 1 492.8581263414
73 0.019322930625 -0.2 1 503.857983201362
94 0.019377151663 0.134464 1 508.858034141453
24 0.019355733023 -0.2 1 513.85801163294
46 0.019254001708 0.288 1 524.857906363152
55 0.019175579034 0 1 528.857834886155
2 0.019337149234 0 1 529.857990395864
86 0.019226700935 0 1 532.857879569748
52 0.019461653674 0.288 1 538.85811431106
97 0.019163985836 0.16 1 540.857821315139
88 0.019445020584 0.454446 1 542.858105075064
7 0.019650020583 0 1 542.858309879282
66 0.019466854512 0 1 543.858118737686
11 0.019392658856 0.16 1 547.858041111623
49 0.019225206473 -0.2 1 548.857879766833
9 0.019610962088 -0.2 1 554.858265430715
67 0.019257635864 0.288 1 556.857916850032
94 0.019488635863 0.158057 1 556.858147831669
90 0.019380901704 0.590285 1 558.858034031208
60 0.019529550548 0.16 1 566.858179576549
39 0.019266396986 -0.2 1 567.857921997289
21 0.019400340041 0.288 1 582.858053472372
72 0.019273999998 0.16 1 586.857934400811
93 0.019416028432 0.556846 1 592.858076175366
36 0.0193396995 0 1 601.857999873603
68 0.019417282764 -0.2 1 603.858069683628
5 0.019488693879 0.16 1 605.858141890239
