6 0.014215190745 0 2 22.154808798693
5 0.014407190744 0 2 22.155000907002
38 0.014612190743 0 2 22.155206005562
46 0.014337152467 0 2 26.154923895297
57 0.014201118175 0 2 29.154787715921
15 0.014437384925 0 2 43.155021213579
85 0.014206999997 0 2 45.154799895019
61 0.014476999996 0 2 45.155069939562
45 0.01449811075 0 2 48.155090788333
95 0.01420948224 0 2 50.154803623902
63 0.014492482239 0 2 50.155086716482
25 0.014228609653 0 2 51.154821377298
39 0.014084178221 0 2 54.154677174356
62 0.01435417822 0 2 54.154947168442
71 0.01426484593 0 2 57.154855909101
49 0.014519458109 0 2 60.155113013211
69 0.014268999998 0 2 63.154862932237
15 0.01457990746 0 2 65.155167826083
79 0.014287660157 0 2 66.154881536061
8 0.014557660156 0 2 66.155151503698
26 0.014262571029 0 2 70.154846939822
60 0.014506571028 0 2 70.155090953509
65 0.014384296206 0 2 71.154972102251
95 0.014256829795 0.04 2 72.154845001892
53 0.014182295434 0 2 73.154766954238
24 0.014225284302 0 2 78.154813633072
29 0.014195898647 0 2 79.154786742057
87 0.014165187034 0 2 85.154758213228
61 0.01465416107 0 2 91.155244997126
27 0.014584330967 0 2 92.155171897713
96 0.014144098028 0.2 2 94.154732224399
3 0.014355228534 0 2 95.154942986413
17 0.014638228533 0 2 95.155225922601
75 0.014895228532 0 2 95.15548296398
35 0.014247380676 0 2 97.15483008409
70 0.014158718478 0 2 111.154743069154
4 0.014406404547 0 2 112.154990126596
0 0.014173513 0 2 116.154764479812
80 0.014403049498 0 2 117.15499701234
16 0.014648216626 0 2 120.155242306606
79 0.014499237228 0 2 121.155081088916
18 0.014229513565 0 2 124.154817329637
93 0.014133311593 0 2 125.154722543956
24 0.014403311592 0 2 125.154992632687
13 0.01447835478 0.16 2 131.155067573802
58 0.014613536866 0.3904 2 133.155198432896
86 0.014450078052 0.04 1 134.155031955486
50 0.014315221176 0 1 137.15490395586
97 0.014572221175 0.54432 1 137.155160969951
0 0.014439622282 0.16 1 139.155034229569
17 0.014709622281 0 1 139.155304166503
80 0.01495362228 0.4624 1 139.155548100402
16 0.014244441356 0 1 142.154834641864
45 0.014295318378 0.16 1 143.154883996689
54 0.014267266429 0 1 146.1548564408
48 0.01436902878 0 1 151.154955100525
44 0.014138485843 0 1 156.154725539109
88 0.014178732684 0.04 1 158.154767709135
6 0.014559348275 0 1 165.155146469156
38 0.014594316704 0 1 167.15518511312
33 0.014319178807 0 1 168.154913439873
57 0.014524178806 0 1 168.15511843835
51 0.014121853544 0 1 170.154706856191
20 0.014404853543 0 1 170.154989978892
99 0.014333553891 0.072 1 172.154917092002
66 0.014789523173 0 1 174.155379752285
93 0.014131213843 0.3184 1 181.154714843016
68 0.014088991247 0 1 188.154679769746
38 0.014278207849 0.47232 1 189.154868290844
57 0.014210591102 0 1 191.154801398803
30 0.014428591101 0 1 191.155019451189
67 0.014353049754 0 1 192.15494311298
99 0.014314173942 0.0976 1 194.15490361489
69 0.014503844101 0.3904 1 201.155086186498
64 0.014240764379 0.288 1 202.154832018385
29 0.014154622156 0.16 1 206.154744655434
62 0.014398622155 0 1 206.154988737868
46 0.01427609765 0 1 208.154858967217
81 0.014102312317 0.072 1 210.15468443501
12 0.014414028132 0.16 1 214.155003707737
32 0.014161811209 0 1 215.154745920401
40 0.014444811208 0 1 215.155028923774
96 0.014173155629 0.232 1 217.15476278501
41 0.014385529546 0 1 219.154970525706
74 0.0144634911 0 1 227.155046937081
73 0.014733491099 0 1 227.155317032013
3 0.014254380955 0 1 228.154841429418
15 0.014537380954 0 1 228.155124419672
88 0.014183958447 0.0976 1 233.154767664659
17 0.014313080726 0 1 239.154906843708
91 0.014411704125 -0.2 1 243.155004867555
27 0.01535334615 0.16 1 244.155935962433
56 0.01439200616 0 1 246.154979119824
29 0.014195406139 0.16 1 247.15478375055
28 0.014387363472 0 1 251.154981822543
10 0.014657363471 0 1 251.15525201327
75 0.014249641657 0 1 252.15484070551
80 0.014441641656 0.488 1 252.155032841289
55 0.01440707033 0 1 257.15498908044
31 0.01451717767 0 1 260.155109369586
84 0.01523985336 0.2576 1 260.155831992643
32 0.014118964484 0 1 266.154706854181
40 0.014388964483 0.537856 1 266.154976693171
9 0.014219067129 0.16 1 270.154807646581
43 0.01435632282 0.47232 1 272.154948497817
64 0.014315995057 0.288 1 276.154910234345
79 0.014301236088 0 1 277.154884338582
51 0.01428830195 0.288 1 290.154880294389
90 0.014493301949 -0.2 1 290.155085192416
17 0.014698301948 0 1 290.155290330607
82 0.014334257883 0.0976 1 291.154917219068
14 0.014212929898 0.16 1 295.154796301931
8 0.014444393107 0 1 298.155027940489
84 0.01494196934 0.524864 2 301.155526748489
19 0.015278646311 0 2 302.155870738126
92 0.014937539003 -0.2 2 303.155523059722
50 0.018926069956 0.288 2 305.159516720477
32 0.015566981624 0.288 2 307.156149171884
58 0.016374367041 0.47232 2 307.156956451103
83 0.01744736704 0.524864 2 307.158029355581
66 0.020088360863 0.16 2 309.160673836036
52 0.014143030528 0.16 2 310.154734890819
70 0.014372849251 0 2 312.154965574143
17 0.01457784925 0 2 312.155170381675
42 0.014821849249 0 2 312.155414599433
76 0.014264034063 0.16 2 315.154850733205
14 0.014191820532 0.288 2 317.154782753615
81 0.01413988169 0.5904 2 323.154723429742
10 0.014203909103 0 2 326.154787502962
82 0.01427932836 0.134464 2 327.15486521422
98 0.014235192143 0.50848 2 334.15481853909
28 0.014250963379 0.16 1 339.154844791934
27 0.014387599938 0.16 1 341.154975918131
74 0.014207344839 0 1 342.154798844469
35 0.014212630545 0.16 1 345.15480389484
6 0.014223409303 0 1 350.154811746477
7 0.014232038399 0.16 1 351.154823242999
75 0.01433595556 0.16 1 359.154924215167
98 0.014264670071 0.685427 1 361.154857016688
80 0.014894117405 0.606784 1 365.155485643708
3 0.014189411561 0 1 366.154779325084
8 0.014381242692 0.16 1 371.154975817119
6 0.014208680937 0 1 372.154798701297
81 0.014154283906 0.619891 1 373.154741309986
7 0.014346283905 0.16 1 373.154933013468
94 0.014590283904 -0.2 1 373.155177291647
84 0.014375773847 0.724749 1 374.15496551313
58 0.014571999999 0.47232 1 375.155161223159
21 0.014365579158 0 1 378.154957208157
52 0.014153752579 0.16 1 384.154740087941
90 0.014410752578 -0.2 1 384.154997089887
23 0.014202760324 0 1 388.15479026811
36 0.014332509698 0.288 1 390.154921298215
54 0.014295098905 0 1 394.154882464476
59 0.01425438653 0 1 396.15484123119
60 0.014612659566 0 1 397.155199995753
22 0.014808187578 0 1 407.155390667627
75 0.015091187577 0.16 1 407.155673706027
1 0.014096543606 0 1 413.154690298583
67 0.014345503424 0.3904 1 417.154930019354
3 0.014164666613 0.16 2 421.154752877944
77 0.014149055334 0.16 2 423.154739037534
13 0.014380055333 0.16 2 423.154970098051
78 0.014154741683 0 2 430.154745005108
32 0.014185638586 0.288 2 431.154774804126
67 0.014411112826 0.3904 2 439.154995085662
84 0.014346999998 0.737856 2 450.15493938642
47 0.014176342656 0.16 2 454.154767585304
34 0.014298793096 0 2 455.154883492432
89 0.014581793095 0.134464 2 455.15516652227
1 0.014142158761 0 2 458.154726790497
97 0.01442515876 0.619891 2 458.15500980257
40 0.01418398736 0.537856 2 459.154778455425
17 0.014331016366 0 2 472.154924212503
68 0.014131307233 0.16 2 473.154715760745
96 0.014349307232 0.307571 2 473.154933763696
35 0.01420620568 0.16 2 476.15479093846
14 0.014205552773 0.288 2 480.154796279433
1 0.014362521846 0.288 2 481.154944543177
77 0.014606521845 0.16 2 481.155188450408
34 0.014850521844 0.16 2 481.155432611145
51 0.014175918664 0.47232 2 483.154761827027
92 0.014220633865 -0.2 2 488.154814456896
72 0.014230499029 0.16 2 492.154823702847
7 0.014164347644 0.3904 2 494.154758105379
73 0.014247830584 0.16 2 508.15484147142
94 0.014376325184 -0.2 2 510.154962218389
24 0.014242999998 0 2 514.15482662801
46 0.014301314738 0.16 1 530.154894904258
2 0.014112362791 0 1 532.15470286356
55 0.01438236279 0 1 532.154972841455
86 0.014254295868 0.446057 1 533.15484808611
52 0.014102678743 0.16 1 539.154696488509
7 0.014206999997 0.3904 1 541.154794205271
97 0.014411999996 0.630377 1 541.154999388698
88 0.014212846378 0.158057 1 542.154806648411
66 0.014261053667 0.16 1 546.154854660312
11 0.014291351031 0.288 1 549.1548819475
49 0.01457435103 0.537856 1 549.155164986249
94 0.014404130666 -0.2 1 552.154988332929
9 0.014152617524 0.3904 1 554.154735117399
67 0.014435617523 0.3904 1 554.155018051803
90 0.014222990375 -0.2 1 560.15480514012
39 0.014171688029 0 1 563.154753778291
60 0.014748478671 0.16 1 567.155337626467
21 0.01443552455 0.16 1 584.155022136273
72 0.014216999998 0.537856 1 588.154810547909
93 0.014131514384 0.432228 1 593.154715395438
