38 0.054934744158 0 2 21.959160973854
6 0.055043602451 0 2 22.959308584433
5 0.055107779553 0 2 23.959359981757
46 0.054965421855 0 2 26.959204598749
57 0.055150540629 0 2 29.959389650427
15 0.055003075098 0 2 41.959255276125
85 0.054929066314 0 2 44.959194074565
61 0.055199066313 0 2 44.959464119712
45 0.054963312891 0 2 48.959215454431
95 0.055048449944 0 2 50.959287415441
63 0.055279449943 0 2 50.959518503477
25 0.05490058998 0 2 51.959126770402
62 0.054866303954 0 2 56.959092409269
39 0.054869137261 0 2 57.95909520346
71 0.05513913726 0 2 57.959365342913
69 0.05498479657 0 2 62.959236902713
15 0.054950820101 0.2 2 64.959202766131
49 0.054930792045 0 2 65.95919575293
79 0.054904626792 0 2 66.95916973871
8 0.055135626791 -0.04 2 66.959400706672
26 0.054877095541 0 2 69.959103212816
60 0.05513409554 0 2 69.959360226537
53 0.054914548443 0 2 72.959153779675
65 0.055158548442 0 2 72.959397694484
95 0.055441548441 0 2 72.959680478336
24 0.054918998926 0 2 78.959158181742
29 0.054818366574 0 2 81.959070489151
27 0.055098324881 0 2 84.959337562665
87 0.054933626859 0 2 86.959185789261
61 0.055066296194 0 2 87.959292530005
17 0.05496410325 0 1 90.959190312177
96 0.055234103249 0 1 90.959460242387
75 0.054920677312 0 1 92.959146838386
3 0.055072417861 -0.04 1 93.959311557551
35 0.054861331214 0.16 1 99.959126438604
70 0.055097884341 0 1 108.959350067264
4 0.054954237777 -0.072 1 111.959206435157
0 0.054904478091 -0.04 1 117.959143602772
80 0.05512247809 0 1 117.959361679245
16 0.054914937673 0.04 1 120.959141145185
79 0.054907139367 0.3904 1 122.9591461132
18 0.055280232276 0.04 1 125.959506328661
24 0.054929237353 0 1 126.959181374845
93 0.055212237352 0 1 126.95946428768
58 0.055085741326 0 1 129.95932491151
50 0.055147509077 0 1 131.959373747142
13 0.055086589616 0.04 1 132.959312694704
86 0.054837746733 0 1 134.959089754091
97 0.054855453172 0 1 135.959081526065
17 0.054876055007 0.072 1 138.959141217482
80 0.054865669932 0.537856 1 139.959229427534
16 0.054698999998 0.0976 1 142.959088602977
45 0.054979106456 0 1 143.959231311513
54 0.0551146865 0 1 146.959340878551
44 0.054861708361 0 1 153.959113907846
48 0.05510570836 0.3904 1 153.959357830682
88 0.05500932848 0 1 159.959248486045
6 0.055030732415 -0.04 1 164.959282844361
38 0.05488791729 0 1 165.95915296764
51 0.055274917289 0 1 165.959540063887
33 0.055355871255 0 1 167.959594949664
20 0.05510780968 0.232 1 168.959333955804
57 0.055338809679 0 1 168.95956484374
66 0.054852898177 0 1 173.95910513396
99 0.055161898176 0 1 173.959414026109
93 0.055065786001 0.16 1 181.959304727684
68 0.054803820091 0 1 186.959069066544
38 0.05488530812 0.16 1 187.959137221538
57 0.055292836047 0 1 191.959545046782
30 0.055022786174 0 1 192.959248932688
67 0.055253786173 0 1 192.959479959019
69 0.054906730577 0.16 1 199.959158770727
64 0.05511468401 0 1 200.959366868129
29 0.054883463598 0 1 203.959135683199
62 0.054853366707 0 1 206.959118534775
46 0.054905380969 0 1 209.959144549109
81 0.055149380968 0 1 209.95938858762
12 0.05531569444 0.2576 1 213.959567925196
41 0.054900481484 0 1 215.959152703452
32 0.055118427028 0 1 216.959344396261
40 0.055375427027 0 1 216.959601396802
96 0.054979688801 0.16 1 218.959231856472
3 0.055273634758 -0.2 1 224.959499805167
73 0.055214069586 0 1 225.959479304829
74 0.054992879211 0 1 227.959231930857
15 0.05523687921 0.27808 1 227.95947590894
88 0.054918305925 0 1 234.959170440935
17 0.05494107032 0.2576 1 238.959206248108
27 0.055085322601 0.16 1 239.959350558105
91 0.05499595316 0 1 240.959235171048
56 0.055146967474 0 1 246.959386176251
29 0.055377967473 0 1 246.959616894136
28 0.05497169375 0 1 248.959210717322
75 0.054907540591 0.288 1 251.959159564944
80 0.05493549192 0.537856 1 254.959187522112
10 0.055218491919 0.134464 1 254.959470460879
84 0.055180386271 0 1 260.959419510591
40 0.055180550546 0 1 261.959406784644
55 0.054950014221 0.16 1 262.959188973731
31 0.054974972817 0.3904 1 263.959227016143
32 0.055173341002 0 1 266.95939951495
9 0.055111726788 -0.072 1 269.959363935331
43 0.055175445764 0.16 1 272.959414644816
64 0.055114747163 0 1 275.959353994435
79 0.054907333225 0.3904 1 278.959133500916
90 0.054971801064 0 1 285.959237029455
51 0.055209681255 0.288 1 291.959435746856
17 0.054914951203 0.422464 1 292.959167009874
82 0.054913128088 0 1 293.959178242618
14 0.055161482905 0.0976 1 294.959400714361
84 0.05530859048 0.16 1 302.959573492223
92 0.054863863961 0 1 303.959103061939
83 0.05554986396 0 1 303.959788934713
19 0.055754863959 0.294464 1 303.959993900676
8 0.055110659914 0.088 1 304.959499257442
50 0.055233215109 0 1 305.959459157786
66 0.054856576045 0 1 306.959095797435
52 0.055048576044 0.16 1 306.959287614236
90 0.054858287104 0.16 1 307.959233983522
58 0.055022228285 0.288 1 308.959248196522
32 0.055227228284 0 1 308.95945329489
70 0.055045926188 0.16 1 309.959285150958
42 0.055054596017 0 1 311.959306756027
17 0.05499283154 0.422464 1 314.959218770548
14 0.054998720504 0.307571 1 316.959387147963
76 0.054940281793 0 1 317.959192368809
81 0.055182727423 0.288 1 327.959408712437
10 0.055016342019 0.134464 1 329.959268315503
82 0.055017080585 0 1 330.959256147612
98 0.055049938921 0 1 333.959276140022
28 0.05495886835 0 1 339.959211066522
74 0.055018897824 0 1 344.959284010997
27 0.055288897823 0.16 1 344.959553972969
35 0.054926326164 0.288 1 345.959191428504
7 0.054861788199 -0.04 1 351.959126984386
6 0.055118788198 -0.2 1 351.959383955928
75 0.054920762385 0.288 1 357.959173008532
98 0.055114693545 0 1 361.95935364927
80 0.054974558792 0.537856 1 368.95921362309
3 0.055218558791 -0.2 1 368.959457602346
8 0.055027265642 0.1904 1 369.959279472619
94 0.055136592468 0 1 372.959401827979
7 0.054905551892 -0.04 1 373.959157500217
84 0.05491833784 0.16 1 374.959157508912
81 0.055123337839 0.288 1 374.959362501362
58 0.054986024332 0.3904 1 375.95923823536
21 0.054939259043 0.16 1 377.959191488599
36 0.055151422698 0 1 384.959390667244
90 0.055033890524 0.16 1 386.959285902142
52 0.054947638799 0.16 1 387.959212611485
23 0.055191638798 0.288 1 387.959456755004
54 0.055088743261 0.16 1 393.959340992073
59 0.055021615473 0 1 395.959247850876
60 0.055007195893 0.16 1 396.959246427242
75 0.0548818159 0.288 1 404.959108025819
22 0.055125815899 0 1 404.959351986412
1 0.055065074475 -0.04 1 411.95931728888
67 0.055165784123 0.288 1 416.959417954918
3 0.055043873411 -0.2 1 421.959308844415
77 0.05530087341 0 1 421.959566091927
13 0.054867736813 0.537971 1 422.959106971179
75 0.054881664553 0.288 1 426.959107812868
78 0.05493940961 0.16 1 429.959191615136
32 0.055196409609 0 1 429.959448652165
67 0.055113799416 0.288 1 438.959365985504
84 0.054907010304 0.288 1 447.959172253185
34 0.055097481869 0 1 452.959362715756
89 0.055027787562 0 1 457.959279830249
47 0.055258787561 0.16 1 457.959510820328
97 0.054891896752 0.16 1 458.959118069777
1 0.055148896751 -0.04 1 458.959375057489
40 0.055122997586 0 1 459.959362194722
68 0.054842814194 0 1 467.95908205475
96 0.054992722554 0.16 1 468.959257923978
17 0.054927871962 0.446057 1 476.959166851392
35 0.054952303184 0.47232 1 477.959204382544
14 0.055174338381 0.307571 2 482.959413425313
1 0.05531308177 -0.04 2 483.959552322969
51 0.054991288597 0.537856 2 485.95925636929
92 0.054861571157 0.3904 2 491.959100631906
7 0.05488757049 -0.04 2 492.959152787778
72 0.055092570489 0 2 492.959357773992
73 0.055052783966 0.16 1 504.959304972639
94 0.055123510875 0 1 510.959388664793
24 0.054997041269 0 1 513.959236266428
46 0.054952449126 0.47232 1 524.959178653291
55 0.054872283678 0.288 1 528.959137512645
2 0.055094023833 0.088 1 531.959346140317
86 0.054798854667 0 1 534.959063969959
97 0.054820251454 0.16 1 540.959059470238
52 0.055077251453 0.16 1 540.959316386051
7 0.05484058204 -0.04 1 542.959105560513
66 0.054915695858 0 1 546.959180779113
88 0.055159695857 0.16 1 546.959424692624
11 0.054926728034 0.326446 1 552.95917873915
94 0.055352728033 0 1 552.959604939138
49 0.054917823212 0.288 1 553.959182815264
9 0.055070041862 -0.2 1 555.959322204235
67 0.055301041861 0.3904 1 555.959553139463
90 0.054958785994 0.16 1 558.959184999315
39 0.054921125919 0.16 1 567.959160136338
60 0.055165125918 0.16 1 567.959404296376
21 0.055004268224 0.288 1 582.959256506961
72 0.055121538294 0 1 587.959347709601
93 0.055092091224 0.16 1 591.95933133813
36 0.055101735009 0 2 602.959353908761
68 0.054803817176 0.16 2 603.959069060714
