38 0.045722339221 0 2 21.557832261698
5 0.04592733922 0 2 21.55803710965
6 0.046210339219 0 2 21.558320052553
46 0.045811204532 0 2 25.557921119326
57 0.045823511115 0 2 29.55793331315
61 0.045716657069 0 2 41.557816996022
15 0.045999657068 0 2 41.558100010176
85 0.045869239205 0 2 43.557978980814
45 0.045711020806 0 2 46.55782094451
63 0.045705988524 0 2 47.557806069835
95 0.045693116951 0 2 48.557802854036
25 0.045834014566 0 2 50.557934089746
71 0.045929892745 0 2 57.558039791097
39 0.045786977316 0 2 58.55789669214
62 0.046043977315 0.16 2 58.558153696367
49 0.045785876652 0.04 2 59.557886136332
69 0.045914296464 0 2 60.55802418391
15 0.046094311883 0 2 64.558203928489
79 0.045808690484 0 2 66.557918369076
8 0.046091690483 0 2 66.558201336884
26 0.045671290151 0 2 70.557781055495
60 0.04592829015 -0.04 2 70.558038069072
95 0.046211290149 0 2 70.558320898099
65 0.045741999998 0 2 71.557843406998
53 0.045644507565 0 2 73.557754386461
24 0.045784062169 0 2 77.557885305664
29 0.045789488679 0 1 79.557899393847
49 0.045756079314 0.04 1 81.557860118336
27 0.045695979679 0 1 86.557797073103
87 0.045939979678 0 1 86.558041087578
61 0.045665313548 -0.04 1 88.557775194859
96 0.045883313547 0 1 88.557993235521
17 0.0457303966 0 1 90.5578340975
75 0.045618446736 0 1 94.557719165335
3 0.045836446735 0 1 94.557937188036
35 0.04559930679 0 1 97.557700022651
69 0.045871541053 -0.04 1 100.557972175472
70 0.045742217647 0.328 1 107.55784621285
4 0.045831252558 0.16 1 111.557941142657
0 0.045706346251 0.16 1 115.55780701844
80 0.04573864986 0 1 117.557842715555
16 0.045887634946 0 1 120.557988223741
3 0.045586086311 0.537856 1 121.557686928022
79 0.04586908631 0.2 1 121.55796979423
69 0.045902189634 -0.04 1 122.558012080105
24 0.046001415507 0.288 1 124.558111335852
93 0.045727316263 0 1 126.557827572652
18 0.045932316262 0 1 126.558032575207
58 0.045599198734 0.088 1 128.557709106395
86 0.045698606118 0 1 129.557799039515
13 0.045572524168 0 1 130.55768240923
50 0.0456612171 -0.072 1 136.557770925185
97 0.045905217099 0 1 136.558014938911
80 0.045902118285 0.16 1 139.558011898068
17 0.045750060924 0 1 140.557859827486
16 0.045904021958 0 1 142.558013620387
45 0.045671994919 0.04 1 143.557781892736
54 0.045728323581 0.40032 1 146.557838208205
48 0.045826743196 0.072 1 151.55793664821
44 0.045757829559 0.072 1 153.557861374692
88 0.045748762911 0.16 1 158.557858657778
38 0.045634194309 0 1 161.557744113679
6 0.045834009491 0 1 162.557937323173
33 0.045680612695 0 1 164.557790518144
51 0.045882319655 -0.04 1 166.557983650536
57 0.046113319654 -0.04 1 166.558214669469
20 0.045648017768 0 1 167.557757901563
99 0.045642357859 0 1 171.557750506711
66 0.04589140356 -0.072 1 174.558001286827
93 0.045743654884 0.16 1 181.557844913245
38 0.045646882926 0.16 1 183.557756490913
68 0.045763550814 -0.072 1 187.557873444779
57 0.045836442892 -0.04 1 188.557946176704
20 0.045608957135 0 1 189.557718780297
67 0.045665750918 -0.072 1 191.557775661298
30 0.045935750917 0 1 191.558045634622
99 0.045665680283 0.16 1 193.557775932381
69 0.045901319667 -0.072 1 195.558011230316
64 0.045609871902 -0.072 1 199.557720194943
29 0.04575049577 0 1 203.557860408029
62 0.045782559829 0.12 1 205.557892911996
46 0.045719641184 0.2 1 208.55783010089
81 0.045878767145 0 1 209.557988666412
32 0.045841411247 0 1 210.557946531851
40 0.045754999998 0.072 1 211.557863211382
12 0.045735850771 0.288 1 213.557840959039
41 0.045625697969 0.072 1 215.557735612714
96 0.045927222838 0 1 217.558035202472
15 0.045896312036 0.288 1 223.557999022425
3 0.045583473248 0.537856 1 226.55768552929
73 0.045801473247 0.0976 1 226.557903637769
74 0.046032473246 0.0976 1 226.558134542049
88 0.04572491342 0.16 1 232.557832703582
17 0.045667966896 0 1 237.557769125792
29 0.045947780761 0.16 1 241.558049035314
27 0.045691960599 0 1 244.557801668213
56 0.045991002434 -0.04 1 246.558096101842
28 0.045947205716 0 1 247.55805696345
75 0.045661150846 0.609856 1 248.557771059522
10 0.045960295894 0.16 1 250.558070129297
80 0.04567999678 0.16 1 252.557787718592
91 0.045962996779 0 1 252.558070495925
55 0.045708873273 -0.04 1 256.557818779855
84 0.045837173308 0 1 258.557945103369
31 0.045749356152 0 1 259.557859270365
40 0.045767999998 0.655936 1 262.55787621605
32 0.04583840386 0.47232 1 265.557946516827
9 0.045564897074 0 1 269.557674798278
43 0.045839136919 0.0976 1 272.557949028703
64 0.045664697416 -0.2 1 276.557772140281
79 0.045813205049 0.2576 1 277.557921196581
90 0.045799201408 0 1 285.557906924579
51 0.045865695627 -0.2 1 288.557973525559
17 0.045686568701 0.288 1 289.55779506078
82 0.045694084104 0 1 291.55779654202
14 0.045612646907 0 1 295.55772125742
8 0.04587581161 0 1 297.55797841951
84 0.046024128688 0 1 301.558132375161
83 0.046046061201 0.288 1 302.558158589322
52 0.045807604227 -0.04 1 303.557917467643
92 0.045554988219 0.16 1 305.557667599209
50 0.045785988218 -0.04 1 305.55789843055
19 0.046172988217 0 1 305.558285445868
58 0.045700385952 0.088 1 306.557810126352
90 0.046048076897 0.16 1 307.558154497788
32 0.045980296477 0.537856 1 309.558090011614
66 0.04597439941 -0.072 1 310.558084136173
17 0.045928390337 0.3904 1 311.558037998324
42 0.045688579582 0.27808 1 314.557798300704
14 0.045657826697 0.16 1 317.55776744959
76 0.045914826696 0.11808 1 317.558024605825
70 0.046171826695 0.5904 1 317.55828141423
81 0.04589176466 0.16 1 322.558001661442
10 0.045809928453 0.47232 1 324.557919807436
82 0.045738643379 0.3904 1 327.557848536978
98 0.04565186997 0 1 333.557761763626
28 0.045722599718 0 1 339.557832490606
27 0.045694145959 0 1 341.557804611787
74 0.04562940566 0.11808 1 342.557739301388
35 0.045585768239 0 1 343.557687012359
6 0.0458138556 0.3904 1 350.557924345467
7 0.045634335047 0.16 1 351.557744223922
75 0.045646981045 0.67232 1 358.557747998286
98 0.045634348181 0 1 361.557735210662
3 0.045596370057 0.665782 1 367.557697161414
80 0.045879370056 0.47232 1 367.557980185526
8 0.045890845749 0.16 1 369.557991386372
6 0.045914928361 0.3904 1 372.558015372415
7 0.046122859552 0.16 1 375.558223015227
81 0.046191272112 0.288 1 377.558301054237
21 0.045867555065 0.16 1 378.557968083855
94 0.046111555064 0 1 378.558211873929
58 0.045611262217 0.088 1 379.557719007167
84 0.045829262216 0 1 379.557936932203
52 0.045723910623 -0.04 1 381.557824618579
90 0.045773104783 0.16 1 382.557880843735
36 0.045856329841 0 1 389.557968719194
23 0.04606132984 0 1 389.55817372348
54 0.045730503483 0.337856 1 394.557838231779
59 0.045705038602 -0.2 1 396.557814921659
60 0.045710968342 -0.04 1 397.5578186761
22 0.045862983547 0.16 1 403.557970818855
75 0.045614881611 0.685427 1 404.557722016004
1 0.04589412361 0 1 411.55800403066
67 0.045689999998 -0.072 1 415.557800625033
3 0.045641623431 0.692626 1 421.557749089078
77 0.04589862343 0.307571 1 421.558006369992
13 0.045637520936 0.16 1 423.557747402766
75 0.045651015921 0.695913 1 426.557760821162
78 0.045914199332 0.147571 1 429.558024097483
32 0.045862185538 0.590285 1 430.557972474413
67 0.045690607198 -0.072 1 437.557800405687
84 0.045796181549 0 1 448.557906071855
34 0.045977016044 0.16 1 453.558086897397
89 0.045894734768 0 1 457.558004468807
1 0.046177734767 0 1 457.558287633272
40 0.045936275733 0.695913 1 459.558046165349
97 0.045612964813 0.16 1 460.557721039275
47 0.045895964812 0.318057 1 460.55800386772
68 0.045717285731 -0.2 1 468.557827173867
96 0.04596128573 0.47232 1 468.558071179887
17 0.045711180568 0.3904 1 471.557821066774
35 0.045551151321 0.537856 1 474.557661057569
14 0.045661081182 0.16 1 479.557773324912
34 0.045855618216 0.288 2 481.557965495087
77 0.046099618215 0.556846 2 481.558209333419
1 0.046317618214 0 2 481.558427426747
51 0.045783183091 -0.2 2 482.557895556791
92 0.045605085835 0.288 2 488.557714971346
7 0.045653262278 0.16 2 492.557763172197
72 0.045871262277 0.548457 2 492.557981158533
73 0.045721498529 0.446057 1 504.557831379915
94 0.045676874768 0.537856 1 509.557779045784
24 0.045827382729 0.288 1 513.557937300562
46 0.04574084203 0.454446 1 524.55784308329
55 0.045702999998 -0.04 1 528.557805810177
2 0.045583428536 0.288 1 529.557693327532
86 0.045741124097 0 1 532.557851021917
52 0.045675689893 -0.04 1 538.557785607289
97 0.04567368441 0.288 1 540.557776138272
7 0.045631777722 0.16 1 541.557741466464
88 0.045836777721 0.692626 1 541.557946687399
66 0.045846823402 -0.072 1 543.557949337931
11 0.045908392711 0 1 547.558018299871
49 0.045711208173 0.454446 1 548.557821108816
94 0.045734166167 0.692626 1 552.557844069888
67 0.045724567279 -0.072 1 553.557826568365
9 0.045590896104 0.16 1 554.557700796338
90 0.045783988508 0.3904 1 558.557893894609
97 0.045658538777 0.288 1 562.557762770946
39 0.045708949304 0.590285 1 563.557821608908
60 0.045719107738 -0.04 1 566.557831735264
21 0.045864054223 0.3904 1 583.557973940469
72 0.045835275258 0.838939 1 586.557945184494
93 0.045761601816 0.16 1 592.557871496327
36 0.045861785031 0.16 2 601.557971696262
68 0.045789548 -0.2 2 604.557899439151
5 0.045822175448 0 2 605.557932076509
