6 0.01563177561 0 2 21.757635814239
38 0.015377789349 0 2 26.757381817356
46 0.015660789348 0 2 26.757664983565
57 0.015583325854 0 2 28.757582102273
61 0.015619010669 0 2 40.757619657834
15 0.015396999999 0 2 41.757401218315
85 0.016099952954 0 2 42.758094222793
45 0.015605397994 0 2 47.757605479502
63 0.015875397993 0 2 47.757875480432
95 0.015561368761 0 2 48.757566690206
25 0.015482635083 0 2 50.757482623731
62 0.015458473795 0.288 2 53.757452993204
39 0.015536770302 0 2 54.757541621806
71 0.015623207531 0.328 2 57.757627997242
69 0.015862570048 0 2 62.757863771277
15 0.015362247564 0 2 63.757361165141
8 0.015606247563 0 2 63.757605452169
49 0.015811247562 0.04 2 63.757810281069
79 0.015450531118 0 2 65.757451492895
60 0.015462962275 0.04 2 70.75746204149
65 0.015719962274 0 2 70.757719191419
95 0.015963962273 0 2 70.757962879381
26 0.016220962272 0 2 70.758220028241
53 0.01541484494 0 2 72.757414248537
24 0.01671027707 0 2 78.758709597199
29 0.015576735857 0 2 79.757582948345
27 0.015593310504 0 2 84.757591927128
87 0.015622181424 0 2 85.757617524138
61 0.015589475437 0.04 2 87.757593661378
96 0.015666853044 0 2 89.757667729175
3 0.015721338583 0 2 92.757722165609
75 0.015425304927 0 2 95.757422659538
17 0.015669304926 0 2 95.757666618429
35 0.015627538829 0 2 97.757622513891
70 0.015723370002 0.328 1 107.757726676234
4 0.015457577158 0 1 111.757459818475
0 0.01566243268 0 1 115.75766530036
80 0.015539960924 0 1 117.757540251376
3 0.016257080527 0.537856 1 122.758251575032
16 0.015652095309 0 1 124.757646469303
79 0.018480449946 0.36 1 125.76047389004
93 0.015453375094 0.590285 1 126.757456651803
18 0.015684375093 0 1 126.757687654539
24 0.015941375092 0.714101 1 126.757944739185
58 0.015461113512 0.36 1 128.757461988216
13 0.015354937301 0.288 1 129.757356180178
86 0.0155599373 0 1 129.75756115725
97 0.015395207857 0 1 136.757399254876
50 0.015665207856 0.072 1 136.757669241043
17 0.015489093417 0 1 139.757493228714
80 0.016055093415 0.537856 1 139.758059215758
45 0.015551366671 0.36 1 144.757556029446
54 0.018070051348 0.4624 1 145.760074305632
48 0.015416534191 0.04 1 151.757414229599
88 0.01558492791 0 1 158.757586146592
44 0.015828927909 -0.2 1 158.757829938364
38 0.015481560607 0 1 161.757482885777
20 0.015390926708 0 1 166.757384420576
33 0.015440347321 0 1 167.757441729508
51 0.01568434732 0.04 1 167.757685710009
57 0.015902347319 0.04 1 167.757903727954
6 0.016120347318 0.16 1 167.758121633288
99 0.015460262858 0.16 1 171.757462641638
66 0.015700854183 0.232 1 176.757696202849
93 0.015463362897 0.590285 1 181.757469291194
38 0.015410033294 0.3904 1 183.757413941644
20 0.015401533587 0 1 188.757406302634
68 0.015593851975 0.072 1 189.757598680177
57 0.015837851974 0.2576 1 189.757842670958
99 0.015413089472 0.47232 1 193.757411476585
67 0.016242089471 0.0976 1 193.758240658849
69 0.015630569438 0.54432 1 195.757630375016
30 0.015861569437 0.16 1 195.757861173435
64 0.015484367835 0.072 1 199.757483298107
29 0.015591725698 0 1 203.757595962605
62 0.015413363777 0.36 1 205.757414230114
81 0.015371750868 0 1 211.757366772839
32 0.015810750867 0 1 211.757805836818
46 0.015512227314 0.072 1 214.757506960687
40 0.015547962713 -0.04 1 215.75754340185
12 0.015896441847 0.16 1 217.757898805066
41 0.015676746926 0.1904 1 220.7576766794
96 0.015959746925 0 1 220.757959757053
15 0.015422186807 0 1 223.757422123092
3 0.015705186806 0.745024 1 223.757705131206
74 0.015988186805 0.072 1 223.757988144192
73 0.01554066218 0.2576 1 225.757541509291
88 0.015538087201 0 1 232.757537179201
17 0.015511297692 0.16 1 237.757504946307
27 0.01554749688 0 1 239.757552922608
91 0.015447747638 0 1 242.757447232811
29 0.015678747637 0.288 1 242.757678192962
75 0.015409122256 0.3856 1 247.757409744823
28 0.015902894687 0 1 248.757896378455
80 0.015466784626 0.537856 1 250.757467417798
10 0.015684784625 0.16 1 250.757685353397
56 0.015928784624 0.40608 1 250.757929243611
55 0.015663596029 0.655936 1 256.757664252234
84 0.01540863392 0 1 258.757414230738
31 0.015458417574 0 1 259.757459190612
40 0.015518671851 -0.04 1 261.757520417484
32 0.015589899713 0.47232 1 267.75758685846
9 0.015584700636 0 1 269.75758861312
43 0.015654686612 -0.04 1 272.757658667784
64 0.015499935453 0.810706 1 281.757493216108
79 0.015756935452 0.3856 1 281.757750265135
90 0.01549071043 0 1 285.757495031844
17 0.015456296869 0.16 1 289.757460504729
51 0.015713296868 0.422464 1 289.757717468481
82 0.015508669042 0.16 1 291.757508661369
14 0.015648977021 0 1 294.757648622195
8 0.015529999998 0.16 1 298.75753337528
84 0.015392666848 0.47232 2 301.757397416129
58 0.01558396166 0.40608 2 303.757580703705
92 0.015957961659 0.16 2 303.757954721484
83 0.015381680352 0.3904 2 304.757386259137
50 0.015846680351 0.524864 2 304.757851211347
52 0.01578935977 0.134464 2 305.757791885342
19 0.015461283681 0 2 306.757463385111
32 0.01561529891 0.665782 2 310.757619969719
17 0.015457421938 0.16 2 311.757460121347
70 0.015883421937 0.50848 2 311.757886331697
42 0.015494205518 0.1904 2 312.757492988509
66 0.015777205517 0.524864 2 312.757775836516
76 0.015461528184 0.134464 2 315.757465009251
14 0.015656159836 0 2 316.757661037703
81 0.015441338677 0.288 2 324.75744406621
10 0.015633338676 0.288 2 324.757636138438
82 0.015503275934 0.47232 2 327.757508656275
98 0.01541261174 0.3904 2 333.757414218336
28 0.015699009272 0 2 339.757695874275
27 0.015540231467 0 2 341.757539869832
35 0.015547244151 0 2 342.757552126824
74 0.01579124415 0.11808 2 342.757796093873
7 0.015496899331 0.16 2 354.757493890785
6 0.01574089933 0.16 2 354.757737863294
75 0.015456354611 0.50848 2 358.757451686545
98 0.015454047425 0.632228 2 361.757449151686
35 0.015559075555 0.590285 2 364.757554563981
74 0.015741521048 0.307571 2 365.757747166962
80 0.015489899182 0.731281 2 367.757485447555
3 0.015746899181 0.745024 2 367.757742423539
8 0.015519644519 0.16 2 369.757520431856
7 0.016050731936 0.16 2 376.75805280439
81 0.015653190661 0.590285 2 377.75765735984
58 0.015428475146 0.422464 2 378.757430261589
94 0.015893475145 0.16 2 378.757895160594
84 0.015440515764 0.632228 2 379.757445554389
21 0.015697515763 0 2 379.757702734547
36 0.01545618392 0.16 2 387.757449865104
23 0.015726183919 0 2 387.757719870773
52 0.015931183918 0.294464 2 387.757924725897
90 0.016123183917 0.692626 2 387.758116724298
54 0.016820382018 0.766692 2 394.7588246031
59 0.015494758613 0.307571 2 395.757498108153
60 0.015497297675 0.307571 2 399.757498505475
22 0.01626507552 0.288 2 403.758269308465
75 0.01597062242 0.840197 2 404.757970278912
1 0.015433037455 0.16 2 412.757437224362
67 0.01566157404 0.435571 2 415.757665806829
3 0.015529362705 0.771852 2 421.757533442507
77 0.015786362704 0.307571 2 421.757790706817
13 0.015451763702 0.3904 2 422.757454886962
75 0.016577348099 0.840197 2 426.75857362738
78 0.015660068479 0.606784 2 429.757653982787
32 0.015657680125 0.692626 2 432.757651816896
67 0.015646024977 0.446057 2 437.757639623195
84 0.015424690016 0.714101 2 448.757428904926
34 0.01560395404 0.16 2 452.757606718953
89 0.015425999998 0.16 2 454.757419838796
47 0.015656999997 0.318057 2 454.757650830741
1 0.015417355989 0.47232 2 458.75742158755
97 0.015622355988 0.632228 2 458.757626599767
40 0.01558189639 -0.04 2 459.757585343398
68 0.015527131101 0.147571 1 468.757524758114
96 0.0157711311 0.47232 1 468.75776876404
17 0.015463550136 0.16 1 471.757465887411
35 0.015576950691 0.731281 1 474.757570548633
14 0.015737999998 0.288 1 479.757739599395
1 0.015387037 0.537856 1 481.757392486889
77 0.015657036999 0.75673 1 481.757662393323
34 0.015849036998 0.288 1 481.75785455542
51 0.015647080114 0.537971 1 484.757642409604
92 0.015467030428 0.47232 1 487.757462853773
72 0.015498805186 0.446057 1 496.757502848357
7 0.015703805185 0.47232 1 496.75770786335
73 0.015550165063 0.922465 1 505.757554326073
94 0.015619948889 0.537856 1 509.757621743238
24 0.015496836361 0.731281 1 515.757494501606
46 0.015436237613 0.326446 1 524.757434037994
55 0.015583435552 0.897726 1 528.757586282394
2 0.015529735828 0 1 529.757533959436
86 0.015585917253 0 1 532.757590139659
7 0.015745982796 0.692626 2 541.757749999179
52 0.015781289525 0.556846 2 542.757780951639
97 0.015406155181 0.632228 2 544.757410215577
88 0.015546659682 0.16 2 546.757547227192
66 0.015803659681 0.638766 2 546.757804314079
11 0.01551617646 0.16 2 547.757520408237
49 0.01558870183 0.556846 2 548.757582427707
94 0.015838927171 0.665782 2 554.757832808778
67 0.015593850565 0.461156 1 556.757597921229
9 0.015876850564 0.288 1 556.757880985442
90 0.015565009998 0.777482 1 558.757560001758
39 0.015472436384 0.288 1 562.75747668555
60 0.015435253271 0.454446 1 566.757433743717
72 0.015553225686 0.645476 1 587.757554941654
21 0.015836225685 0.3904 1 587.757837786891
93 0.015439491306 0.731281 1 595.757443577638
36 0.015418458347 0.288 1 602.757414191007
