5 0.043284768037 0 2 21.25466542719
6 0.043489768036 0 2 21.254870395829
38 0.043448860212 0 2 22.254829652745
46 0.043417900189 0 2 26.254798685116
57 0.043494995312 0 2 29.254875712432
85 0.043310999998 0 2 43.254696585063
61 0.043557778538 0 2 45.254938395385
15 0.043840778537 0 2 45.255221410731
63 0.043332530703 0 2 47.254713325755
45 0.043563530702 0 2 47.254944324634
95 0.043354757119 0 2 48.254735408964
25 0.043326470841 0 2 51.254707259114
39 0.043325675386 0 2 54.254706483452
62 0.043517675385 0 2 54.254898477552
71 0.043330325433 0 2 57.254711139169
8 0.043734783616 -0.04 2 63.255115605942
79 0.043332429792 0 2 64.254717964672
69 0.043781847126 0 2 64.25516719859
49 0.043986847125 0 2 64.255372179265
26 0.043412456568 0 2 67.254798046642
15 0.043695456567 0.2 2 67.255080797033
60 0.043437387043 0 2 68.254815432353
95 0.043327295374 0 2 70.25470912476
65 0.043339760654 0 2 71.254725065303
53 0.043374849479 0 2 73.25475702563
24 0.043499815666 0 2 78.254885549999
29 0.043277235537 0 2 79.25465730553
27 0.043334705382 0 2 85.254714557972
87 0.043565705381 0 2 85.254945572842
61 0.043509556658 0 2 88.254889324501
96 0.043448677733 0 2 89.254826646595
75 0.043424480145 0 2 91.254811558566
17 0.043681480144 0.04 2 91.255068516697
3 0.043462868668 0.2 2 92.254840753727
35 0.043267557875 0 1 98.254654351614
70 0.043438207696 0 1 108.254818998449
4 0.04345648347 0.072 1 111.254837288963
80 0.043454345327 0 1 120.254835020851
0 0.044046752887 0.072 1 120.255427355019
79 0.04367327277 0.47232 1 122.255053850201
16 0.043522588441 0.072 1 123.254903270225
18 0.048558866952 0.072 1 124.259943829816
93 0.043408234251 0 1 126.254788891682
24 0.04365223425 0.072 1 126.255032979588
86 0.043248093872 0.16 1 130.254631281467
13 0.043671763668 0.232 1 130.25505497461
58 0.043863763667 0 1 130.255246907747
97 0.043534275367 0 1 136.254914911809
50 0.043778275366 0 1 136.255158898198
17 0.043529956057 0.786101 1 138.254915513468
80 0.043315764614 0.692626 1 142.25469656746
45 0.043501459761 0 1 145.254882182751
54 0.043349379101 0.16 1 147.254729377587
48 0.04332873054 0.16 1 152.254709505681
44 0.043492232523 0.16 1 153.254871965625
88 0.043401304519 0 1 158.254782114682
57 0.043843520174 0 1 167.255224204415
6 0.044100520173 -0.2 1 167.255481108495
38 0.043694119711 0.072 1 168.255081271844
51 0.043524812244 0 1 169.254910026932
33 0.043729812243 0.072 1 169.255115044216
20 0.043300706085 0.072 1 170.254681370853
99 0.04353035248 0 1 172.254915900638
66 0.043481316565 0.16 1 174.254861372023
93 0.043397568433 0.3904 1 181.254778064295
68 0.043418410543 0.16 1 187.254799219867
57 0.043481944492 0 1 189.254862610792
38 0.043396545904 0.56992 1 190.254777024129
67 0.043256767393 0.16 1 192.254637548071
30 0.043539767392 0.2576 1 192.254920521545
99 0.043586890233 0.3904 1 194.254967440022
69 0.043502562178 0.16 1 196.254883342949
64 0.043332934579 0 1 201.254713681609
29 0.043341446945 0.36 1 204.254722229512
62 0.043529291847 0.288 1 205.254914514843
46 0.043439664456 0 1 208.254824757062
81 0.069649959248 0.288 1 209.281039443002
32 0.051695997278 0.40608 1 214.263080841254
40 0.043622511813 0.16 1 216.255012455829
12 0.043712909754 0.40608 1 218.255096604127
96 0.043433841048 0.16 1 219.254823845445
41 0.043664841047 0.16 1 219.255054765594
15 0.043592471873 0.488 1 225.254982659116
73 0.043458575157 0 1 226.254838087304
3 0.043702575156 0.2576 1 226.255081978391
74 0.043907575155 0 1 226.25528699122
88 0.043370109534 0.47232 1 233.25475607013
17 0.043509963461 0.811701 1 238.254889544684
27 0.043242999999 0.56992 1 240.254623798431
29 0.043284336854 0.5904 1 241.254664000637
91 0.043515336853 0.16 1 241.254895040937
28 0.043376034436 0.11808 1 245.254762913449
56 0.043268999999 0.16 1 246.254649816856
75 0.045729882997 0 1 247.257114851286
10 0.043455976837 0.0976 1 249.254836770577
80 0.04331568543 0.731281 1 252.254696409092
55 0.043268232828 0.47232 1 257.25464977692
84 0.043301964075 0 1 258.254682785508
31 0.043508840118 0.50848 1 260.254898105086
40 0.043420205497 0.16 1 262.25480538923
32 0.043449884009 0.40608 1 267.25484000274
9 0.043396064732 -0.04 1 270.254786167665
43 0.043450634801 0.16 1 274.254834573634
64 0.043333015186 0.288 1 281.254710823146
79 0.043577015185 0.537856 1 281.25495487372
90 0.043375627882 0 1 286.254759828443
51 0.043446308386 0.288 1 288.2548271158
17 0.043508771541 0.848565 1 289.254889570018
82 0.043498598842 0.288 1 292.254879365344
14 0.043543383087 0.50848 1 296.254923804347
8 0.051385241386 -0.04 1 301.262765895097
84 0.071414488448 0.16 1 301.282795010331
50 0.043825357815 0.590285 1 304.255205943834
92 0.044033099561 0.537856 1 306.255413770883
19 0.04423809956 0.294464 1 306.255618624032
83 0.043869437399 0 1 307.255249955388
58 0.043930732136 0.16 1 308.255315084634
52 0.046354742128 0 1 309.257735263825
32 0.043698828111 0.524864 1 310.255076619806
66 0.04391682811 0.3904 1 310.255294684178
70 0.043409066628 0.16 1 311.254793723849
42 0.043832289508 0 1 311.2552169719
17 0.044050289507 0.879488 1 311.255434713962
76 0.04351289651 0.288 1 316.254903580533
14 0.043490830548 0.619891 1 318.254871355247
81 0.044678746781 0.288 1 322.256069455511
10 0.043437744731 0.524864 1 326.254823593145
82 0.043407641332 0.3904 1 327.254788450324
98 0.043551746143 0.3904 1 333.254932555089
27 0.0433663456 0.832181 1 342.254747117617
28 0.043649345599 0.422464 1 342.255030017341
74 0.043867345598 0 1 342.255248156738
35 0.043249570147 0.67232 1 343.254636798932
6 0.043395947679 0.1904 1 350.254782782156
7 0.043331268381 0.27232 1 351.254712072647
75 0.043263144372 0.3904 1 358.254650388835
98 0.043486479981 0.590285 2 362.254867022765
3 0.043543626659 0.307571 2 365.25492440829
80 0.043269986372 0.777482 2 367.25465739383
8 0.04352108041 -0.04 2 369.254901895499
6 0.043388947609 0.27232 2 372.254769754974
94 0.064610341248 0.731281 1 374.275995016423
7 0.04365452221 0.390285 1 375.255035046977
84 0.043451201887 0.16 1 376.254831891825
81 0.043669201886 0.3904 1 376.255049883797
58 0.043411365144 0.16 1 377.25479588305
21 0.04328652814 0.147571 1 378.254667320517
90 0.043371571092 0 1 382.254752367148
52 0.043527481905 0.16 1 384.254908186053
23 0.043350500479 0.695913 1 387.254731224407
36 0.043607500478 0.537971 1 387.254988218468
54 0.043407074596 0.632228 1 394.254794490983
59 0.043337180949 0.16 1 397.254724412356
60 0.043568180948 0 1 397.254955453054
22 0.043472729566 0.158057 1 406.254860060044
75 0.043275605711 0.3904 1 409.254662994423
1 0.043524512799 0.779799 1 412.254905290214
67 0.043229999999 0.632228 1 416.254610778509
3 0.043550690601 0.318057 1 421.254931211631
77 0.043553788709 0.288 1 422.254934570189
13 0.0434455018 0.606784 1 423.25482629901
78 0.043387419029 0.16 1 434.25477317115
32 0.043670419028 0.537971 1 434.255056205634
67 0.043279278277 0.632228 1 438.254660009572
84 0.043255999999 0.47232 1 450.254636715586
47 0.043422631764 0.16 1 453.254803450356
34 0.043614631763 0.435571 1 453.254995428496
89 0.043409857604 0.16 1 454.254790638873
1 0.043466251348 0.850683 1 458.25485068626
97 0.043749251347 0.537856 1 458.255133698374
40 0.043476555331 0.590285 1 460.254857315578
17 0.043697116951 0.903081 1 472.255082566964
68 0.084651052563 0.590285 1 473.296031637868
96 0.043511170126 0.537856 1 474.254901156992
35 0.043225426992 0.748342 1 475.254610776398
14 0.043491088973 0.619891 1 480.254871872097
77 0.043709195666 0.714101 1 481.25509437044
34 0.043677616235 0.630377 1 482.255058426594
51 0.043389603551 0.537856 1 484.254774966358
92 0.043553024928 0.632228 1 488.254933825718
7 0.043276183708 0.432228 1 494.254656919243
72 0.043468183707 0.16 1 494.254848905137
73 0.043326408908 0.3904 1 504.254707205686
94 0.043292605634 0.731281 1 509.254673412671
24 0.04355666773 0.158057 1 516.254937366765
46 0.043469927362 0.16 1 524.254850739462
55 0.04327119805 0.632228 1 531.254651899913
2 0.043528198049 0.461156 1 531.254908922296
86 0.04329071855 0.3904 1 532.254671531815
52 0.043540565247 0.16 1 539.254921352737
7 0.043315435414 0.432228 2 541.254696035081
97 0.043541535244 0.590285 2 544.254922183384
46 0.04365490897 0.16 2 546.255040528014
88 0.043424527922 0.692626 2 547.254805088881
49 0.043555010597 0 2 548.254933426727
11 0.04328057778 0.556846 2 549.254666070874
66 0.043563577779 0.3904 2 549.254948902448
9 0.043474674646 0.088 2 554.254852831346
67 0.043305260293 0.632228 2 557.254683148803
94 0.043549260292 0.777482 2 557.254927131379
90 0.043407687313 0.47232 2 560.254785708075
39 0.043286745628 0.748342 2 563.254664888838
60 0.043437220311 0.288 2 566.254815512297
21 0.043268999999 0.338525 2 585.254649711582
72 0.043458286936 0.16 2 586.254839111594
93 0.04347588238 0.47232 2 592.254856692189
5 0.044398362823 0.27232 2 605.255779179284
68 0.061642089325 0.798453 2 605.273022850928
