38 0.049302409118 0 2 22.056419909983
6 0.049132138704 0 2 25.056252973814
46 0.049242511828 0 2 26.056363646535
57 0.049310960835 0 2 29.056432027625
61 0.04908703846 0 2 41.056208183194
15 0.049370038459 0 2 41.056491197203
85 0.049129452919 0 2 43.056254407529
63 0.049105520427 0 2 47.056226665296
45 0.049362520426 0 2 47.056483664126
95 0.049178557497 0 2 48.056297120412
25 0.049305905779 0 2 51.0564270438
71 0.049250919776 0 2 58.056506911476
39 0.049151846424 0 2 59.056272782435
62 0.049343846423 0 2 59.056464793357
69 0.049107115552 0 2 60.056228268023
49 0.049207041165 0 2 61.056437249536
61 0.049073730581 0.04 2 63.056194894312
15 0.04931773058 0 2 63.056438581445
8 0.049001302577 0 2 64.056231823242
79 0.049258302576 0 2 64.056488855959
26 0.049108339811 0 2 67.056344304162
60 0.049289699667 0 2 68.056410833301
95 0.049061049475 0.04 2 70.05630981884
65 0.049285152671 0 2 71.056406301592
53 0.048926069544 0 2 73.056175262791
24 0.049179987386 0 2 79.056400214577
29 0.049100374269 0 2 80.056221499426
69 0.048985037752 0.2 2 82.056218270177
96 0.049045265597 0 2 89.056166407483
87 0.049289571887 0.04 2 90.056410516354
27 0.049533571886 0 2 90.056654503483
75 0.049230633261 0 2 92.056351751759
3 0.049092684448 0 2 96.05621364991
17 0.049349684447 0 2 96.056470587326
35 0.049325697502 0 2 98.05644680645
70 0.049214462694 0.04 2 108.05633560323
4 0.049259160492 0 2 111.056380315809
0 0.049196200816 0.288 2 116.056317327397
80 0.049325662244 0.04 2 117.05644682114
16 0.050062852282 0 2 120.057184017533
79 0.049319202941 0.04 2 121.056436155538
69 0.049157065038 0.704228 2 123.056278220547
18 0.049388065037 0 2 123.056509207471
93 0.049252777122 0 2 124.056369776464
24 0.049305163727 0 2 125.056426303953
58 0.049069999998 0.288 2 129.056193860714
86 0.0491793015 0.04 2 130.05630357542
13 0.049138657958 0.16 2 131.05625976353
97 0.049218283133 0.04 2 132.056342046494
50 0.049120543895 0 2 133.056245179243
17 0.049143427487 0 1 137.056264592408
0 0.049180724378 0.665782 1 138.056304242647
80 0.049348267702 0.072 1 139.05647250386
16 0.049280027234 0.288 1 142.056404204982
45 0.049365539776 0.288 1 143.056486702825
54 0.049213632295 0 1 146.056334781949
48 0.049174501754 0 1 152.056295626661
44 0.049262398442 0 1 153.056386331228
88 0.049345534453 0.072 1 158.056466694377
38 0.049350089247 0 1 162.056471228635
51 0.049026213621 0 1 164.056149521726
6 0.04927021362 0 1 164.056393442277
33 0.049198075628 0.288 1 167.056321136909
57 0.049316999998 0 1 168.056431873427
20 0.049281049536 0 1 170.056403965393
99 0.049165669217 0.072 1 173.056288594095
66 0.0491026288 0.072 1 176.056225614299
93 0.049209415224 0.216 1 181.056330246622
38 0.04934980041 0 1 184.056470650961
68 0.049053804097 0.072 1 188.05617491813
30 0.0491679814 0.47232 1 191.056289130171
57 0.049424981399 0.16 1 191.056546068754
67 0.04922979082 0.072 1 194.056350832005
99 0.049167345805 0.488 1 195.056288267629
69 0.049084048514 0.737782 1 197.056205133947
64 0.049386084871 0.072 1 203.056507092357
29 0.049061336591 0 1 205.05618242407
62 0.049291531848 0.072 1 206.056412657377
81 0.049148505871 0.072 1 210.05627298133
32 0.04914262564 0 1 211.056263764645
46 0.049373625639 0.16 1 211.056494662255
40 0.049208089388 0 1 212.056329188812
12 0.049187467623 0.590285 1 214.056308611097
96 0.049102345521 0.36 1 218.056223470948
41 0.04930734552 0.16 1 218.056428390191
15 0.049385999441 0 1 224.056507119166
74 0.049150688675 0.2576 1 225.056269113512
3 0.04907690679 0.47232 1 226.056201855258
73 0.049333906789 0.2576 1 226.056458964429
88 0.049293512221 0.2576 1 233.056414649913
17 0.049100635012 0.16 1 238.056225533812
91 0.049138065187 0.1904 2 241.056263085949
27 0.049356065186 0 2 241.056481058678
29 0.04915229442 0.665782 2 242.056273339728
28 0.049206552641 0 2 244.056331733077
75 0.049336740723 0.2576 2 249.056457809824
10 0.049117621328 0 2 251.056238674887
56 0.049169576639 0.3904 2 252.056290490241
80 0.049413576638 0.2576 2 252.056534649929
55 0.049162407322 0.16 2 257.056283534003
84 0.049045640929 0.488 2 261.056166678034
31 0.049302640928 0.16 2 261.056423729885
40 0.049208091877 0.16 2 263.05632919379
32 0.049210614501 0.16 2 266.056331745952
9 0.04907845104 0 2 269.056199617366
43 0.04918105262 0.3904 2 272.056302209617
79 0.049211897907 0.488 2 281.05633288936
64 0.049455897906 0.865745 2 281.056576838255
90 0.049343918576 0.088 2 287.056465014788
51 0.049033167739 0.16 2 288.056154324955
17 0.049102288269 0.16 2 290.056225469152
82 0.049275800733 0.0976 2 291.056396961951
14 0.049290999998 0 2 295.056412612807
8 0.049167755062 0 2 298.056289225664
50 0.049031251397 0.537856 2 299.056154282519
83 0.050324493878 0.2576 1 300.057448533865
84 0.049051824475 0.766692 1 301.056168965906
19 0.049128274218 0.16 1 302.05624586104
52 0.065908891244 0.16 1 303.073032762975
58 0.049111504614 0.3904 1 304.056232791348
32 0.04916656409 0.47232 1 305.056284378491
92 0.049384564089 -0.2 1 305.056502285717
66 0.049167489892 0.524864 1 308.056290676205
90 0.049347022531 0.088 1 309.056465070542
42 0.049046034285 0.16 1 312.056163632869
70 0.049303034284 0.488 1 312.056420607585
17 0.049547034283 0.288 1 312.056664410663
76 0.049079629376 0.67232 1 317.056202713592
14 0.049323629375 0.3904 1 317.056446535363
81 0.049214821735 0.2576 1 323.056337976118
10 0.049129648734 0.3904 1 326.056252704674
82 0.049273730248 0.134464 1 329.056396776669
98 0.049266449741 0.27808 1 335.056383763709
28 0.049174024935 0.537856 1 341.056292553247
27 0.049323973949 0.16 1 342.056445095767
74 0.04917222774 0.27808 1 344.056290762997
35 0.049403227739 0.288 1 344.056521796211
7 0.049026915807 0.288 1 354.056147935136
6 0.049283915806 0.537856 1 354.056404907214
75 0.04919167361 0.27808 1 358.056312832457
98 0.049249470973 0.435571 1 361.056370316509
3 0.049146035913 0.632228 1 365.056264790699
80 0.049390035912 0.82709 1 365.056508815229
35 0.049234744914 0.288 1 366.056355901274
8 0.049168117971 0.3904 1 369.056289282878
94 0.049076694654 -0.2 1 373.056197842852
84 0.049060863899 0.766692 1 374.056181992546
81 0.049304863898 0.435571 1 374.056425985167
58 0.049069879825 0.3904 1 377.056190958508
7 0.049326879824 0.3904 1 377.056447745349
21 0.049095419767 0.47232 1 378.056219201201
90 0.049356968197 0.088 1 382.05647811403
52 0.049325604086 0.16 1 383.056446702319
36 0.049146213103 0.288 1 386.056267325437
23 0.049377213102 0 1 386.056498331724
54 0.049216000608 0.3904 1 395.056334715731
60 0.049211710047 0.435571 1 397.056332854061
59 0.0492758928 0.692626 1 398.05639442928
22 0.049319475732 0 1 404.056438178124
75 0.049232841075 0.294464 1 407.056351580341
67 0.049291887058 0.147571 1 416.056413015302
1 0.049522887057 0.288 1 416.056643838829
3 0.049147626438 0.692626 1 421.056268122304
77 0.049217954585 0.147571 1 422.056339085823
13 0.049151988942 0.3904 1 424.056272756106
32 0.049161629621 0.47232 1 431.056282739934
78 0.04939262962 0.435571 1 431.056513703175
84 0.049035336257 0.779799 1 449.056156446502
89 0.049376172319 0.537971 1 455.056497258563
34 0.049131760039 0.16 1 456.056252771978
1 0.049560761444 0.288 1 458.056681879904
47 0.049277270119 0 1 460.056397974958
40 0.049192058923 0.288 1 461.056313124471
97 0.049423058922 0.850683 1 461.056544056778
68 0.049040709625 0.435571 1 471.056161729186
96 0.049084152109 0.630377 1 474.056205048078
17 0.049302152108 0.288 1 474.05642316974
35 0.049325669647 0.537856 1 476.05644675074
77 0.049236346898 0.548457 2 481.056351696021
34 0.049073961587 0.288 2 482.056195103625
14 0.049304961586 0.3904 2 482.056426005145
1 0.049587961585 0.288 2 482.05670903484
51 0.049082999998 0.16 2 485.056206085877
92 0.049291377151 -0.04 2 488.056414455672
72 0.049058994401 0.630377 2 492.056180155918
7 0.049046518078 0.590285 2 494.056163723852
73 0.049171815184 0.537971 2 504.056292961786
94 0.049087585313 -0.2 1 509.056210860198
24 0.049342999998 0.3904 1 514.056465299225
46 0.049190539005 0.3904 1 524.056311700889
2 0.049219710744 0.16 1 529.056341715441
55 0.049201377064 0.16 1 530.056322473487
86 0.049207566075 0.318057 1 532.056329648558
52 0.049338643177 0.692626 1 539.056459780501
7 0.049052877032 0.632228 1 541.056173823672
97 0.049244877031 0.859071 1 541.056366008479
88 0.049306504116 0.630377 1 542.056427633703
66 0.04911762665 0.75673 1 544.056238755591
46 0.049216521006 0.3904 1 546.056337664891
11 0.049243621416 0.288 1 548.05635936399
49 0.049461621415 0.3904 1 548.056577402611
94 0.049047894657 -0.04 1 553.056169018462
67 0.049330894656 0.326446 1 553.056452039678
9 0.049123057078 0.3904 1 554.056238615672
90 0.049265948375 0.1904 1 559.056387074386
39 0.049212300517 0.632228 1 563.05632781964
60 0.049289649202 0.887257 1 568.056410732371
21 0.049111023032 0.632228 1 584.056232129283
72 0.049045962045 0.75673 1 587.056167091206
93 0.049248743425 0.514101 1 592.056369903024
36 0.049152703811 0.590285 2 602.056273835106
