38 0.02746819049 0 2 22.156890164344
6 0.027236704696 0 2 25.156658239719
46 0.027350449734 0 2 26.156778981922
57 0.027263788396 0 2 29.156692339618
15 0.027256530855 0 2 41.156686824636
61 0.027500530854 0 2 41.156930810589
85 0.029104954922 0 2 43.15852812276
45 0.02723957734 0 2 47.15667012593
95 0.027221295614 0 2 49.156645526837
63 0.027506130834 0 2 51.156928446601
25 0.027187999999 0 2 52.156612365715
39 0.027556778856 0 2 57.156978636333
49 0.027224680166 -0.04 1 62.156642928253
62 0.027702680165 0.16 1 62.157120757017
15 0.027184096746 0 1 63.156605857115
71 0.027428096745 0.04 1 63.156849901529
69 0.027646096744 0 1 63.157068020641
8 0.027261991043 0 1 65.156686004612
79 0.027466991042 0 1 65.156891037271
95 0.027269846722 0 1 71.1566887179
60 0.027513846721 0 1 71.156932862377
26 0.02773184672 0 1 71.157150850896
65 0.027288900577 0 1 73.156709599194
53 0.027558900576 0 1 73.156979684315
29 0.027310204587 0 1 83.156735646534
24 0.027554204586 0 1 83.156979578497
96 0.027887006442 0 1 90.157311375683
27 0.027626438384 0 1 91.157050886193
17 0.027191020269 0 1 94.156609213313
87 0.027708020268 0 1 94.157126094079
61 0.027952020267 0.04 1 94.157370146482
75 0.027276127942 0 1 95.156705782683
3 0.027533127941 0 1 95.156962805113
35 0.027325867739 0 1 98.156747945401
70 0.027342390238 0.2 1 110.156770262924
0 0.02720968291 0 1 116.156638947742
4 0.027414682909 0 1 116.156843754855
80 0.027414922009 0 1 119.156838696231
79 0.027749077671 0.232 1 122.157172755269
93 0.02727046257 0 1 125.15669605368
16 0.027555988081 0 1 126.156980166052
18 0.027406603299 0 1 127.156825975589
24 0.027650603298 0.692626 1 127.157070059402
58 0.027424999998 0.232 1 129.156848001275
50 0.027433783791 0.04 1 132.15685667545
86 0.027191948896 0 1 134.156610935189
13 0.027461948895 0.16 1 134.156880955283
97 0.027744948894 0 1 134.157164053603
17 0.027273058867 0 1 141.156695643748
80 0.027530058866 0.590285 1 141.156952754476
45 0.027239735431 -0.072 1 143.156659727207
54 0.027332126723 0.4624 1 149.156760992585
48 0.027312768485 -0.072 1 153.156737120877
44 0.068444589039 -0.04 1 154.197874681143
88 0.027500952165 0 1 161.156929327025
33 0.028234388141 0 1 167.157662925231
6 0.02847838814 0.288 1 167.157906827549
57 0.027227455673 0.04 1 168.156648120724
38 0.027432455672 0 1 168.15685301512
51 0.027436653836 0.04 1 169.156862320647
20 0.027652501502 0 1 174.157072736615
99 0.02765089405 0.16 1 177.157074502706
66 0.027347269634 0.072 1 178.156765202009
93 0.027280849382 0.731281 1 181.156698703592
68 0.027464752628 0.072 1 189.156888885924
38 0.027440007476 0.3904 1 190.15685813524
67 0.027195704231 0.232 1 194.156620018036
30 0.027262101083 0.3904 1 195.156685811705
64 0.027712460466 0.072 1 200.157142356078
69 0.027380133815 0.4624 1 201.156804801538
29 0.027240168463 0 1 205.156670676096
62 0.027378514104 0.232 1 207.156802867509
81 0.02730329737 0 1 215.156726442355
46 0.027794297369 -0.04 1 215.157217411366
32 0.028025297368 0 1 215.157448500787
40 0.028854249635 0.088 1 216.158279913595
12 0.027336827918 0 1 217.156761160237
41 0.027272347647 -0.2 1 220.156696843966
96 0.027475818567 0 1 221.156899605982
73 0.027425215553 0.0976 1 227.156853195248
74 0.027643215552 0.2576 1 227.157071100314
15 0.027246554375 0 1 228.156673638222
3 0.027286787627 0.537856 1 229.156709705722
88 0.028502027533 0 1 233.157929882012
17 0.027261080101 0 1 238.156685783277
29 0.027908586803 0 1 243.157329171258
27 0.027496477962 0 1 244.156921101451
91 0.027166707236 0 1 247.156589020711
56 0.027540707235 0.3856 1 247.156963232341
28 0.029084999999 0.16 1 248.158507273103
75 0.027305409111 0.36 1 249.156731711248
10 0.02757540911 0 1 249.157001785655
80 0.027463999998 0.590285 1 251.156890793593
84 0.028006441455 0 1 260.157430124214
55 0.027797178767 0.50848 1 263.157220551645
31 0.027253349176 0.16 1 264.156677437616
40 0.027584472303 0.1904 1 267.157014982341
32 0.027328139307 0.288 1 269.156755289647
9 0.027546139306 0 1 269.156973456694
43 0.027186782285 -0.04 1 273.156612384279
64 0.027275432915 0.832181 1 282.156700983051
79 0.027519432914 0.2576 1 282.156945031794
90 0.02714187492 0 1 287.156560368777
51 0.027414783498 0.11808 1 291.156839078553
17 0.027225626211 0.3904 1 293.156643930921
82 0.02743062621 0.16 1 293.156849030657
14 0.027461261086 0 1 295.156885677739
83 0.027134706703 0 1 300.15655899766
84 0.027825166574 0.47232 1 302.157247583613
58 0.130118943425 0.40608 1 303.259543012559
50 0.027716644395 0.606784 1 304.157135837021
19 0.028255580521 0.16 1 305.157676503676
92 0.027991358735 0.47232 1 306.157415164892
8 0.027391067448 0.16 1 307.156810030863
52 0.027176689515 0.422464 1 308.156604737496
90 0.02718414927 0.16 1 309.156602529664
32 0.027798211892 0.288 1 310.157217160656
42 0.027810780999 -0.04 1 311.157239175797
66 0.027395583906 0.40608 1 313.15681449577
70 0.027613583905 0.3856 1 313.157032619147
17 0.027181612017 0.537856 1 315.156599572002
76 0.027425612016 0.27808 1 315.156843842197
14 0.027377081323 0 1 317.156807129423
81 0.028092828707 0 1 324.157510881441
10 0.02963901041 0.632228 1 324.15905713546
82 0.027831020901 0.288 1 327.157249283987
98 0.027265693052 0.47232 1 333.156687277039
28 0.027213804056 0.16 1 340.156638187442
27 0.027551441232 0.47232 1 346.156979439262
74 0.027548658245 0.2576 1 347.156979035396
35 0.027375385511 0.16 1 348.156799588607
6 0.027216999998 0.288 1 350.156645905257
7 0.027312773389 0 1 352.156740865008
75 0.027345150462 0.422464 1 359.156773650172
98 0.027184090386 0.537856 2 361.156612125166
3 0.027343636509 0.537856 2 368.156772281452
80 0.027548636508 0.590285 2 368.156977305291
7 0.027658001555 0 2 375.157077388879
84 0.027928001554 0.47232 2 375.157347602718
8 0.027653279506 0.288 2 376.157077415452
94 0.028460822105 0 2 376.157885109552
21 0.027160470756 0.288 2 379.156584840316
58 0.027430470755 0.422464 2 379.156854733041
81 0.027674470754 0.16 2 379.157098646121
90 0.027164834392 0.47232 2 386.156588321285
52 0.027993834391 0.422464 2 386.157417320768
23 0.027631490282 0 2 389.157060725201
36 0.028756490281 0.288 2 389.158185720499
54 0.027391611688 0.50848 2 394.156822070163
60 0.027397519719 0.147571 2 401.156819267502
59 0.027641519718 0.147571 2 401.157063231606
22 0.027233052912 0.16 2 407.156655240601
75 0.027516052911 0.435571 2 407.156938279001
1 0.027419273526 0.16 1 414.156838856822
67 0.027221936602 0.524864 1 418.156648630953
3 0.027283129014 0.714101 1 421.156709607238
13 0.027289468911 0.16 1 423.156713888465
77 0.02752046891 0.147571 1 423.156944827946
32 0.028998671439 0.288 1 433.158425828662
78 0.029229671438 0.307571 1 433.158656792979
67 0.027187999999 0.548457 1 440.156612434173
84 0.027381865545 0.47232 1 451.156806158783
47 0.027256986255 -0.04 1 453.156681427164
34 0.027526986254 0.288 1 453.156951405309
89 0.027414350492 0.3904 1 456.156838665002
1 0.027819975958 0.288 1 459.157244321936
40 0.027972607958 0.27232 1 460.157401024211
97 0.028190607957 0.16 1 460.157618955731
17 0.027240880659 0.590285 1 471.156665798599
68 0.028255474349 0.158057 1 472.157683700302
96 0.027471095449 0.16 1 473.156899497978
35 0.027365680348 0.537856 1 475.156786979829
14 0.027397994477 0 2 481.156824900746
77 0.027641994476 0.454446 2 481.157068757776
34 0.027885994475 0.288 2 481.157312918513
1 0.028142994474 0.288 2 481.157569850542
51 0.027454863646 0.695913 2 485.1568779364
92 0.027285833428 0.537856 2 489.156707163047
72 0.028417999998 0.790285 2 496.157845216954
7 0.027261858852 0.537856 2 497.15668855665
73 0.027372310552 0.798673 2 505.15679961214
94 0.027255999998 0.731281 2 509.1566790821
24 0.027419927231 0.745024 2 515.156842683014
46 0.027302141606 -0.2 2 524.156727036282
86 0.027225221052 0.288 2 533.156650225996
2 0.027469221051 0 2 533.156894093461
55 0.02768722105 0.790285 2 533.157112071832
52 0.02719558065 0.556846 2 541.156615439513
7 0.027465580649 0.537856 2 541.156885340154
97 0.027709580648 0.288 2 541.157129523581
66 0.02737976474 0.446057 2 544.156799443142
88 0.027662764739 0.16 2 544.157082353878
49 0.02717440755 0.088 2 548.156603663423
11 0.027361868177 0.16 2 551.156785356774
67 0.027197194865 0.556846 2 553.15662703724
94 0.027467194864 0.731281 2 553.156897016053
9 0.027419788043 0.16 2 555.15683963088
90 0.027595872171 0.537856 2 559.157020270687
39 0.027392810845 0.3904 2 565.15681713779
60 0.027996734409 0.333156 2 570.157423988072
21 0.027163342212 0.47232 2 583.156586423915
72 0.027266896836 0.937972 2 588.156696419828
93 0.027313868843 0.745024 2 593.156738256014
36 0.027354208926 0.47232 2 603.15677856798
68 0.028677245946 0.333156 2 604.15809605943
5 0.027283181584 0 2 605.156707620384
