38 0.017837559625 0 2 21.854715803831
6 0.017817682223 0 2 24.854695613933
46 0.017817999998 0 2 25.854697024881
57 0.017752999998 0 2 28.854637942721
61 0.017882999998 0 2 40.854759699308
15 0.017690288521 0 2 41.854578117601
85 0.017805430609 0 2 42.854682395287
45 0.017575103518 0 2 46.854451538828
63 0.018050933172 0 2 46.854927369703
95 0.017712924004 0 2 48.854589604279
25 0.017769953259 0 2 50.854651866018
62 0.01772672765 0 2 53.854608664259
39 0.017579565261 0 2 54.854463656204
71 0.017567525072 0.04 2 57.854451455606
61 0.017825121104 0.04 2 62.854701042933
49 0.017569532779 0 2 64.854449066849
79 0.01827072256 0 2 67.855150379167
69 0.018418494393 0 2 69.85530421455
60 0.017590481295 0 2 70.854470390373
95 0.018385403741 -0.04 2 70.855265155128
15 0.017644201657 0 2 71.854526051141
65 0.018451970812 0 2 71.855333843521
8 0.017658634263 0 2 72.85453852728
53 0.018095461903 0 2 72.854975690777
26 0.018505847439 0 2 72.855385855261
24 0.01775447186 0 2 77.854642142449
29 0.017595435207 0 2 79.854482186531
27 0.017504078667 0 2 84.854387859481
87 0.017708758623 0.04 2 85.854593680254
96 0.01776774612 -0.04 2 88.854651400085
17 0.017820502846 0 2 90.854696979458
75 0.017528508432 0 2 94.854412184403
3 0.017978064788 0 2 94.854861763336
35 0.017833878574 0 2 96.854714102907
70 0.017818583147 0.328 1 107.854704582642
4 0.017633573497 0 1 110.854516355952
0 0.01770930904 0 1 115.854594402933
80 0.017858374577 0 1 117.854746954328
16 0.017562390514 0 1 120.854438354654
79 0.033039404326 0.609856 1 121.869919510821
24 0.017958255222 0 1 124.854845909676
18 0.017662809962 0 1 127.85454908603
93 0.018112189784 0 1 127.854998462143
58 0.017683779829 0 1 128.854562009281
50 0.017840891853 0 1 131.854728788121
13 0.018076636072 0.537856 1 132.854959477564
97 0.017644125255 0 1 133.854522913598
86 0.018093569551 0.232 1 133.854972236746
16 0.017567157641 0 1 142.854450796782
17 0.018029523135 0 1 142.854913233864
45 0.017622111418 0 1 143.854503486978
54 0.017777748871 0 1 145.854656285582
48 0.017801887 0 1 151.854680234233
44 0.017823978544 0 1 153.854704704113
88 0.017661559868 0.232 1 158.854543577142
38 0.017615764734 0 1 161.854497672483
6 0.017641447492 0 1 162.854524913245
51 0.017698251659 0 1 163.854582944266
33 0.017963223469 0.16 1 167.854843159575
20 0.017639687263 0.288 1 168.854515721688
57 0.018102119493 0 1 168.854978041344
99 0.017696804951 -0.072 1 171.85457251801
66 0.017600074742 0.072 1 173.854476234132
93 0.017774011087 0.088 1 181.85465849091
38 0.017541133504 0.16 1 183.854419076817
68 0.017616718907 0.072 1 189.854494845706
57 0.01791772941 0 1 190.854802677425
67 0.017829141844 0.36 1 194.854712348429
69 0.018025633222 0.232 1 195.8549038656
30 0.017581424587 0 1 196.854466783538
99 0.018043940529 -0.072 1 196.854929398057
64 0.017635599175 0.072 1 200.854514499045
29 0.017577158282 0.3904 1 203.854456200841
62 0.01777755005 0.04 1 205.854660611407
46 0.017836028617 0.288 1 208.854723006597
81 0.017583999998 0.0976 1 209.85447133171
12 0.017894499445 0.47232 1 213.854775859288
40 0.017752258579 0 1 214.854634138356
32 0.018175722801 0 1 214.855057598884
41 0.017662227652 0 1 215.854543718779
96 0.017808433773 0.216 1 217.854690367093
74 0.017818611824 0.0976 1 224.854699877075
73 0.017802725065 0.232 1 225.854687181029
3 0.017637135755 0.16 1 227.854520082562
15 0.018086559957 0.288 1 227.854969497203
88 0.017661729993 0.2576 1 232.854543622744
17 0.017751013738 0.288 1 237.854632007514
27 0.017571519726 0 1 239.854452854955
91 0.017786234588 0.088 1 243.854674269078
29 0.017581091056 0.692626 1 246.854468612205
56 0.017823301304 0.16 1 247.854708888522
10 0.017768999997 0.16 1 248.854656576296
75 0.017504913392 0.56992 1 250.854386173217
80 0.018133714279 0.0976 1 250.855015111913
28 0.018364714278 0 1 250.85524585293
55 0.017863713154 0 1 256.85474515539
84 0.017686385637 0.2576 1 258.854570343936
31 0.017842824736 0 1 260.854727145137
40 0.017764724697 0 1 261.854647500108
32 0.017758425784 0.16 1 265.854645973364
9 0.017658347302 0 1 269.85453589011
43 0.017762181251 0 1 271.854649544384
64 0.017624404699 0.5904 1 276.854501535229
79 0.017625079365 0.635456 1 277.854512007465
90 0.017643958553 0.088 1 285.854521264538
51 0.017730702181 0 1 287.8546089612
17 0.017775038576 0.3904 1 288.854658032604
82 0.017676722929 0.0976 1 291.854554427291
14 0.017602141008 0 1 294.854479840818
8 0.01773398494 0 1 297.854617183704
50 0.017526142435 0 1 298.854411736758
84 0.018158676919 0.82709 1 301.855040493683
92 0.017875451506 -0.04 1 302.854754525378
83 0.018299045046 0.2576 1 302.855177989825
19 0.017952349403 0 1 303.854835410735
58 0.017834944373 0.288 1 304.854718865044
52 0.018104944372 0.16 1 304.854988855387
32 0.017760145671 0.16 1 305.854645936738
66 0.017658060278 0.294464 1 306.854541205266
90 0.01766369989 0.088 1 307.854547105194
70 0.017781574568 0.56992 1 309.854665576542
42 0.017738107174 0.288 1 310.854621817283
17 0.018174330054 0.590285 1 310.855057764289
76 0.017844077516 0.524864 1 314.854726448835
14 0.017614643156 0.665782 1 316.854492265378
81 0.017622673636 0.0976 1 322.854510326574
10 0.017769799783 0.16 1 323.854654186965
82 0.017611206799 0.294464 1 327.854489422207
98 0.017815394362 0.088 1 333.854693609895
28 0.017654969419 0 1 338.854543666578
27 0.01755100343 0.16 1 341.854426802199
74 0.017736428762 0.27808 1 346.854617150893
35 0.01815991151 0.16 1 346.855040657767
7 0.017666642363 0 1 351.85455087364
6 0.017897642362 0.537856 1 351.854781845174
75 0.017599225073 0.750308 1 358.854477440689
98 0.017815141107 0.390285 1 361.854693103385
3 0.017624292323 0.16 1 365.85450735172
80 0.018048053559 0.134464 1 365.854931137333
8 0.017701370607 0.47232 1 369.854578150488
94 0.017642557192 -0.2 1 372.854519254465
84 0.017708582693 0.82709 1 373.854592769531
7 0.01755166827 0 1 374.854438914516
81 0.018001360482 0.422464 1 374.854888826419
58 0.017724302754 0.47232 1 375.854601001373
21 0.01754663349 0 1 377.854422371119
90 0.017768165554 0.088 1 382.854653976854
52 0.017999165553 0.16 1 382.854884974325
36 0.01777889517 0.537856 1 384.854667257757
23 0.017585576893 0.3904 1 387.854473663968
54 0.017840848353 0 1 394.854721219224
59 0.017588773489 0 1 395.854477233621
60 0.017552666778 0.435571 1 396.854431680107
22 0.017714492789 0.16 1 403.854599736866
75 0.017581487492 0.766692 1 404.854464458269
1 0.017630937818 0.16 1 411.854506751346
67 0.017742219143 0.695913 1 415.854626689763
77 0.017563287391 0.435571 1 421.854442106771
3 0.018025577727 0.288 1 421.854904141161
13 0.017731868016 0.537856 1 423.85461007167
75 0.0175731633 0.779799 1 426.854451317143
32 0.017768569179 0.16 1 433.854645666134
78 0.018230994603 0.147571 1 433.855108056518
67 0.017683376901 0.695913 1 437.854561523967
84 0.017783145545 0.840197 1 447.85466140293
34 0.017700999998 0.288 1 452.854581018011
89 0.018030373207 0.548457 1 457.854917225455
1 0.017541587675 0.288 1 458.854428644036
47 0.018129758332 0.288 1 459.855010938106
97 0.017624251231 -0.04 1 460.85450976145
40 0.018073921753 0.3904 1 460.854959500011
68 0.017561672574 0.147571 1 467.85444310214
96 0.017796202639 0.337856 1 468.854677344481
17 0.017802903515 0.590285 1 470.85468403876
35 0.017835211217 0.47232 1 474.854714047495
14 0.017640081534 0.665782 1 480.854518728442
1 0.017615557985 0.47232 1 481.854493607944
77 0.01781465069 0.790285 1 484.854699779413
51 0.018097650689 0 1 484.854982721941
92 0.017831840326 0.1904 1 487.854717146027
7 0.017563987868 0.288 1 492.854452461398
72 0.017974760114 0.446057 1 492.854863219911
73 0.017660075188 0.446057 1 503.854545912328
94 0.017687571053 -0.2 1 508.854571271809
24 0.017758468322 0.288 1 513.854642137383
46 0.017857770397 0.47232 1 524.854735989003
55 0.017810935077 0 1 528.854693185426
2 0.017869999998 0 1 529.854754934329
86 0.017752999998 0.548457 1 533.854637746149
52 0.017760446681 0.3904 1 538.854641052738
97 0.017674188233 -0.04 1 540.854562029824
7 0.017728067304 0.47232 1 541.854608390226
88 0.017920067303 0.454446 1 541.854800606593
66 0.01760127963 0.904437 1 543.854489194942
11 0.017655086587 0.288 1 547.854541271291
49 0.017594889249 0.3904 1 548.854475481565
67 0.028720978001 0.865782 1 554.865601542999
9 0.017621222152 0 1 555.854509797778
94 0.01803174329 -0.2 1 555.854920234507
90 0.017668267652 0.088 1 558.854547234426
60 0.017814975724 0.645476 1 566.854701654251
97 0.018071975723 -0.04 1 566.854958679466
39 0.018354975722 0.3904 1 566.855241491657
21 0.017544091053 0.692626 1 583.854422299079
72 0.017825278898 0.798673 1 586.854703509868
93 0.017754766222 0.432228 1 593.85463293789
36 0.017791999998 0.75602 1 601.854680205833
68 0.017551850134 0.638766 1 603.85443010816
5 0.017743846795 0.288 1 605.854630875248
