6 0.050357695358 0 2 22.258211035121
38 0.050139457326 0 2 25.257992869174
46 0.050018999998 0 2 26.257876565101
57 0.050129582245 0 2 29.257986945399
15 0.050339204366 0 2 43.258192677474
85 0.050144029958 0 2 45.257997356233
61 0.050375029957 0 2 45.258228400446
45 0.050242041174 0 2 48.258095543909
95 0.050289527282 0 2 50.258135931057
63 0.050559527281 0 2 50.258406023173
25 0.050166471498 0 2 52.258019968579
39 0.050069138713 0 2 54.257922700421
62 0.050352138712 0 2 54.258205694521
71 0.05015629812 0.04 2 58.258009820275
49 0.05004353427 0 2 60.257897072419
69 0.050326534269 0 2 60.258180090632
15 0.050430752708 0 2 65.258284779937
8 0.050070720757 0 2 66.257924161678
26 0.050128080697 0 2 67.257981649565
79 0.050359080696 0 2 67.258212509382
60 0.050220260514 0 2 69.258073752899
65 0.05023154079 0 2 71.258081928296
95 0.050324062851 -0.04 2 72.258177326806
53 0.050291303388 0 2 74.258138055981
24 0.050023975423 0 2 78.257877519717
29 0.05014678696 0 2 80.257993882572
69 0.050284407937 0.2 2 82.258131128961
87 0.050372061431 -0.04 1 89.25822780878
75 0.050027206242 0 1 91.257880773569
96 0.050297206241 -0.04 1 91.258150662036
61 0.050111895639 0.04 1 93.257965246738
27 0.050602895638 0 1 93.258456139839
17 0.050230484701 0 1 95.258078594231
3 0.05026798665 0 1 96.258121356545
35 0.050077588204 0 1 97.257931145997
70 0.050335162369 0.04 1 108.258188706764
4 0.050252999998 0 1 112.258101465594
0 0.050309672098 0 1 116.258162750048
80 0.050280780856 0 1 117.258134343615
16 0.050060061647 0 1 120.257913630751
69 0.050425189868 0.232 1 121.258273366818
79 0.050190175545 0.4624 1 124.258038118069
24 0.050060258544 0.288 1 126.257913757524
18 0.050227825709 0 1 127.258075988442
93 0.050484825708 0 1 127.258332985334
58 0.050378086912 0 1 130.258226497985
86 0.08444789332 -0.072 1 131.292303792007
97 0.050360126848 0.12 1 132.258213693865
50 0.050145543611 0 1 135.257998963809
13 0.05042854361 0.3904 1 135.258281881608
80 0.050527244086 0.088 1 139.258380666029
17 0.050154498496 0 1 140.25800328173
16 0.052056872747 0.16 1 142.259910118746
45 0.050192701024 0.16 1 145.258046177656
54 0.050323542546 0 1 148.258177006664
44 0.050059837056 0 1 154.2579133532
48 0.050342837055 0 1 154.258196276102
88 0.050254335521 -0.072 1 158.258112570758
57 0.050138486945 0 1 167.257991924828
6 0.050811486944 0 1 167.258664828908
38 0.050144903301 0 1 168.257998192362
33 0.050648583057 0 1 169.258501935333
51 0.050251440657 0 1 170.25810473712
20 0.050495440656 0 1 170.258348859066
99 0.050128221601 -0.072 1 171.2579818004
66 0.050317999998 0.072 1 174.258176047883
93 0.053681634849 -0.04 1 181.261534884353
68 0.050812190882 0.072 1 187.258665753848
57 0.050077161565 0 1 189.257934843759
38 0.050191277345 0 1 190.258044509212
99 0.050168391408 -0.072 1 193.258021659506
67 0.050984391407 0.072 1 193.25883788097
30 0.050257315952 0.16 1 194.258108632539
64 0.050175643268 0.072 1 200.258026882258
69 0.050393643267 0.232 1 200.258244694872
29 0.050111574174 0.288 1 204.257967896948
62 0.051484157358 0.04 1 205.259337731812
46 0.051958732762 0 1 208.259812307304
81 0.050082499102 -0.2 1 209.257940084852
40 0.050118897354 0 1 211.257972445822
32 0.050220284489 0 1 212.258077667787
12 0.050195452361 0.16 1 214.258048999745
41 0.050132975075 0 1 216.257986513567
96 0.05010417615 -0.072 1 218.257961437809
3 0.050408161466 0.16 1 224.258265450165
74 0.050166938024 0.0976 1 228.258015389477
15 0.050410938023 0 1 228.25825936752
73 0.050641938022 0.232 1 228.25849048221
88 0.050232445281 -0.2 1 236.258086257962
17 0.05020195099 0.16 1 238.258055490442
27 0.050136161743 0 1 240.257984617056
29 0.050129619582 0.3904 1 243.25797805269
91 0.050189946051 -0.04 1 245.258038160906
28 0.05045994605 0 1 245.258308308057
56 0.050023220636 0 1 246.257878958949
75 0.050094236764 0.2576 1 248.257942511329
10 0.050079824177 0 1 249.257935686706
80 0.050319784893 -0.04 1 250.258173351689
84 0.050195856187 0.088 1 261.25804584251
55 0.050579171617 0.3904 1 262.258432487171
40 0.050170578578 0 1 263.2580192793
31 0.050440578577 0 1 263.25828917727
32 0.050279471956 0.16 1 267.258129652885
9 0.05020660341 0 1 270.258056951804
43 0.050245773418 0.288 1 272.258099334219
79 0.050120351707 0.488 1 281.257973096997
64 0.050390351706 0.708365 1 281.258243046421
90 0.050007214479 -0.2 1 288.257860670303
17 0.050378914455 0.16 1 291.258232377253
82 0.050157642029 -0.2 1 294.25801107349
51 0.050440642028 0 1 294.258293941051
14 0.050183502955 0 1 296.25803643092
84 0.050320559916 0.088 1 301.258173835441
83 0.050510099606 0.1904 1 302.258363574875
8 0.050078265113 0 1 303.257931588987
52 0.050712265112 0.16 1 303.258565797512
92 0.054499849654 0.088 1 305.262348863959
50 0.050138018408 0.16 1 306.257991280951
58 0.051725272031 0 1 306.25957868082
19 0.050258299387 0 1 307.258111551182
32 0.050228143983 0.3904 1 308.258076988855
66 0.050459143982 0.134464 1 308.258308054554
70 0.050375780458 0.27808 1 311.258224610373
42 0.05005574357 0 1 312.257913485488
17 0.050205720118 0.288 1 313.258058983553
14 0.050149743045 0.288 1 318.258007443143
76 0.050354743044 0.27808 1 318.258212568893
81 0.053446970975 -0.2 1 327.261300315077
82 0.050105645756 -0.2 1 330.257959073689
10 0.050362645755 0.288 1 330.258215938373
98 0.050193387867 -0.04 1 334.258046905621
28 0.050340793215 0.16 1 340.258194307956
27 0.050115811916 0.3904 1 341.257971654712
35 0.050072784532 0.16 1 347.257928160516
74 0.050342784531 0.294464 1 347.258198141681
6 0.050182632492 0.47232 1 350.258038069367
7 0.050302064519 0 1 354.258152078642
75 0.050024038136 0.27808 1 358.257877600857
98 0.05024513386 -0.04 1 361.258098397607
80 0.05025957171 0.088 1 368.258105419649
3 0.050516571709 0.16 1 368.258362395845
8 0.050112390226 0.288 1 369.257965958957
6 0.050249481178 0.47232 1 372.258103042185
81 0.050081172585 -0.2 1 374.257934697741
7 0.050563734763 0 1 376.258417013172
94 0.050478662228 0.432228 1 377.25833179445
58 0.050413905993 0 1 378.258267343878
84 0.050132115864 0.337856 1 380.257980839458
21 0.050389115863 0.16 1 380.258238014822
90 0.049994531138 -0.2 1 382.257848080836
52 0.050355531137 0.16 1 382.258209078114
23 0.050029429498 0 1 388.257882862452
36 0.050221429497 0 1 388.258074857124
54 0.050284643787 0.16 1 394.258138209146
59 0.05013147096 0.288 1 396.25798502293
60 0.050246777161 0.134464 1 398.258099773637
22 0.05026513721 0 1 408.258118492402
75 0.050030741368 0.422464 1 409.257877206445
1 0.050164358079 0 1 412.258011119235
67 0.050317999998 0.307571 1 416.258169516212
3 0.050319891427 0.288 1 421.258173166099
77 0.050271917552 0.537971 1 422.258125568415
13 0.050206960989 0.3904 1 424.258060466693
78 0.050285772012 0.294464 1 429.258139339104
32 0.050263141301 0.3904 1 432.258116611031
67 0.050250936845 0.446057 1 438.258104421782
84 0.050156274806 0.337856 1 448.25800983415
34 0.050159844101 0.16 1 453.258013394476
47 0.0504298441 0.47232 1 453.258283416334
89 0.050273884789 -0.2 1 454.2581274197
1 0.050157624676 0 1 457.258011192231
97 0.050095903828 0.1904 1 458.257949438275
40 0.050181578925 0.288 1 460.258035092814
96 0.050559742305 -0.072 1 474.2584155843
17 0.050356937958 0.288 1 475.258210316621
35 0.050017047683 0.288 1 476.257863266799
68 0.050287047682 0.158057 1 476.25813311314
14 0.050128216884 0.537856 1 480.25798449867
77 0.050306503338 0.556846 1 482.258152803703
1 0.050576503337 0 1 482.258422897644
51 0.050241139758 0.16 1 484.258094626093
92 0.050320137092 0.1904 1 488.258173544921
72 0.049999810883 0.537971 1 492.257853376192
7 0.050321810882 0 1 492.258175389795
73 0.050226999998 0.446057 1 504.25807572151
94 0.05031522599 0.465782 1 509.258168786669
24 0.050062972885 0.288 1 514.257916514641
46 0.050083999998 0.16 1 524.257941619447
55 0.05038939274 0.47232 1 532.258242803883
2 0.050137344493 0 1 533.257994503983
86 0.050163772659 -0.2 1 534.258011774539
52 0.050302771308 0.16 1 539.258160066425
97 0.050075994107 0.1904 1 542.257933359328
7 0.053593834832 0.731281 1 543.261451659205
66 0.091936686446 0.75673 1 543.299794785377
88 0.050284886773 -0.04 1 544.258138330398
49 0.050034670305 0.16 1 548.257888239913
11 0.050291670304 0.16 1 548.258145201246
94 0.051422754826 0.531281 1 553.259276282527
9 0.050213722636 0.3904 1 556.25806720163
67 0.050418722635 0.454446 1 556.258272137071
90 0.050005008737 -0.2 1 558.257862844889
39 0.049990760858 0 1 563.257842018912
60 0.050194300279 0.563556 1 567.258047832429
21 0.083146867062 0.3904 1 584.291000377188
72 0.050061722943 0.548457 1 588.257915210839
93 0.050226795495 -0.04 1 592.258080358946
36 0.050159537085 0 1 602.258013072299
