38 0.029398483378 0 2 21.655076692408
6 0.029048495807 0 2 22.654726455181
5 0.029318495806 0 2 22.654996605758
46 0.029166608149 0 2 25.654844809504
57 0.029198119435 0 2 28.65487625258
61 0.029354439404 0 2 40.655032650794
15 0.029063647905 0 2 41.654741828143
85 0.029150391053 0 2 43.654828419467
45 0.029126496988 0 2 47.65480092543
63 0.029383496987 0 2 47.655057926404
95 0.029199513889 0 2 48.654880820896
25 0.029112452464 0 2 50.654786786329
71 0.029093155484 0 2 57.654771787166
62 0.02916603624 0.04 2 58.654844043337
39 0.029423036239 0 2 58.655101037878
49 0.029089760939 0 2 59.654771127784
69 0.029310496169 0 2 60.65499115671
61 0.029292447964 0.04 2 62.65496761644
15 0.029031247162 0 2 64.654712860909
8 0.029253309067 0 2 66.654935597467
79 0.029484309066 0 2 66.655166629621
26 0.02913855871 0 2 67.654820344813
60 0.029243983494 0 2 68.654919070469
95 0.029186067536 0 2 70.654867571166
65 0.029193332087 0 2 71.654868655513
53 0.029662187632 0 2 72.655337005542
49 0.02909636794 0 1 81.654774096975
24 0.029160522515 -0.072 1 83.654838470103
29 0.029391522514 -0.04 1 83.655069535985
87 0.029071366342 0 1 85.654753102831
27 0.029341366341 0 1 85.655023088067
96 0.029105450382 0 1 89.654782354332
17 0.029354240488 0 1 90.65502929765
75 0.029661745642 0 1 93.655342268228
3 0.029944745641 0 1 93.655625291153
35 0.029268799285 0 1 97.65495033361
69 0.029691855179 0.04 1 99.655369326967
70 0.029172958155 0 1 107.654857588727
0 0.029094276576 0 1 116.654772835703
4 0.029338276575 0 1 116.655016644494
80 0.029290419704 0 1 117.654975835242
79 0.02948321662 0.16 1 123.655157529391
18 0.029753216619 0 1 123.655427778625
93 0.029427175982 0 1 125.655111743426
24 0.029052940916 -0.072 1 127.654877466206
16 0.029296940915 0 1 127.655121298072
58 0.029180052773 0 1 128.654859434186
86 0.029300505827 0 1 129.654982411394
13 0.029204545307 0 1 130.655002877948
97 0.028994250285 0 1 136.654805733516
50 0.029277250284 0 1 136.655088719741
17 0.029292737218 0 1 137.65497729419
0 0.029092886924 0 1 138.654778196262
80 0.029228848741 0 1 139.655027625234
45 0.029071997397 0 1 144.654751468811
54 0.029322767511 0 1 146.655007424359
48 0.029029442581 0 1 155.654707455738
44 0.02931244258 0 1 155.654990532181
88 0.029092858709 0 1 158.654772075456
38 0.029318774804 0 1 161.655001741731
6 0.02929989488 0 1 167.654982450347
51 0.029211624832 0 1 168.654889620099
20 0.029403624831 0.088 1 168.65508175016
57 0.029866076755 0 1 168.655544088808
33 0.030136076754 0.288 1 168.655814090363
99 0.029040642807 0 1 172.654865828197
66 0.029082132698 0.072 1 174.654754890784
93 0.029192999998 0 1 181.65503086766
38 0.029276730988 0 1 183.654949127999
68 0.029235400498 0 1 189.654908138096
99 0.029535697664 0.288 1 194.655217249686
67 0.029328338853 0.0976 1 195.655001155858
69 0.029611338852 0.04 1 195.655284333002
30 0.029829338851 0 1 195.65550213104
64 0.02925813221 0.072 1 200.654933984458
29 0.029247152683 -0.072 1 203.654930191884
62 0.029189945589 0.04 1 206.654872928904
46 0.029207413946 0 1 209.654890308773
40 0.029552198893 0 1 210.655230410177
81 0.029874198892 0 1 210.655552339918
32 0.031604482179 0 1 212.657287623379
12 0.029983999999 0 1 214.655668885447
41 0.029217077282 0 1 215.654898256936
96 0.029075999998 0 1 217.654756411812
15 0.029093074368 0 1 223.654767832615
74 0.029324074367 0 1 223.654998853725
3 0.029332688731 0 1 224.65500593821
73 0.029119960521 0 1 225.65479817514
88 0.029084442461 0 1 235.654758851722
17 0.029338123571 0 1 237.655016325862
27 0.029310123179 -0.2 1 239.65498717361
91 0.029350688939 0 1 240.655028886167
29 0.029248247107 -0.2 1 241.654930017664
28 0.029259660332 -0.072 1 244.654934272117
56 0.029379793115 0 1 246.655057981167
75 0.029159162061 0 1 247.654840767699
10 0.029064628285 0 1 248.654748733857
80 0.030225592851 0.16 1 253.655906797037
55 0.02923851283 0 1 257.6549154713
84 0.029173057788 0 1 258.654846244669
31 0.029090479025 0 1 259.654768429745
40 0.029136339978 0.16 1 261.654816601562
32 0.029331542525 0.16 1 265.655007642652
9 0.029108848607 0 1 269.65478703641
43 0.029267764052 0 1 275.654945808166
79 0.029225776981 0.16 1 281.654901412915
64 0.02944377698 0.56992 1 281.655119363604
90 0.029296231447 0.16 1 285.654969064401
51 0.029145491004 0 1 290.654821135076
17 0.029389491003 0.16 1 290.655065171297
82 0.029341971753 0.288 1 293.655017684921
14 0.029117907718 0 1 297.654791150656
8 0.029350625069 0 1 299.655035334374
84 0.029190113168 0 1 301.654871654331
58 0.02955583273 0 1 302.655240498911
92 0.029353712155 0 1 303.655028125653
19 0.029304271695 0.16 1 304.654980135882
83 0.029496271694 0.16 1 304.655172168967
50 0.029779271693 0 1 304.655455121075
52 0.029163974306 0 1 305.654848371834
32 0.029446974305 0.16 1 305.655131490881
66 0.029033943265 0.134464 1 306.654715952324
90 0.02930234382 0.47232 1 307.654981869293
70 0.029175666253 0.16 1 309.654857582755
42 0.029178515705 0 1 311.65485767388
17 0.029347007116 0.16 1 312.655028719456
76 0.029150525169 0 1 314.654829611767
14 0.029047066506 0 1 319.654728321673
10 0.029096063292 0 1 323.654773324393
81 0.029392063291 0 1 323.655069252015
82 0.029319190497 0.537856 1 327.654991858369
98 0.02920295236 0 1 334.654879051302
27 0.029677703629 -0.2 1 344.655354555767
28 0.029463496066 -0.04 1 345.655141439517
35 0.029257658856 0 1 347.654934325699
74 0.029514658855 0 1 347.655191312548
6 0.02963934511 0.16 1 353.655316112645
7 0.029935345109 0 1 353.655612140786
75 0.029123541892 0.16 1 359.654801677483
98 0.029226222126 0 1 361.65490460324
80 0.029323562025 0.3904 1 367.655001649504
3 0.029288659546 0 1 368.654966680006
8 0.029226378887 0 1 369.654899419692
81 0.030378346539 0 1 374.656056489305
7 0.029576533665 0 1 375.655256493744
84 0.029197693728 0 1 376.654882322657
94 0.029402693727 0 1 376.65508729818
58 0.029239835972 0 1 377.654921466003
21 0.029522835971 -0.2 1 377.655204574594
52 0.029145956104 0.288 1 381.654826071236
90 0.029363956103 0.47232 1 381.6550440741
36 0.029156407476 0 1 387.6548354079
23 0.029413407475 -0.04 1 387.655092413602
54 0.029496967823 0 1 396.655175061593
60 0.029169377329 0.134464 1 400.654853823603
59 0.029276999029 0 1 401.654956307275
22 0.029151132852 -0.2 1 406.654835741631
75 0.029155718134 0.16 1 409.654840389981
1 0.02920573404 0 1 413.654887349107
67 0.029105828799 0.147571 1 416.654783978702
3 0.029340564205 0 1 421.655018489324
77 0.029103748152 0 1 422.654781901039
13 0.029334748151 0.537856 1 422.655012961845
78 0.029242527622 0 1 433.654920536388
32 0.029370761591 0.16 1 434.655046249308
67 0.029105817315 0.446057 1 438.654783955734
84 0.029233036204 0 1 448.654911213079
34 0.029224590986 0 1 453.65490358454
47 0.029137771601 0.16 1 454.654815916195
89 0.029049074719 0 1 455.6547240359
1 0.029287325505 0 1 457.654965510569
97 0.029094749033 0 1 458.65476963743
40 0.029137540666 0.288 1 459.654816527384
96 0.029087130075 0.16 1 468.654765310793
68 0.029318130074 0.147571 1 468.654996304823
17 0.029276363762 0.16 1 473.654951088778
35 0.029259661884 0.16 1 475.654937278082
14 0.029066835609 0 1 479.654741892333
77 0.029249637893 0.3904 1 481.654926909572
1 0.029454637892 0 1 481.655132003006
34 0.029685637891 0 1 481.655363071445
51 0.029202192031 0 1 482.654880386249
92 0.029357216924 0 1 488.655035389048
72 0.029081782589 0 1 493.654761413734
7 0.029325782588 0.288 1 493.655005427694
73 0.029023999998 0.16 1 503.654707172518
94 0.029325013078 0.288 1 509.655007886443
24 0.02920234609 -0.2 1 513.654880550526
46 0.029226821556 0.3904 1 524.654909773534
55 0.029315383006 0 1 528.65499359131
2 0.029228689878 0 1 529.654902886925
86 0.029252164256 0 1 533.65493030349
52 0.029173167479 0.3904 1 539.654851326131
7 0.029355416419 0.288 2 541.655039471235
97 0.029284550369 0 2 543.654964268776
88 0.029074824387 0.16 2 544.654758835624
66 0.029045926904 0.798673 2 545.654728763184
11 0.029277102071 0.16 2 547.654961170452
49 0.02906230257 0.3904 2 548.654745100354
67 0.029126603552 0.454446 2 553.654810011754
9 0.029103917273 0.288 2 554.654786817742
94 0.029386917272 0.47232 2 554.655069731916
90 0.029290065049 0.47232 2 561.654968765195
39 0.02922461483 0 2 563.654907783485
60 0.0292564716 0.446057 2 566.654932150263
21 0.029313403956 -0.2 2 585.654991486999
72 0.029161462046 0 2 587.654842929098
93 0.029366165049 0.47232 2 594.655044256948
36 0.028997521579 0 2 601.654822705353
