6 0.052248978174 0 2 21.156562034749
5 0.052518978173 0 2 21.156832057502
38 0.052352378669 0 2 22.156665600273
46 0.052385740019 0 2 26.156685953993
57 0.052327092473 0 2 29.156627238577
61 0.05221905927 0 2 41.156532283226
85 0.052262067746 0 2 43.156588152965
15 0.052506067745 0 2 43.156832216197
63 0.052386161026 0 2 47.156699385132
95 0.052133036349 0 2 48.156564134329
45 0.052364036348 0 2 48.156795231722
25 0.052100645794 0 2 51.156544941163
71 0.052170261716 0 2 59.156496414196
62 0.052388261715 0.04 2 59.156714289743
39 0.052632261714 0 2 59.15695827728
49 0.052184505732 0 2 62.15649762938
69 0.052415505731 0 2 62.156728648103
8 0.052275268466 0 2 64.156588474546
79 0.052480268465 0 2 64.156793507278
15 0.052469868656 0 2 65.156769818018
26 0.05239354351 0 2 67.156719787785
95 0.052344082117 0 2 70.156644016383
60 0.052627082116 0 2 70.156927205152
65 0.052211765623 0 2 73.156511903689
53 0.053027765622 0 2 73.15732798881
29 0.052260587896 0 2 80.156573792314
24 0.052530587895 -0.04 2 80.156843718324
87 0.052206082712 0 2 85.156532327354
27 0.052450082711 0 2 85.156776312447
61 0.052284061053 0.04 2 88.156584286792
17 0.052312755702 0 2 91.156638956561
75 0.052841925189 0 2 94.157168034204
3 0.053072925188 0 2 94.157399056988
96 0.052387979991 0 2 95.156700940652
35 0.052515008224 0 2 101.156802064595
70 0.052445843671 0 2 109.156759018619
4 0.052255327455 0 2 112.156568516784
0 0.052189624158 0 2 116.156489830037
80 0.052292664431 0 2 123.156592643636
79 0.05249766443 0 2 123.156797631856
18 0.052214165636 0 2 124.156617672946
16 0.052299676936 0 2 125.156625701811
24 0.052336511523 -0.04 2 127.156752987595
93 0.052554511522 0 2 127.156970900726
86 0.053061749008 0 2 132.157348865058
58 0.052561318571 0 2 134.156887309807
97 0.05283131857 0 2 134.157157471438
13 0.052230545249 0 2 135.15655655817
50 0.052513545248 0 2 135.156839640737
17 0.052354797147 0 2 137.156655041339
45 0.052511027534 0 2 145.156824179547
54 0.052235704292 0 2 146.156561933209
44 0.052256981854 0 2 154.156557173368
48 0.052526981853 0 2 154.156827096235
88 0.052687614308 0 2 163.157013634294
57 0.052689079558 0.16 2 167.156989192755
6 0.052972079557 0 2 167.157272096633
38 0.052406904883 0 2 168.156706868372
33 0.052663904882 0 2 168.156963975496
51 0.052081917743 0 2 170.156521670639
20 0.052294258155 0.12 2 171.15658130807
66 0.052325669505 0.04 2 177.156638762612
99 0.052556669504 0 2 177.156869662633
93 0.052536650133 0 2 181.156823567826
38 0.052862249127 0 1 190.157175151167
68 0.052215519153 0.04 1 192.156541538426
67 0.052412727995 0.232 1 195.156725804835
30 0.052656727994 0 1 195.156969779559
69 0.052340573195 0.072 1 196.15664078303
99 0.052513405484 0.288 1 199.156839587021
64 0.052381626206 0.072 1 200.156707847503
29 0.052260809645 0.072 1 205.156573976422
62 0.052478809644 0.072 1 205.156792059489
46 0.052496464499 0 1 211.156809580465
81 0.052714464498 0 1 211.157027618452
32 0.052226223657 0 1 215.156539265939
40 0.052470223656 0 1 215.156783269312
12 0.052422118783 0 1 216.156709252225
41 0.052368226872 0 1 219.156694306585
96 0.052651226871 0 1 219.156977386539
15 0.052509163517 0 1 223.15679640774
3 0.05240541349 0.16 1 225.156705575938
74 0.052623413489 0 1 225.15692358886
73 0.052213806874 0 1 226.156540034028
88 0.052488263721 0 1 235.156814390795
17 0.052354767819 0 1 238.156680982683
29 0.052323035531 0.40608 1 241.15662320496
27 0.052643026814 0.0976 1 244.156956077635
56 0.052235982072 0 1 246.15656222801
28 0.052344183432 0.072 1 247.15667028489
91 0.052430980922 0 1 248.156756951296
75 0.052674980921 0 1 248.157001174272
10 0.052293639376 0 1 258.15661954143
80 0.052524639375 0.47232 1 258.156850561239
31 0.052226119309 0 1 260.156552332668
55 0.052509119308 0 1 260.156835192709
84 0.052779119307 0 1 260.157105280033
40 0.052352013103 0 1 262.156665239204
32 0.052306892093 0 1 268.156594013762
9 0.052250856233 0 1 269.156577101798
79 0.052526182914 0 1 277.156839432827
43 0.052255662727 0 1 279.156581633346
64 0.052407466981 0.2576 1 280.156733529053
90 0.052471061018 0 1 286.156797281374
51 0.052230242735 0 1 293.15653025761
82 0.052264823275 0 1 295.156590886665
17 0.05232847156 0 1 297.156628390165
14 0.052491882646 0.16 1 299.156804928108
50 0.052677784917 0 1 301.156964931091
84 0.052934784916 0 1 301.157221734953
19 0.052313894671 0.16 1 302.156640009911
8 0.05255789467 0 1 302.156883934499
52 0.052233873406 0.288 1 303.156560081209
83 0.052451873405 0.16 1 303.156777979892
92 0.052682873404 0 1 303.157009108573
58 0.052379632306 0.16 1 304.156705804608
32 0.052254962816 0 1 306.156568155208
66 0.052328476669 0.11808 1 307.156654690035
90 0.052292669046 0.3904 1 309.15677126537
42 0.052328751153 0 1 313.156654859084
70 0.052533751152 0.288 1 313.156859833582
76 0.052375908296 0.288 1 319.156675944913
17 0.052645908295 0.288 1 319.156945936334
14 0.052491786412 0.47232 1 321.15679173564
81 0.052468106177 0 1 324.156755257142
10 0.052361753383 0 1 325.156648931802
82 0.052384844018 0.537856 1 327.156685082058
98 0.052381429913 0 1 337.156694490865
27 0.054251540154 0.685427 1 344.158577651578
28 0.052385772576 0.537971 1 345.156698761764
74 0.052467693529 0.288 1 347.156767724768
35 0.052685693528 0 1 347.156985744969
6 0.052323338858 0 1 353.156610453809
7 0.052606338857 0 1 353.156893482081
98 0.052430860579 0 2 361.156756792479
75 0.052674860578 0 2 361.157000965036
80 0.052259521955 0.632228 2 367.156585666976
3 0.052516521954 0.16 2 367.156842642828
8 0.052317038007 0.16 2 372.156604147301
7 0.052311741308 0 2 375.156624690604
81 0.052442022029 0 2 377.156755088846
84 0.052371133886 0.16 2 378.156697166518
21 0.052263993501 -0.2 2 379.156577169794
94 0.0525209935 0 2 379.156833964002
58 0.052764993499 0.16 2 379.157078062518
52 0.052282081767 0.3904 1 388.156569048069
90 0.052916081766 0.47232 1 388.157203045677
23 0.052375848283 -0.04 1 389.156701912507
36 0.052415527297 0 1 390.156741544824
54 0.052222626525 0 1 396.156509777675
60 0.052393159678 0.147571 1 398.156680337809
59 0.052400945382 0 1 400.156687996256
22 0.052331181754 -0.2 1 408.156657212092
1 0.052219048118 0.47232 1 413.15654520988
67 0.052415446252 0.307571 1 418.156715564824
3 0.052399542069 0.16 1 421.156699484102
75 0.052617542068 0.16 1 421.156917465161
77 0.052183101829 0 1 424.156509223283
13 0.052401101828 0.3904 1 424.156727282932
78 0.052400260376 0 1 435.156713243468
32 0.052280746743 0 1 436.156580723062
67 0.052363568587 0.318057 1 440.156676809494
84 0.052488336012 0.16 1 448.15678857077
89 0.052294864971 0 1 456.156607986214
34 0.05257786497 0 1 456.156890956248
1 0.052279971414 0.537856 1 457.156580214397
47 0.052471971413 0.16 1 457.156772039854
40 0.052387978833 0.3904 1 460.15670116804
97 0.052644978832 0.288 1 460.15695809956
68 0.052284212718 0.147571 1 469.156571400293
96 0.052567212717 0.16 1 469.156854406105
17 0.052359157293 0.3904 1 475.156672211104
35 0.052577157292 0 1 475.156890362732
77 0.052202944674 0.632228 2 481.15651596905
1 0.052407944673 0.590285 2 481.156721061817
14 0.052625944672 0.47232 2 481.156939112017
34 0.052843944671 0.16 2 481.157157129785
51 0.052282389592 0.288 2 484.156595551324
92 0.052710909147 0.16 2 493.157023920574
7 0.052361182151 0 2 497.156648216111
72 0.05261818215 0 2 497.156905200928
73 0.052239805573 0.16 2 504.156553031426
94 0.052305783416 0 2 509.156632019506
24 0.052559541722 -0.2 2 517.156846625977
46 0.052346677502 0.16 2 526.156672828959
2 0.052211579013 0 2 532.156524687573
55 0.052494579012 0.288 2 532.156807665468
86 0.052510015007 0.288 2 535.156797122379
52 0.052271888688 0.3904 2 541.156598015325
97 0.052541888687 0.288 2 541.156868099394
7 0.052746888686 0 2 541.157072915965
88 0.052449168066 0 2 546.156762199485
66 0.052393338881 0.454446 2 547.156706414459
49 0.052237534815 0 2 551.156550646026
11 0.052494534814 0.288 2 551.156807607178
9 0.052339113485 0 2 556.156626267849
67 0.052363373597 0.318057 2 557.156676419514
94 0.05233153992 0.288 2 558.156631532514
90 0.052523045911 0.537856 2 559.15681025116
39 0.052461068618 0.16 2 565.156748202296
60 0.052367144004 0.318057 2 568.156654306461
21 0.052226093016 0.27232 2 585.156552233602
72 0.05245350146 0 2 589.156779619994
93 0.052445837551 0.3904 2 595.156732942662
