6 0.022703125226 0 2 21.858696085902
38 0.022372331558 0 2 25.858372514846
46 0.022629331557 0 2 25.858629685956
57 0.022477583211 0 2 29.85846897831
61 0.022354999998 0 2 40.858350137189
15 0.02248466088 0 2 41.858476126212
85 0.022403545643 0 2 42.858403770768
63 0.022400331221 0 2 47.858397014557
45 0.02265733122 0 2 47.858654013635
95 0.022592278052 0 2 48.858584716266
25 0.022463104191 0 2 50.858456302293
62 0.022445607781 0 2 53.858444322423
39 0.022420426222 0 2 54.858412831299
71 0.022544675779 0 2 57.858537042641
61 0.022341830233 0 2 62.858334379529
69 0.022659734158 0 1 64.8586495352
79 0.022890734157 -0.04 1 64.858880714442
49 0.023160734156 -0.04 1 64.859150513417
15 0.022381763935 0.16 1 65.85838218881
8 0.022599763934 0.04 1 65.858600358964
60 0.022475482174 0 1 68.858476206519
26 0.022680482173 0 1 68.85868119274
95 0.02251046017 0 1 70.858504135647
65 0.022767460169 0 1 70.858761443128
53 0.022510666349 0 1 72.858509335258
24 0.022400794032 0 1 77.85840141703
29 0.022442430223 0 1 79.858439283996
27 0.022504276613 0 1 84.858502583998
87 0.022441703654 0 1 85.858434332472
96 0.022572693248 0 1 88.858572664596
17 0.02252436001 0 1 90.858518944764
75 0.022645892275 0 1 94.858638557027
3 0.022837892274 0.04 1 94.858830579603
35 0.022427950964 0 1 96.858423804583
70 0.02243190838 0 1 107.858421177508
4 0.02261286391 0.04 1 110.858601955329
0 0.022464054266 0 1 115.858462080923
80 0.022615092825 0 1 117.85861240287
16 0.022501545023 0 1 120.858498990837
69 0.022498322802 0.3184 1 121.858498309017
79 0.022761375871 -0.04 1 123.858750875548
24 0.022371853035 0.04 1 124.858372720007
18 0.022655109979 0.072 1 127.858642963818
13 0.022407644186 0.072 1 131.858396189239
58 0.022781644185 -0.04 1 131.858770122484
93 0.022999644184 0 1 131.858987936714
50 0.02274042968 0 1 133.858736978473
97 0.022578415667 0 1 135.858569362739
86 0.022848415666 0 1 135.858839269529
16 0.022436089571 0 1 142.858430691585
17 0.02264108957 0 1 142.858635763172
45 0.02242838698 0 1 143.858422816352
54 0.022506479672 0.088 1 145.858505380757
48 0.022386994586 -0.072 1 151.858387125802
44 0.022559146241 -0.04 1 152.85855952306
88 0.022640999998 0 1 158.858639630679
38 0.022427640143 -0.072 1 161.858426162645
6 0.022687940999 0 1 162.858681990204
51 0.02257794491 0 1 163.858569204539
33 0.022546653668 -0.072 1 166.858610100509
57 0.022407223976 0 1 168.85840135462
20 0.022690223975 0 1 168.858684467193
99 0.022549069546 -0.072 1 171.858539905815
66 0.022628446747 0 1 173.858627070438
93 0.022457821779 0.088 1 181.858541414474
38 0.022425985587 -0.072 1 183.858425566979
68 0.022536245346 -0.04 1 187.858592141169
67 0.022641158176 0 1 191.858635212143
30 0.022437147241 0 1 192.858436984559
99 0.022574631658 -0.072 1 193.858565379685
69 0.022566249477 0.3184 1 195.858566276237
64 0.022466640773 -0.072 1 199.858457468341
29 0.022437722007 -0.072 1 203.858426298306
62 0.022503067453 0 1 205.858496269571
46 0.022496593973 0 1 208.858489667673
81 0.02254887487 0 1 209.858537110802
32 0.022703700864 0 1 213.858703588167
12 0.022387928381 0.3904 1 214.858380936455
40 0.02265792838 0 1 214.858650803821
41 0.022500174668 0 1 216.858500018072
96 0.022574204625 0.3904 1 217.858572631604
3 0.022671064323 0.0976 1 223.858662599281
73 0.022674477876 -0.2 1 225.85866895812
15 0.022435894959 0.288 1 227.858434218996
74 0.022679894958 -0.2 1 227.8586782409
88 0.022686655705 -0.2 1 232.858678676281
17 0.022510611178 0 1 237.85850597282
27 0.022504190706 0 1 239.858502579472
91 0.022579280221 0 1 240.858569026504
29 0.022414645 -0.2 1 241.858413124118
28 0.022446019119 -0.2 1 243.858435650873
56 0.022433413431 0 1 246.858423155851
75 0.022595525031 0.288 1 247.858589407962
10 0.022342922379 0 1 248.858333010389
80 0.022575137302 0.590285 1 250.858573411016
55 0.022587553136 0.288 1 256.85858475504
84 0.022564590416 -0.2 1 258.858557500094
31 0.022645622005 0 1 260.858642536327
40 0.022557101291 0 1 261.858550165574
32 0.022623676955 0 1 265.85861908445
9 0.022622083534 0.2576 1 269.858613662682
43 0.022539567562 0.337856 1 271.858535039616
64 0.022457584994 -0.04 1 276.858457413967
79 0.022659966148 -0.2 1 277.858652617427
90 0.022556995121 0 1 285.85855291078
51 0.022557945998 0 1 287.858556221473
17 0.022524602176 0.16 1 288.85851899791
82 0.022644640443 0 1 291.858634268277
14 0.0226657652 0.27808 1 294.858655357063
8 0.022513556783 0.11808 1 297.858503158318
50 0.022588695178 0 1 298.858581721833
19 0.022570250862 0.11808 1 299.858571142821
83 0.022616255894 -0.2 1 300.858612247191
84 0.022725219234 -0.2 1 301.858724509871
92 0.02263808191 0.16 1 302.858634713329
32 0.022674782631 0 1 305.858671142075
52 0.022465767723 0 1 306.858454866076
66 0.022670767722 0 1 306.858660049454
58 0.022875767721 -0.072 1 306.858864876513
90 0.022539821029 0.288 1 307.858539751436
70 0.02249696654 0 1 309.858486171408
42 0.022450813467 0 1 310.858443223127
17 0.022707813466 0.590285 1 310.858699947252
76 0.022625185958 0 1 314.858614404058
14 0.02261674366 0.27808 1 316.858615781623
19 0.022518441024 0.307571 1 321.858518744223
81 0.022590028506 0.288 1 322.858589105666
10 0.022363900995 0 1 323.858359011259
82 0.022666938209 0 1 327.858660263193
98 0.022565750121 -0.04 1 333.858559252705
28 0.022497999998 -0.2 1 338.858487651551
27 0.02243504443 0 1 341.858424526716
74 0.022465264843 -0.2 1 346.858460612368
35 0.022735264842 0.288 1 346.858730636493
6 0.022616642685 0 1 353.858614155371
7 0.022834642684 0 1 353.85883218338
75 0.022648464767 0.3904 1 358.858641407366
98 0.022612422118 -0.04 1 361.858610746195
80 0.022583545507 0.692626 1 367.858583592939
3 0.022840545506 0.294464 1 367.858840568967
8 0.022520737795 0.307571 1 369.858516125102
94 0.022576802836 -0.2 1 372.858572177123
81 0.022663193144 0.288 1 376.858662774005
7 0.022920193143 0 1 376.858919643367
58 0.022445345182 -0.2 1 377.858444799268
84 0.022554866427 -0.2 1 379.858554596805
21 0.022785866426 0.16 1 379.858785776144
90 0.022605879607 0.288 1 384.858595831783
52 0.022625098502 0 1 385.858620804309
36 0.022429117692 0 1 389.858426465142
23 0.022686117691 0.307571 1 389.858683469085
54 0.022518687708 0.1904 1 394.858518314399
59 0.022550877349 -0.04 1 395.85854154934
60 0.022524638974 0 1 396.858520508762
22 0.022660162186 0.16 1 403.858652793472
75 0.022593255599 0.3904 1 404.858589424946
1 0.022368835016 0.47232 1 411.858362973502
67 0.022544334782 0.288 1 415.85853704798
77 0.02244305858 0.16 1 421.85844340942
3 0.022661058579 0.318057 1 421.858661153473
13 0.022371140957 0.134464 1 422.858370920495
75 0.022575071712 0.3904 1 426.85856328382
32 0.022549841412 0 1 432.858538224379
78 0.022754841411 -0.2 1 432.858743188457
67 0.022529800676 0.288 1 437.858523882184
84 0.022544183849 -0.2 1 447.858544559088
34 0.022573266096 -0.2 1 452.858573632318
89 0.022354999998 -0.2 1 453.858347508413
47 0.022689999997 0.16 1 453.858682500601
1 0.022425057706 0.47232 1 457.858425395797
40 0.022481808723 0 1 458.858482182812
97 0.022673808722 0.288 1 458.858674114022
68 0.022682846781 -0.2 1 467.858683219651
96 0.022551220767 0.3904 1 468.858546608992
17 0.022453633154 0.590285 1 470.858454004066
35 0.022448530395 0.288 1 474.858436749171
14 0.02263502223 0.307571 1 480.858629244687
1 0.022421889382 0.537856 1 481.858422164378
77 0.022704889381 0.16 1 481.858705070743
34 0.02289688938 -0.2 1 481.858897233016
51 0.022519083562 0 1 482.858517162175
92 0.022647332357 0.288 1 487.858647702563
72 0.022571063832 0.16 1 496.858563603021
7 0.022841063831 0 1 496.858833618053
73 0.022458592267 -0.2 1 503.858458958553
94 0.022507447486 -0.2 1 508.858507194467
24 0.022414054489 0.158057 1 513.858414411964
46 0.022562999998 0.288 1 524.858554650079
55 0.02253242377 0.537856 1 528.858532785076
2 0.022474140731 0 1 529.858474479336
86 0.022570335575 0.288 1 532.858570672986
52 0.022421261262 0 1 538.858414067934
97 0.022531136086 0.3904 2 540.858520366547
7 0.022630917269 0.16 2 542.858631047331
88 0.022861917268 -0.2 2 542.858862243111
66 0.022595349618 0.632228 1 544.858587941664
11 0.022599497729 0 1 547.858592091041
49 0.022546040164 -0.2 1 548.858540255536
94 0.022737846891 -0.2 1 554.85872785203
67 0.02257035549 0.288 1 556.858560156094
9 0.022853355489 0.461156 1 556.858843220199
90 0.022484999998 0.288 1 558.858474880668
39 0.022465179712 -0.04 1 562.858455222611
97 0.022735179711 0.3904 1 562.858725052598
60 0.022539617563 0 1 566.858533477356
21 0.022573452573 0.16 1 582.858569732024
72 0.022553220937 0.3904 1 586.858553569761
93 0.022523999998 -0.04 1 592.858515950806
36 0.022385754879 0 1 601.858377460359
68 0.022669849791 -0.2 1 603.858670225671
5 0.022393999998 0 1 605.85839089819
