6 0.03023085594 0 2 21.557709352452
46 0.029957249539 0 2 27.557444365986
38 0.030162249538 0 2 27.557649211505
57 0.030006771066 0 2 29.557486618915
15 0.030100481162 0 2 43.557581024437
85 0.029891027167 0 2 44.557372871091
61 0.030135027166 0 2 44.557616917296
45 0.02994499332 0 2 46.557421455122
63 0.029908787497 0 2 47.557390683572
95 0.02998457904 0 2 48.557463099303
25 0.030191755269 0 2 50.557668407164
71 0.029957050201 0 2 57.557441191772
39 0.030051196716 0 2 58.557532326714
62 0.030295196715 0 2 58.557776330941
49 0.030046521604 0 2 59.557523098755
69 0.029847665721 0 2 60.557331670623
8 0.029966692163 0.04 2 63.557450662797
79 0.02998678404 0 2 64.557468499027
15 0.02987667839 0.16 2 65.557359713734
26 0.029831424689 0 2 70.557315120414
95 0.030036424688 0 2 70.557519963019
60 0.030319424687 0 2 70.55780313399
65 0.029993259721 0 2 71.557471433834
53 0.030121331136 0 2 73.557599411849
24 0.030128999998 0 2 77.557617013324
29 0.029879804802 0 2 79.557357182405
49 0.030031392178 0.248 1 81.557510080759
87 0.029939566667 0 1 85.557417259747
27 0.030144566666 0 1 85.557622244951
61 0.029818949463 0 1 88.557297220765
96 0.030010949462 0 1 88.557489261427
17 0.030076999998 0 1 90.557557909218
75 0.030033280413 0 1 94.557517569721
3 0.030316280412 0.04 1 94.557800592422
35 0.03011149662 0 1 97.557587890656
69 0.029949841883 0.3504 1 100.557426212929
70 0.030049622101 0 1 107.557536742948
4 0.030048926833 0 1 111.557530862559
0 0.029985444736 0 1 115.557464134408
80 0.029876630297 0 1 117.557356336389
16 0.030065284204 0 1 120.557553648874
79 0.029940094274 0.12 1 121.557422213135
3 0.030184094273 0.232 1 121.557666346925
18 0.030062671981 0.04 1 122.557541377591
93 0.029913449003 0 1 123.5574004509
24 0.030088275074 0.04 1 124.557565013246
58 0.030108330225 0.54432 1 128.557596151645
86 0.030060781593 0 1 129.557549139045
13 0.030064582402 0.36 1 130.557541049762
97 0.029927331804 0 1 136.557403781597
50 0.030197331803 0.16 1 136.557673767869
80 0.029928730914 0.75602 1 139.557405371043
17 0.030096056668 0.16 1 140.557583639204
16 0.029996663913 0.16 1 142.55747504552
45 0.029907562272 0 1 143.557395403348
54 0.029895681039 0.662285 1 146.557375901812
48 0.030025312485 0.072 1 151.557504000677
44 0.030159058839 0.04 1 153.557640822329
88 0.030023580003 0.04 1 158.557502258048
38 0.029934711028 0.232 1 161.557413413576
6 0.030063335833 0 1 162.557544144994
51 0.030171754038 0 1 164.557652671481
20 0.029878685992 0.16 1 167.557367056242
57 0.030083685991 0 1 167.557571941588
33 0.03030168599 0.072 1 167.557789943125
99 0.029907999998 0.088 1 171.557396012768
66 0.029941472391 0 1 174.557429325049
93 0.029908118499 0.687885 1 181.557386904292
38 0.030003396925 0.790226 1 183.55749079081
68 0.030002376576 0.232 1 187.557489050534
20 0.02984300929 0.16 1 189.55733061577
57 0.030061009289 0.16 1 189.55754857037
67 0.029857164627 0 1 191.557344957141
30 0.030114164626 0.3904 1 191.557601930465
99 0.029911426868 0.088 1 193.557395438438
69 0.029899464302 0.705024 1 195.557387267773
64 0.030014007417 0.072 1 199.55749124605
29 0.029865999999 -0.072 1 203.557344695436
62 0.030117905807 0.288 1 205.557600796604
46 0.029916589629 0 1 208.557395278383
81 0.030146536963 0 1 209.557625219408
32 0.029894137807 0 1 210.557378936116
40 0.029936825307 0 1 211.557415487928
12 0.030013579567 0.537856 1 213.557497916528
41 0.02993694628 0.16 1 215.557416989538
96 0.029961539751 0.16 1 217.557440228378
15 0.029852795459 0.288 1 223.557331478406
73 0.029826459006 0.072 1 226.557305124888
74 0.030031459005 0.0976 1 226.557510029168
3 0.030314459004 0.2576 1 226.557793016406
88 0.029997602905 0.072 1 232.557476303852
17 0.030082734863 0.3904 1 237.55757093751
29 0.029882896353 -0.2 1 242.557367396068
28 0.029818843452 0.072 1 244.557297517369
27 0.030062843451 0 1 244.557541334243
91 0.03026784345 0 1 244.557746361907
56 0.029968289917 0.16 1 246.557450744115
75 0.030067725993 0 1 247.557546403276
10 0.029875809216 0.288 1 248.557358793082
80 0.02990366351 0.764816 1 250.557382344497
55 0.0301179226 0 1 256.55759661236
84 0.030143992832 0.2576 1 258.557622492037
31 0.029951644573 0 1 259.557430341964
40 0.029910827641 0 1 262.557389492596
32 0.029865999999 0.288 1 265.557344694607
9 0.030064767704 0.088 1 269.557549032428
43 0.030111077943 0.729828 1 272.557588321188
64 0.029964278801 0.40608 1 276.557452191388
79 0.029991990034 0.088 1 277.557468521209
90 0.030154398868 0.16 1 285.557640394549
51 0.029999790543 0.16 1 288.557485727566
17 0.030029156133 0.3904 1 289.557505872498
82 0.030057947843 0.47232 1 291.557538462109
14 0.029897001536 0.11808 1 295.557381169805
8 0.029897518958 0.134464 1 297.557385681507
19 0.029818962806 0.088 1 299.557297650759
50 0.030062962805 0.16 1 299.557541637913
83 0.030030380547 0.3856 1 300.557508482677
55 0.030082374125 0.3904 1 301.557567623555
84 0.030339374124 0.40608 1 301.557824331756
52 0.030026470911 0 1 302.557505162733
58 0.03024447091 0.655936 1 302.557723171854
92 0.029925059944 0.16 1 303.557406219852
32 0.029881999998 0.590285 1 305.557365884522
66 0.029896271322 0 1 306.557377386589
90 0.030096108004 0.16 1 307.557575181557
70 0.030060793599 0.16 1 309.557549737028
42 0.029912157004 0 1 310.557396556391
17 0.03002198282 0.537856 1 311.557505322054
76 0.030004230304 0 1 314.557487816966
14 0.02993633956 0.147571 1 317.557419657585
19 0.029832765522 0.1904 1 321.55731846495
81 0.030067079413 0 1 322.557547214438
10 0.029870719329 0.288 1 324.557358703756
82 0.030152027728 0.47232 1 327.557629457067
98 0.029907999998 0.655936 1 333.557386900166
28 0.029880872269 0.134464 1 339.55735840537
27 0.030115999998 0 1 341.557599277818
74 0.029991331945 0.11808 1 342.557475942252
35 0.030074625353 0.47232 1 343.557561880364
6 0.030004087661 0.47232 1 350.557492167288
7 0.030109626335 0 1 351.557595288302
75 0.030041725691 0.47232 1 358.557520402672
98 0.02992094685 0.779799 1 361.557399347202
35 0.030092005765 0.590285 1 365.557571896376
3 0.030297005764 0.606784 1 365.557776871342
80 0.029942023664 0.764816 1 366.557421240079
8 0.029909300047 0.147571 1 369.557398648369
6 0.030031270598 0.537856 1 372.557518194236
94 0.029867844335 0.134464 1 373.557346510652
7 0.030280844334 0.288 1 373.557759250473
58 0.030281626936 0.82709 1 375.557765323269
81 0.030269006623 0 1 377.557745847562
21 0.030013496026 0.288 1 378.557492246621
84 0.030270496025 0.737856 1 378.557749059338
52 0.029961359292 0.3904 1 381.557444946608
90 0.030122649863 0.16 1 382.557601313705
36 0.03001132486 0 1 386.557487942277
23 0.030203324859 0.813353 1 386.55767994846
54 0.029871245797 0.779799 1 394.557349925386
59 0.030019584998 -0.2 1 396.557505458362
60 0.029921055774 0.16 1 397.557401465167
22 0.030167265792 0.288 1 403.557647466453
75 0.03006773455 0.47232 1 404.55754642039
1 0.02999228941 0.16 1 411.557481489484
67 0.029894999998 0 1 415.557378163663
3 0.030058180872 0.630377 1 421.557536594295
77 0.030289180871 0 1 421.557767875209
13 0.030025461145 0.685427 1 423.557502043298
75 0.029992904732 0.47232 1 426.557481225548
78 0.02985485295 0.619891 1 429.557331681328
32 0.029852999999 0.692626 1 430.5573316734
67 0.029907443522 0.47232 1 437.557390944317
84 0.030117787039 0.737856 1 448.557596460523
89 0.030115375391 -0.04 1 454.557594024565
34 0.029866757922 0.307571 1 456.557346812552
47 0.030110757921 0.16 1 456.557590833748
97 0.029911790711 0.16 1 457.557390484405
1 0.03016879071 0.537856 1 457.557647472393
40 0.029922281953 0.16 1 459.557402508274
96 0.029920999998 0.16 1 471.557401752103
68 0.029978440718 0.307571 1 473.55746011204
17 0.030261440717 0.537856 1 473.557743237683
35 0.030146159976 0.590285 1 474.557626925574
14 0.029938032227 0.147571 1 479.557420237297
34 0.029870761388 0.454446 1 481.557356873245
77 0.030140761387 0.590285 1 481.557626711577
1 0.030410761386 0.537856 1 481.557896804905
51 0.030024005514 0.590285 1 482.557511758798
92 0.029991070027 0.3904 1 488.557471209472
7 0.030028495681 0.632228 1 496.55751438849
72 0.03023349568 0.16 1 496.557719373583
73 0.029909816392 0.40608 1 504.557388480956
94 0.029886714282 0.318057 1 509.557367824851
24 0.030125307211 0.454446 1 513.557604008222
46 0.029959595114 0.3904 1 524.557447260783
55 0.030056848052 0.47232 1 528.557544642682
2 0.029941595187 0.16 1 529.557420277361
86 0.030070440449 0.16 1 532.557549121447
52 0.030031234744 0.3904 1 538.557509935318
97 0.029977114731 0.16 1 540.557458771409
66 0.029887282318 0 1 543.557369414351
88 0.030170282317 0.556846 1 543.557652324981
7 0.030375282316 0.632228 1 543.557857148749
11 0.030115999998 0.16 1 547.557605033898
49 0.030044387418 0.27232 1 548.557523071239
94 0.029902162056 0.556846 1 552.557380848955
67 0.029855891345 0.47232 1 553.557344663005
9 0.030083347076 0.1904 1 554.557562030488
90 0.0300706753 0.16 1 558.557549364579
97 0.029943831903 0.16 1 562.557432404083
39 0.030043580964 -0.2 1 563.557522243482
60 0.02990983273 0.288 1 566.557388524331
21 0.029984298646 0.3904 1 583.55746296807
72 0.030131448344 0.288 1 586.557610140758
93 0.029895809685 0.823839 1 592.557374487374
36 0.03000257251 0.3904 1 601.557481266919
68 0.030063999998 0.461156 1 604.557541044906
5 0.03000274262 0.16 1 605.557483794026
