6 0.03629517258 0 2 21.455323855833
5 0.036591172579 0 2 21.455619904355
38 0.036318740734 0 2 22.455347588144
46 0.036537999998 0 2 25.455566725681
57 0.036455200325 0 2 29.455579951268
15 0.036407999998 0 2 41.455448138198
61 0.036541686073 0 2 42.455570490696
85 0.036490366884 0 2 43.455518771246
45 0.036606876612 0 2 48.455635680717
63 0.036247313632 0 2 50.455286991634
95 0.036491313631 0 2 50.455530900511
25 0.036509119349 0 2 51.455537962531
39 0.036295429066 0 2 55.455324246869
62 0.036526429065 0 2 55.455555241183
71 0.036402788765 0 2 57.455434954188
49 0.036278952138 0 2 60.455310704568
69 0.036522952137 0 2 60.455554722808
8 0.036233926344 0 2 63.455265862748
15 0.036490926343 0 2 63.455522560723
79 0.036524741164 0 2 64.455553605757
26 0.036253231712 0 2 67.455282101789
60 0.036458231711 0 2 67.455487115703
65 0.036331260596 0 2 72.45536006944
95 0.036549260595 0 2 72.455577834599
53 0.036485999998 0 2 73.455525577204
24 0.03633952757 0.2 2 78.455368373155
29 0.036411697644 0 1 79.455451055073
87 0.036710076919 0 1 88.455749472278
61 0.036672012183 0 1 89.455710430743
96 0.036663702106 0 1 90.455692503979
27 0.036704360025 0 1 92.455744389705
17 0.036474310101 0 1 93.45550304753
3 0.036327204727 0 1 94.455359935705
75 0.036558204726 0 1 94.455590912995
35 0.036284150889 0 1 97.455316859019
69 0.036473070109 -0.04 1 100.455505714399
70 0.03648460893 0 1 108.455513454612
4 0.036274999999 0 1 111.455303860339
0 0.036292719817 0 1 115.455329876697
80 0.036517310651 0 1 117.455546174637
16 0.036406227413 0 1 120.455435097754
3 0.036256529256 0.16 1 121.455293350104
79 0.036552529255 -0.04 1 121.45558922497
18 0.036371645681 0 1 125.455407420728
93 0.036275564827 0 1 126.455304277353
24 0.036506564826 0.232 1 126.455535365065
58 0.036631650544 0 1 130.455668382827
86 0.036534694445 0 1 131.45556714393
97 0.03661370986 0 1 132.455642578115
13 0.036360199132 0 1 134.455398099671
50 0.036441728057 0 1 135.455470449707
0 0.036280877445 0.3904 1 137.455318479209
17 0.036524877444 0 1 137.45556256884
80 0.036487398158 0.16 1 139.455519928771
16 0.03645791843 0 1 142.455486479788
45 0.036312119958 0 1 144.455340942814
54 0.036493631359 0.072 1 146.455524298312
48 0.036346228786 0 1 151.455375104034
44 0.036512402032 0.04 1 153.455541264362
88 0.0363616102 0 1 159.45539043042
33 0.036194348977 0 1 164.455306326716
57 0.036561588616 0 1 165.455590417322
51 0.036779588615 0 1 165.455808397798
6 0.036306007843 0.16 1 166.455335083189
38 0.036550007842 0 1 166.455579066366
20 0.036231028723 0 1 167.45532985402
99 0.036359423664 -0.072 1 171.455388303699
66 0.036411500322 0 1 174.455440353831
93 0.036316926843 0.16 1 181.455345492435
68 0.036456579853 0 1 187.455485444047
57 0.036726579852 0.16 1 187.455755232195
38 0.036331441596 0.288 1 188.455359989868
20 0.036236706854 0.16 1 189.455277784425
99 0.036678731292 -0.072 1 193.455707316248
67 0.036331957124 0 1 195.455372732752
69 0.036588957123 -0.04 1 195.455629910369
30 0.036845957122 0 1 195.455886707744
64 0.036271330953 0.072 1 200.455303847072
29 0.036487758716 -0.072 1 204.455528979203
62 0.036451492628 0 1 205.455480368308
46 0.036563999998 0 1 208.455592707191
40 0.03657097653 0 1 211.455599524043
81 0.036445052688 0 1 212.455477497936
32 0.036498999998 0 1 213.455527158584
12 0.036344067945 0.16 1 214.455372489544
41 0.0364629997 0 1 215.45549572755
96 0.036477769232 0 1 217.455507572536
3 0.036262610443 0.16 1 223.455292158538
15 0.036545610442 0.16 1 223.455575150485
74 0.036443302481 0.2576 1 224.455475455731
73 0.03654039993 0 1 226.455569831168
88 0.036362002944 0 1 232.455390566038
17 0.036419714672 0 1 237.455448600625
29 0.036590662744 -0.04 1 241.455619458058
27 0.036693430738 0 1 244.455722108261
91 0.036356663931 0.16 1 245.455385335992
28 0.036533147839 0 1 247.455569057328
56 0.036316999998 0 1 248.455350558692
75 0.036393958552 0 1 249.455424936916
10 0.036663958551 0.16 1 249.455695011183
80 0.036435347072 0.16 1 250.455468182749
55 0.036439791458 0 1 256.455472447336
84 0.036347018563 0.0976 1 258.45537802851
31 0.036498901808 0.16 1 259.455531651789
40 0.036540681677 0 1 262.455573528661
32 0.036420529948 0 1 265.455449411616
9 0.036229168139 -0.2 1 270.45526482642
43 0.036318264662 0 1 272.455358201046
64 0.036319581101 0.11808 1 276.455360651601
79 0.036550581341 -0.04 1 277.455579627975
90 0.036460340792 0.16 1 286.455489659312
51 0.0364327363 0.288 1 288.455461598549
17 0.036432682124 0 1 289.455461535529
82 0.036333883085 0 1 291.455362749431
14 0.036447710369 0.0976 1 295.455476559598
8 0.036306625321 0.16 1 297.455335511836
84 0.036304443183 0.294464 1 301.455333021968
50 0.036730443182 0.16 1 301.455759215295
19 0.036384256975 -0.2 1 302.455422565032
83 0.036667256974 0 1 302.455705600231
52 0.036339141053 0 1 303.45537217449
92 0.036570141052 0 1 303.455603201794
58 0.036827141051 0.288 1 303.45586018387
66 0.036386639957 0.16 1 308.455424608358
90 0.036656639956 0.16 1 308.455694634191
32 0.036437355806 0 1 309.455472430717
70 0.036681355805 0 1 309.455716633325
42 0.036419545814 0 1 310.455448413352
17 0.036384024693 0 1 311.455421976119
76 0.036255245151 0 1 315.455290838157
14 0.036493231063 0.147571 1 317.455528038354
81 0.036474893036 0 1 322.455503760078
10 0.036397202122 0.16 1 324.455438306521
82 0.036386502301 0 1 327.455427744457
98 0.036442727021 0 1 333.455471590907
28 0.036446999998 0 1 339.455478282834
74 0.036624912379 0.27808 1 343.455653733152
35 0.036247424439 0 1 346.455276145354
27 0.036452424438 0.288 1 346.455481075316
6 0.036251999998 0.3904 1 350.455390079102
7 0.036480320882 0 1 351.455511281626
75 0.036406482581 0 1 358.455440965735
98 0.036412794264 0.3904 1 361.455445022775
3 0.036304530745 0.288 1 364.455336798254
74 0.036402704744 0.307571 1 365.455501514273
80 0.036452262487 0.16 1 366.455481078309
8 0.036306608737 0.16 1 369.455335478668
6 0.03630920774 0.3904 1 372.455338088024
7 0.036650833896 0 1 373.45568268359
84 0.036228448745 0.294464 1 374.455340580816
94 0.036459448744 0.294464 1 374.455571555597
81 0.036458994871 0.16 1 375.455487776329
58 0.03670299487 0.3904 1 375.45573186893
21 0.036429221978 0 1 378.455458069191
52 0.036308665527 0 1 382.455346665885
90 0.036500665526 0.16 1 382.455538668531
36 0.036264154091 0 1 385.455302168601
23 0.03646915409 0 1 385.455507175122
54 0.036551303263 0.134464 1 394.455589321938
59 0.036445003586 -0.04 1 396.455473856852
60 0.036413044823 0 1 397.455451045882
22 0.036291848021 0 1 403.455329878618
75 0.036425065415 0 1 405.455453893091
1 0.036424695365 0.288 1 411.455453572623
67 0.036392122999 0.16 1 415.455424281972
3 0.036249492571 0.288 1 421.45528189211
77 0.03650649257 0.288 1 421.455539181277
13 0.036395589243 0.47232 1 423.455424441315
75 0.036394999998 0.16 1 427.455427859663
78 0.036360889975 0.16 1 429.455389758343
32 0.03640266363 0 1 430.455436369114
67 0.036369285035 0.16 1 437.45539804484
84 0.036336136455 0.294464 1 448.455364997008
47 0.036275534302 0 1 453.455304407728
34 0.036339513328 0.147571 1 454.455379518805
89 0.036557513327 -0.04 1 454.45559754855
1 0.03635972437 0.288 1 458.455398865729
97 0.036629724369 0.16 1 458.455668877853
40 0.036518684483 0.288 1 459.455547544299
17 0.036375307489 0.16 1 471.4554164075
68 0.036469616084 0 1 472.455498298511
96 0.036752616083 0.16 1 472.455781302307
35 0.036275878759 0.16 1 474.455316876509
14 0.036461357776 0.147571 2 480.45550253726
1 0.036392732767 0.3904 2 481.45542150259
34 0.036623732766 0.326446 2 481.45565257083
77 0.036893732765 0.3904 2 481.455922409365
51 0.036484706704 0.288 2 483.455513539357
92 0.036514888342 0 2 489.455543699222
72 0.036326731344 0 2 492.455355310071
7 0.036583731343 0 2 492.455612323715
73 0.03655449355 0 2 504.45558282849
94 0.036493755114 0.318057 2 510.455522571836
24 0.036391570056 0.326446 2 513.455420458127
46 0.036563777702 0.16 2 525.455592599813
86 0.036636164102 0 2 532.455664590263
2 0.036378563047 0.16 2 533.45541661335
55 0.036648563046 0.16 2 533.455686592895
52 0.036322569963 0 2 538.455358533102
97 0.036453456769 0.16 2 540.455482338552
88 0.036378192884 0.288 2 542.455407027509
7 0.036596192883 0 2 542.455624822329
66 0.036476525859 0.16 2 543.455505404905
11 0.036434684121 0 2 547.455472679313
49 0.036318194539 0.088 2 549.455347020545
94 0.036519812313 0.704302 2 552.455548686234
67 0.036321092418 0.16 2 553.455359225322
9 0.036248999999 -0.04 2 555.455277825262
90 0.036512843091 0.16 2 558.45554171943
97 0.036518051484 0.3904 2 562.455546953518
39 0.036305739484 -0.04 2 564.455338034376
60 0.036409181082 0 2 567.455438014444
21 0.036377231232 0 1 583.455406087699
72 0.036342725227 0.288 1 586.455371604717
93 0.036261999999 0.16 1 592.455290864723
36 0.036318619939 0 1 601.455347501403
68 0.036472379651 0 1 604.455501240998
