5 0.042619579144 0 2 21.256016546071
6 0.042928579143 0 2 21.25632551471
38 0.042873228659 0 2 22.256270328966
46 0.042726551634 0 2 26.256123644335
57 0.042771462801 0 2 29.256168487695
85 0.043001366095 0 2 43.256398330238
15 0.042832315786 0 2 45.256229255754
61 0.043063315785 0 2 45.256460240406
45 0.04293206501 0 2 48.256327182758
63 0.042670637743 0 2 50.256066243663
95 0.042901637742 0 2 50.256297151545
25 0.04342579929 0 2 51.256820823537
39 0.042657736411 0 2 54.256052704478
62 0.04291473641 0 2 54.256309698578
71 0.04270234822 0 2 58.256099424507
69 0.042629360268 0 2 60.256024294437
49 0.042925360267 0 2 60.256320276222
8 0.042723954283 0 2 63.25611902208
79 0.042833582815 0 2 64.256226547019
26 0.042755073458 0 2 67.256147909292
15 0.043012073457 0 2 67.256404659683
60 0.042678179986 0 2 68.256069837018
65 0.042795177683 0 2 71.256192284558
95 0.042737475816 0 2 72.256134293903
53 0.04262789518 0 2 73.256020544382
24 0.042854164227 0 2 78.256251262653
29 0.042839172038 0 2 80.256234330269
69 0.042630864667 0.328 2 82.256020604769
87 0.042611748823 0 1 85.256001056693
27 0.042907748822 0 1 85.256297041821
61 0.042857054088 0.04 1 88.256252061375
96 0.042655347407 0 1 89.256049608109
17 0.042809315601 0 1 90.256206440339
75 0.042733878342 0 1 91.256125029077
3 0.042625715396 0 1 92.256010086287
35 0.042664400555 0 1 97.256055805371
70 0.042710214213 0.4304 1 108.25610731274
4 0.042797615765 0 1 111.256194729032
0 0.04260684395 0 1 116.256003928573
80 0.042758726228 0 1 117.256153642337
16 0.042749626896 0 1 120.256144419367
69 0.043241581497 0.54432 1 121.256638623391
79 0.043459581496 0.36 1 121.256856507977
24 0.042860448708 0.40032 1 125.256255710891
18 0.042639554666 0 1 127.256034396799
93 0.042883554665 0 1 127.256278393691
13 0.042600392777 0 1 130.255995030881
86 0.042927920953 0 1 134.256323198216
58 0.043171920952 0.16 1 134.256567154554
97 0.042720540387 0 1 136.256109573772
50 0.042977540386 0 1 136.256366560161
17 0.042784932958 0 1 137.256180436735
0 0.042687924496 0 1 138.256081879723
80 0.042686163612 0.16 1 139.256075360705
16 0.047797825696 0.16 1 142.261194625827
45 0.042652508828 0 1 149.25604936705
54 0.042896508827 0 1 149.256293483158
48 0.042691315308 0 1 151.256088443513
44 0.042754223797 0 1 154.256151294073
88 0.042909324293 0 1 158.25630644223
38 0.056637665035 0.2576 1 167.270034545907
6 0.043233739982 0 1 168.256630595099
57 0.042991432745 0.16 1 169.256378939349
33 0.043183432744 0.072 1 169.256570938716
51 0.056743839159 0.16 1 170.270140689754
20 0.042645048636 -0.2 1 174.25604185958
66 0.04271960937 0.072 1 177.256116581303
99 0.042963609369 0 1 177.256360481811
93 0.042712999998 0.288 1 181.256100199251
38 0.042946423973 0.2576 1 189.256343209385
68 0.042780379529 0.4624 1 190.256177363088
67 0.043054551796 0.0976 1 192.256451640248
30 0.04270587799 0.232 1 194.256102851547
69 0.042662433996 0.54432 1 196.256059522541
99 0.042795737057 0.537856 1 199.256192806296
64 0.042721293997 0.072 1 200.256118393997
29 0.042850254304 0.216 1 204.256247344645
62 0.04465261733 0.04 1 205.258043955459
46 0.04275027229 0 1 208.256136716281
81 0.042898165431 0 1 212.256289465244
12 0.042844574 0.537856 1 214.256231048804
40 0.042670246327 0.288 1 215.256061457103
32 0.042901246326 0.072 1 215.256292453824
41 0.042702820944 0.16 1 216.256093005974
96 0.042632423955 0 1 217.256023665707
3 0.04265309889 0.632228 1 223.256050229865
15 0.042858098889 0.288 1 223.256255221835
74 0.042738757098 0.0976 1 224.256135856035
73 0.042869210483 0.232 1 226.256266316355
88 0.042909256944 0.3904 1 234.256306307532
17 0.042757284447 0 1 238.256154378031
27 0.042876931036 0.1904 1 240.256274037242
91 0.042812532083 0.16 1 243.256209530834
29 0.043095532082 0.390285 1 243.256492491279
28 0.042682938921 -0.072 1 244.256074132475
56 0.042671729255 0.3904 1 246.256068853886
75 0.042746937301 0.232 1 247.256138020723
10 0.042641177554 0 1 249.256038279068
80 0.042702759719 0.288 1 251.256088560601
55 0.042734169905 0 1 256.256125265409
84 0.042800296614 0 1 259.256191445402
31 0.042747650552 0.0976 1 260.25613744281
40 0.042699120993 0.288 1 262.256090419859
32 0.042737918062 0.0976 1 266.256128008019
9 0.042868547228 0 1 269.256264098168
43 0.042799468752 0 1 273.25619433514
64 0.042669161384 0.488 1 278.25605742375
79 0.042939161383 0.3856 1 278.256327478728
90 0.042910500031 0 1 286.256302589665
51 0.042805831054 0.288 1 288.256202946242
17 0.042814297026 0 1 289.256206403365
82 0.042732283618 0 1 291.256129402829
83 0.043122230384 0.3904 1 300.256519349279
84 0.043292628873 0.16 1 301.256685181897
8 0.043171069063 0 1 302.256558063554
19 0.043064451792 0.288 1 303.25645182418
50 0.043282451791 0.47232 1 303.256669810081
14 0.04511425346 0.3904 1 304.258506691512
58 0.047073949101 0.16 1 304.260466602688
52 0.043057437228 0.288 1 305.256444535208
92 0.043075026378 0.3904 1 307.256467527451
90 0.042950508409 0.288 1 308.256337786915
32 0.042930028325 0.524864 1 310.256322588454
66 0.043174028324 0.27808 1 310.256566652826
17 0.042738180049 0.731281 1 311.256125354428
70 0.042665126708 0.50848 1 313.256057882795
42 0.042782251337 0 1 314.256179194781
76 0.042842999998 0.27808 1 317.256235530137
81 0.042905607969 0 1 322.256302727936
10 0.042667133236 0.288 1 325.256064190432
82 0.042732281173 0.16 1 327.256129397939
98 0.042659107836 0 1 334.256056179722
28 0.042703018863 -0.2 1 339.256100132915
27 0.042956963147 0.27232 1 345.256353909356
74 0.042696984906 0.0976 1 347.25609389653
35 0.042979984905 0.134464 1 347.256376915363
6 0.042918772307 0.590285 1 350.256315901037
7 0.042858489169 0.16 1 352.256255556051
75 0.042740903012 0.40608 1 358.256138019865
98 0.042684853829 0 1 361.256081671708
3 0.042649347387 0.632228 1 367.256046347036
80 0.042854347386 0.3904 1 367.256251371191
8 0.042725999998 0.16 1 370.256118917182
6 0.042890503886 0.731281 1 372.256276873855
94 0.042558906579 0 1 373.255951718736
7 0.043045475494 0.47232 1 374.256435234427
81 0.043049200103 0 1 375.256435489211
21 0.042976025149 -0.2 1 378.256370637317
58 0.042835003743 0.16 1 379.256227513298
84 0.043105003742 0.16 1 379.256497436746
52 0.045221588316 0.288 1 383.25860872754
90 0.048095780269 0.288 1 383.261482921872
23 0.04281716124 -0.2 1 388.256210090028
36 0.042942835731 0.537971 1 389.256330091632
54 0.042661526097 0.16 1 394.256058645588
59 0.042804717694 0 1 396.256198108805
60 0.042584797876 0.422464 1 397.25597885772
22 0.04279412146 -0.04 1 403.256187966959
75 0.042738612053 0.619891 1 405.256124947333
1 0.043832974983 0.16 1 414.257225177048
67 0.042797630123 0.537971 1 416.256183346422
3 0.042625715387 0.632228 1 421.256022544191
77 0.042705574061 0.307571 1 422.256091287252
13 0.042639120309 0.590285 1 423.256024023023
75 0.042688832053 0.630377 1 427.256085877947
32 0.042741044941 0.537971 1 434.256137981662
78 0.04298504494 0.307571 1 434.256381947176
67 0.042851212923 0.548457 1 438.256248251992
84 0.042807390494 0.16 1 448.25620450397
47 0.042919911075 0.16 1 456.256316902478
1 0.0426202974 0.16 1 457.256017419087
89 0.04269196314 0 1 458.256078987034
34 0.042948963139 0.548457 1 458.256335962776
40 0.042728691859 0.537856 1 459.256113437438
97 0.042946691858 0.3904 1 459.256331368688
96 0.042627086805 0.47232 1 471.256011282796
68 0.043069287872 0.75673 1 475.256466135167
17 0.042902024513 0.731281 1 477.256286701075
35 0.042658531969 0.832228 1 478.256055482417
14 0.042632916826 0.590285 1 480.256017954288
1 0.042578324166 0.3904 1 481.255975328979
77 0.042822324165 0.638766 1 481.256219236052
34 0.043079324164 0.75673 1 481.256476397043
51 0.042805846695 0.537856 1 482.256202977524
92 0.042816224497 0.632228 1 488.256213333061
72 0.04277282603 0.556846 1 498.256158977621
7 0.043016826029 0.47232 1 498.256402993392
73 0.04291875055 0.548457 1 504.256305313715
94 0.042604155496 0.731281 1 509.256001270307
24 0.042842999998 0.337856 1 515.256238168073
46 0.042674533895 0.3904 1 525.256071608857
55 0.042733822204 0.537856 1 532.256122345808
2 0.04276695073 0 1 534.256163851153
86 0.043036950729 0.47232 1 534.256433981516
7 0.043045953512 0.47232 1 541.256434280503
66 0.1510651735 0.914077 1 543.364451585097
52 0.042766736399 0.3904 1 544.25615515833
97 0.042997736398 0.3904 1 544.256386238716
88 0.043189736397 0.632228 1 544.256578280558
11 0.042812557169 0.3904 1 547.256201368362
49 0.042887215401 0.16 1 548.256284339141
94 0.042666833083 0.777482 1 552.256053294375
67 0.04284861364 0.645476 1 556.256245582208
9 0.043092613639 0.47232 1 556.256489646765
90 0.042866475421 0.47232 1 559.256263559413
39 0.042656146637 0.326446 1 563.256053249117
60 0.042581785371 0.645476 1 566.255978916962
72 0.042683393936 0.563556 1 586.256080526368
21 0.042927393935 -0.2 1 586.256324368885
93 0.042790999998 0.3904 1 592.256178827145
36 0.042868259254 0.548457 1 603.256265303842
68 0.042725127894 0.75673 1 604.256112624418
5 0.042660999998 0.288 1 605.256052279898
