38 0.047571187635 0 2 21.559264339034
6 0.047334010843 0 2 23.559026874225
5 0.047526010842 0 2 23.559219098725
46 0.047512683143 0 2 25.559205826859
57 0.047454283681 0 2 29.559147314638
15 0.047313629739 0 2 41.559006752306
61 0.047544629738 0 2 41.55923773815
85 0.047547620839 0 2 43.55924059137
45 0.047584459488 0 2 46.559277612114
63 0.04743589011 0 2 47.559127473566
95 0.047400835219 0 2 48.559087640337
25 0.047486485123 0 2 50.55917813762
39 0.047437546224 0 2 55.559131396229
62 0.047707546223 0 2 55.559401390564
71 0.04750717564 0 2 57.559196623162
49 0.047456690742 0 2 59.559149834065
69 0.047509275467 0 2 60.559198439281
15 0.047358034056 0 2 64.559051707771
79 0.047398125788 0 2 66.559094135187
8 0.047629125787 0 2 66.559325102995
26 0.047639220951 0 2 70.559332215217
95 0.047350562746 0 2 71.559043399869
60 0.047581562745 0 2 71.55927452661
65 0.047838562744 0 2 71.559531675384
53 0.047317430076 0 2 73.559012195096
24 0.047582757181 0 2 77.559275906487
29 0.047493364703 0 2 79.559188031095
49 0.047486797475 -0.04 2 81.559175816069
96 0.047758199228 0 2 90.559449064233
75 0.047751310551 0 2 91.559445943734
27 0.04802131055 0 2 91.559715676829
17 0.047309370545 0 2 92.559003808407
61 0.047709370544 0 2 92.559403711453
87 0.047359449606 0 2 93.559054460766
3 0.047564449605 0 2 93.559259662569
35 0.047526588263 0 1 97.559221468577
69 0.047466318694 0 1 100.559159430843
70 0.047363799675 0 1 107.559052262249
4 0.047249709421 0 1 111.558942828442
0 0.047308282696 0 1 115.559001418112
80 0.047379078977 0 1 117.559070003868
16 0.047424942093 0 1 120.559115740794
79 0.047361246732 0 1 122.559057661916
18 0.047383169498 0 1 123.559073825691
93 0.047588169497 0 1 123.559278824554
24 0.047543082808 0.288 1 124.559236906409
58 0.047544592208 0.2 1 128.559241036016
86 0.047405564035 0 1 129.559096320868
13 0.047565881429 0 1 130.559259426892
97 0.047404660071 0 1 136.559098191651
50 0.04763566007 0.072 1 136.559329177923
80 0.047321507937 0.16 1 139.559015231198
17 0.047398997575 0 1 140.559087347556
16 0.047448310089 0 1 142.55914113744
45 0.047537005346 -0.072 1 143.55922556034
54 0.047410030029 0.072 1 146.559098891781
48 0.047283992212 -0.072 1 151.558977126148
44 0.047626040641 -0.04 1 153.559314063712
88 0.047339889579 0 1 158.559028282761
38 0.047340123721 0 1 161.559036658826
6 0.047410140398 0 1 162.559097932018
51 0.047622703239 0.072 1 164.559311143669
33 0.047625458927 0 1 167.55931363885
20 0.047312727593 0 1 169.559006378413
57 0.047556727592 0.04 1 169.559250271666
99 0.047325400768 0 1 171.55902451556
66 0.047459074896 0 1 174.559158150988
93 0.047613999998 0.3904 1 181.559307277947
38 0.047356199151 0 1 183.55904903606
68 0.047444999998 0 1 187.559134644783
20 0.047307231544 0.288 1 191.559001576844
57 0.047577231543 0.0976 1 191.559271531367
99 0.04733223437 0 1 193.559021352254
67 0.047537786611 0 1 194.559230792161
30 0.04776878661 0 1 194.559461766501
69 0.047505346116 0.288 1 195.559198485687
64 0.047316049729 0 1 199.559005514
29 0.047507904096 0 1 203.559201045277
62 0.047568383246 0.16 1 205.559261517645
46 0.047525673925 -0.072 1 208.559218808423
81 0.047427489605 0 1 209.559120617794
32 0.047506566046 0 1 210.559202298421
40 0.04748744464 0.216 1 211.559180553005
12 0.047359718061 0.16 1 213.559055325847
41 0.047258690171 -0.072 1 215.558951833838
96 0.047436563567 0 1 217.559124693953
15 0.04730183152 0 1 223.55898980604
74 0.047413632403 0 1 224.559106737221
3 0.047605632402 0.537856 1 224.559298724247
73 0.047287979669 0 1 226.558976040901
88 0.047283181874 0.16 1 232.558976328565
17 0.047329501225 0 1 237.559022645862
29 0.047642045842 0 1 241.559335099876
27 0.047372770472 0 1 242.559067075008
91 0.047616770471 0 1 242.559311101429
28 0.047506375385 0 1 244.559199495046
56 0.04733936702 0.0976 1 246.559032497405
75 0.047533206717 0.288 1 247.559226329744
10 0.047357174097 0 1 248.559051497673
80 0.047389885245 0.16 1 250.559083011976
55 0.047392077729 0.635456 1 256.559085213233
84 0.047593732742 0 1 258.559286867727
31 0.047553743981 0 1 259.559246887116
40 0.047487446974 0.1904 1 262.559180557673
32 0.047509143045 0.16 1 265.559202283397
9 0.047553256636 0 1 269.559246386762
43 0.047498058457 -0.2 1 272.559191179163
64 0.047361865112 0.288 1 276.559057459338
79 0.047364828307 0.16 1 277.559057962692
90 0.047549619342 0.16 1 285.559240323839
51 0.047501643222 0.11808 1 288.559192269353
17 0.047368468719 0.16 1 289.55906158085
82 0.047384923162 0 1 291.559075588476
14 0.047396470469 0 1 295.559089578394
8 0.047526912554 0 1 297.55921785456
84 0.047867094433 0 1 301.559559933041
92 0.047271028553 0 1 304.558964103013
83 0.047918028552 0 1 304.5596109772
50 0.047342821578 0.294464 1 305.559035187728
19 0.047849164405 0.16 1 306.559542006549
90 0.047888386217 0.16 1 307.559581429729
58 0.047695053392 0.294464 1 308.559393085308
32 0.047952053391 0.16 1 308.559650186205
70 0.047293116329 0 1 309.558986262781
66 0.047576116328 0 1 309.559269125463
52 0.047833116327 0.134464 1 309.559525954723
42 0.047562912303 -0.04 1 310.559256038568
17 0.047362909924 0.16 1 311.559061030406
76 0.047400004047 0 1 314.559094342035
14 0.047407973462 0 1 317.559102066174
81 0.04738848712 0 1 322.559081612824
10 0.047358300442 0 1 324.559051408347
82 0.047356460913 0 1 327.559049583434
98 0.047302293262 0 1 333.55899541584
28 0.047467375534 0.16 1 339.559160495344
27 0.047384545567 0 1 341.559077676349
74 0.047373798717 0.16 1 342.559066923367
35 0.04756734572 0 1 343.559260458285
6 0.047386756886 0.16 1 350.559084954312
7 0.047563536864 0 1 351.559256654661
75 0.047546206415 0.288 1 358.55923932914
98 0.04732801678 0 1 361.559020862876
74 0.04742668098 0.16 1 364.559119778916
3 0.047644680979 0.537856 1 364.559337821401
80 0.047392999998 0.16 1 365.559091473056
35 0.047597999997 0.3904 1 365.55929647366
8 0.047511692799 0 1 369.559204821422
6 0.047430833274 0.16 1 372.55912398126
7 0.047495881231 0 1 373.559188733114
84 0.04770088123 0 1 373.559394018753
58 0.047580588937 0.307571 1 375.559273721655
81 0.047333718471 0 1 377.559026670463
94 0.04730934593 0.16 1 378.559002241923
21 0.047553345929 0 1 378.559246451847
52 0.047471714547 0.134464 1 381.55916486651
90 0.047534133409 0.16 1 382.559227242995
23 0.04731135474 0 1 386.55900239314
36 0.047503354739 0 1 386.559194386955
54 0.047418790022 0.307571 1 394.559111915355
59 0.047510877663 0.307571 1 396.559203989642
60 0.047420941773 0 1 397.559114049536
22 0.04763041416 0 1 403.55932355145
75 0.047507733413 0.3904 1 404.559200346858
1 0.047366999998 0 1 411.559063497396
67 0.047527559076 0 1 415.55922069616
3 0.047515062762 0.537856 1 421.559207921929
77 0.047759062761 0 1 421.559452202843
13 0.047576249737 0.16 1 423.559272420428
75 0.047568993143 0.3904 1 426.559265152016
78 0.047287492664 0 1 429.558983867209
32 0.047548121838 0.288 1 430.559241240983
67 0.047462449403 0 1 437.559155476814
84 0.047619716985 0.3904 1 448.559312836213
47 0.047576661308 -0.2 1 453.559269793392
89 0.047263776321 0 1 454.558958487384
34 0.04753377632 0.16 1 454.559228457644
97 0.04737936462 0.288 1 458.559072459075
1 0.047623364619 0.16 1 458.559316446896
40 0.047445191957 0.1904 1 459.559141573351
68 0.047570759422 0 1 471.559266817909
17 0.04732735573 0.16 1 474.559023367267
35 0.047610355729 0.3904 1 474.559306520246
96 0.047802355728 0.16 1 474.559498247862
14 0.047452957566 0 1 479.559141645886
34 0.047358971683 0.288 2 481.559048612244
77 0.047589971682 0.288 2 481.559279450576
1 0.047807971681 0.16 2 481.559497543904
51 0.047521852898 0.158057 2 482.559218300585
92 0.047304174906 0 2 488.559000621364
72 0.047518053669 0 2 496.55921100073
7 0.047749053668 0 2 496.559442015635
73 0.047321927957 0 2 504.559015038265
94 0.047327470562 0.16 2 509.559020591153
24 0.04753075463 0.590285 2 513.559223901385
46 0.047512665125 -0.2 2 524.559205790823
55 0.047389603907 0.798673 2 528.559085243555
2 0.04743627589 0 2 529.559129403808
86 0.047455176528 0 2 532.55914830327
52 0.047471708902 0.173156 1 538.55916485522
97 0.047405613016 0.288 1 540.559101181463
88 0.047342336731 0.16 1 541.559035475331
7 0.04758633673 0.16 1 541.559279254394
66 0.047397507083 0 1 543.559093202092
11 0.047336332027 0 1 547.559029468109
49 0.047469676984 -0.2 1 548.559162806549
94 0.047366482614 0.288 1 552.559059615257
67 0.047527530742 0 1 553.559220639492
9 0.047540255666 0 1 554.559233384822
90 0.047586158846 0.16 1 558.559279293869
97 0.04732985734 0.288 1 562.559022814137
39 0.047502499681 0.16 1 563.559193558545
60 0.047449081914 0 1 566.5591401087
21 0.04750435518 0.16 1 583.559197470348
72 0.047520803106 0.16 1 586.559213941264
93 0.047600999998 0.3904 1 592.559294861029
36 0.04750390872 0 2 601.55919751473
68 0.047381378272 0 2 604.559069639155
5 0.047438052943 0 2 605.559131182926
