6 0.024518679271 0 2 21.956114735737
38 0.024401845687 0 2 27.955997865969
46 0.024645845686 0 2 27.956242012193
57 0.024475755544 0 2 28.956071944062
15 0.024438218999 0 2 41.956026850515
61 0.024708218998 0 2 41.956296836242
85 0.024257901767 0 2 42.955847592967
63 0.024633192701 0 2 47.956220824236
95 0.024632338377 0 2 48.956220523255
45 0.024328129391 0 2 49.955924261401
25 0.024395138996 0 2 50.955982633896
71 0.024544444961 0 2 57.95613280153
39 0.024328892045 0 2 58.955915060512
62 0.024598892044 0 2 58.956185069982
8 0.024707096724 -0.04 2 63.956295465855
69 0.024242531136 0 2 64.955836165516
49 0.024361944204 0.04 2 65.955955511109
79 0.024566944203 0 2 65.95616070689
15 0.024797944202 0 2 65.956391510409
26 0.024399183491 0 2 71.955987399454
60 0.02461718349 0 2 71.956205403478
95 0.024809183489 0 2 71.956397294175
65 0.025079183488 0 2 71.956667551494
53 0.024414676858 0 2 72.956003347307
24 0.024551014348 0 2 77.956139231146
29 0.024451930042 0 2 79.95604788956
27 0.024254172869 0 1 84.955841123337
87 0.024333271757 0 1 85.955919673541
61 0.02453100389 0 1 87.956117930355
96 0.024337148442 0 1 88.955923616511
17 0.024538292778 0 1 90.956125214041
75 0.024293442389 0 1 91.955888862782
3 0.024563442388 -0.04 1 91.956158886115
35 0.02439182911 0 1 96.955978963348
70 0.024208092298 0 1 107.955806506665
4 0.024314692892 0.04 1 110.955910340861
0 0.024432848272 0.16 1 115.956024938178
80 0.02450683963 0 1 116.956102657691
16 0.024269712265 0 1 120.955865954253
69 0.024268086599 0.704228 1 121.955862120346
18 0.024606357582 -0.072 1 123.95619386436
79 0.024275112951 0.54432 1 124.955868612671
93 0.024302528485 0 1 125.955892052369
24 0.024572528484 0.2 1 125.956162140533
58 0.024407528823 -0.072 1 128.955997171964
13 0.024281299317 0.3184 1 129.95586845003
86 0.024538299316 0 1 129.956125426946
50 0.02449056511 0 1 131.956080230671
97 0.024226295278 0 1 132.955820696242
17 0.024273459915 0 1 137.955868880151
0 0.024530459914 0.288 1 137.956125835465
80 0.024460688739 0.47232 1 138.956050322577
16 0.024271744492 0 1 142.955865412045
45 0.02439126307 0.16 1 143.955989476447
54 0.024402234677 0.609856 1 145.955996282168
48 0.024421665523 -0.04 1 151.956015507326
44 0.024557421179 0.04 1 152.956150641491
88 0.024387348502 -0.04 1 157.955975367089
51 0.024604106865 0 1 164.956190609535
33 0.024558004978 -0.072 1 165.956151217214
6 0.024789004977 0 1 165.956382117497
38 0.024332355315 0.088 1 167.955919772063
57 0.024442562865 0 1 168.956030226539
20 0.024673562864 0 1 168.956261338601
99 0.024511774072 0.072 1 171.956109745255
66 0.024546245331 0 1 173.956141468036
93 0.024378777266 0.337856 1 181.955967623694
68 0.024299359843 0.088 1 186.955897499681
38 0.024339229945 0.337856 1 189.955935164551
67 0.024358561793 0 1 191.955956380181
30 0.024513572688 0 1 192.956109753678
99 0.024487066549 0.2576 1 193.956083235359
69 0.024281822727 0.704228 1 195.955878075107
64 0.024251324776 0.072 1 199.955840406683
29 0.024468475592 0.232 1 203.956060903844
62 0.024330928288 0 1 205.955927420346
46 0.02449468102 0 1 208.956091011581
81 0.024315564587 0.16 1 209.955911805715
12 0.024473285664 0 1 213.956069445031
32 0.024334138063 0.16 1 214.955926043422
40 0.024578138062 0 1 214.956170047006
41 0.024249072952 0 1 215.955845329396
96 0.024344372381 0.288 1 217.955936583601
3 0.024578591984 -0.2 1 223.956170865403
73 0.024587553339 0.088 1 225.95618373168
74 0.024301505437 0.0976 1 226.955893385487
15 0.024493505436 0 1 226.956085363705
88 0.024448428593 -0.04 1 232.956040322629
17 0.024258724816 0 1 237.955847127757
27 0.024304999998 0.16 1 239.955893118777
91 0.024392537117 0 1 240.955981061498
29 0.024472382182 0.40608 1 241.956060729752
28 0.024285549334 -0.072 1 243.955873143737
10 0.024602899359 0 1 248.956202107788
56 0.024232215495 0 1 249.955827477271
75 0.024476215494 0 1 249.956071514316
80 0.024462636401 0.537856 1 250.956050575807
55 0.024220554579 0.47232 1 256.95580716633
84 0.024425067857 0.2576 1 258.956014826501
31 0.024393173948 0.288 1 259.955979905631
40 0.024411425391 0.16 1 261.956000796052
32 0.024304999998 0.16 1 265.955902957221
9 0.024410726066 0.11808 1 269.956001937357
43 0.024411131684 0.1904 1 271.956003473508
64 0.024275465144 0.2576 1 275.955866442445
79 0.024305728021 0.56992 1 277.955897645227
90 0.02453810221 0.16 1 285.956125189967
51 0.024445070215 0.288 1 287.95604134923
17 0.024306864337 0.16 1 289.955899063029
82 0.024292119587 0 1 291.955879222805
14 0.024486943277 0.27808 1 294.956074167894
8 0.024385722866 -0.2 1 297.955981299133
50 0.024526967271 0 1 298.956119243647
83 0.024495886501 -0.072 1 301.956087946015
84 0.0247788865 0.27808 1 301.956370710025
92 0.024698514299 0.47232 1 302.956292457678
58 0.024677005024 -0.2 1 303.956266060146
52 0.024593953261 0.16 1 304.956185894317
32 0.024313907281 0.3904 1 307.955907877577
19 0.02451890728 0.294464 1 307.956112679972
90 0.024736907279 0.16 1 307.956330924507
66 0.025019907278 0 1 307.956613943345
70 0.024243863018 0.288 1 309.955832500545
17 0.024348845897 0.47232 1 311.955935013516
42 0.024566845896 0.288 1 311.956153240174
76 0.024497859476 0 1 314.956084316662
14 0.024500796583 0.307571 1 316.956099601496
81 0.024358484183 0.16 1 322.955950800567
10 0.024469813418 0.16 1 323.956056464075
82 0.024254980721 0 1 326.955853308103
98 0.024491044692 0.088 1 333.956086163595
28 0.024312182071 -0.2 1 338.955899144391
27 0.024248342759 0.16 1 341.955835329117
74 0.024466342758 0.11808 1 341.956053368288
35 0.024383554544 0 1 342.955978952864
7 0.024280939918 0 1 350.955875876033
6 0.024524939917 0.16 1 350.956119847493
75 0.02428118447 0 1 357.955880062202
98 0.024464767183 0.27232 1 361.956059672843
74 0.024340430796 0.147571 1 363.955939206345
35 0.024603299435 0.288 1 364.956197841336
3 0.024458895237 -0.2 1 367.956055014146
80 0.024715895236 0.632228 1 367.956312038068
8 0.024408450777 -0.2 1 369.956007265879
7 0.024237502888 0 1 374.955833485689
94 0.024624502887 0.134464 1 374.956220683396
58 0.024521203473 -0.2 1 375.956116909236
81 0.024338793362 0.47232 1 377.955934859044
21 0.024379038312 0.288 1 379.955976966377
84 0.024597038311 0.294464 1 379.956194787941
90 0.024716831655 0.288 1 384.956304623148
52 0.024585746734 0.16 1 385.956183843805
23 0.024393603698 0.337856 1 386.955989071529
36 0.024650603697 0.16 1 386.95624606551
54 0.024486744668 0.737856 1 393.956074305912
59 0.024457964875 0.147571 1 395.956047900277
60 0.02436508173 0.288 1 396.955963921067
22 0.024540939525 0.47232 1 403.956137189616
75 0.024332438796 0 1 404.955918989746
1 0.024287063252 0 1 411.955885877378
67 0.024384305539 0.16 1 415.955972370789
77 0.024340644159 0.16 1 421.955928418
3 0.024610644158 -0.2 1 421.956198170486
13 0.024281662696 0.27232 1 422.955877931538
75 0.024268199634 0 1 426.955866866538
32 0.024275593651 0.3904 1 432.955874091455
78 0.02449359365 -0.2 1 432.95609205561
67 0.024298046794 0.16 1 437.955894222787
84 0.024482610878 0.307571 1 447.956079885421
34 0.024233766828 0.307571 1 452.955830035191
1 0.024221577126 0.288 1 457.955815499916
89 0.024712577125 0.422464 1 457.95630633683
97 0.024260563373 0.288 1 458.955856770874
47 0.024452563372 0.288 1 458.956048588557
40 0.024709563371 0.288 1 458.956305839671
68 0.024471701207 -0.04 1 470.956063921502
17 0.02431709239 0.47232 1 473.955909185134
96 0.024522092389 0.3904 1 473.956114063102
35 0.024350201987 0.288 1 474.955939907934
14 0.024483936654 0.307571 1 479.956074145222
1 0.02422654373 0.47232 1 481.955814896404
34 0.024483543729 0.318057 1 481.95607196511
77 0.024701543728 0.16 1 481.956289802681
51 0.024419692967 0.3904 1 482.956015289908
92 0.024467093622 0.47232 1 487.95606108857
72 0.024480102647 0.16 1 491.95607591524
7 0.024291999998 0.16 1 492.955891094374
73 0.024378710904 0.27232 1 503.955974979334
94 0.024269068837 0.454446 1 508.955857925429
24 0.024460999998 0.435571 1 513.956048226056
46 0.024442755396 0.16 1 524.956038994037
55 0.024259291802 0.537856 1 528.95584619633
2 0.024428903446 0 1 529.956025144202
86 0.024480124712 0.3904 1 533.956076319215
52 0.024451090766 0.288 1 538.956047349889
97 0.024245992792 0.3904 1 540.955833722874
7 0.024262055052 0.288 1 541.955858091682
88 0.024506055051 -0.072 1 541.956102306438
66 0.024579831386 0 1 543.956167428906
11 0.024526947377 0.16 1 547.956116198734
49 0.024317468603 0.645476 1 548.955909472177
9 0.024591678932 0.454446 1 555.956190690514
94 0.024264635537 0.75673 1 556.955854938683
67 0.024495635536 0.16 1 556.95608595689
90 0.024570745717 0.288 1 558.956164159827
39 0.024256178093 0.76881 1 566.955850065385
60 0.024487178092 0.47232 1 566.956081227801
21 0.024397361927 0.3904 1 582.955992928624
72 0.024577999998 0.16 1 586.956166850504
93 0.024362936829 0.337856 1 591.95595523414
36 0.024517560494 0.3904 1 601.956106192929
68 0.024321661299 -0.04 1 604.955910403977
5 0.024344206152 0 1 605.955936282023
