6 0.040077352211 0 2 21.75554597249
38 0.039895517583 0 2 27.755364097961
46 0.040165517582 0 2 27.75563424853
57 0.039769893135 0 2 28.755238646045
61 0.03985846379 0 2 40.755327294869
15 0.039851467505 0 2 41.755320267471
85 0.040495458615 0 2 42.755964150223
45 0.039819484834 0 2 46.7552883148
63 0.040102484833 0 2 46.755571316052
95 0.039866616201 0 2 48.755335260069
25 0.041127754448 0 2 50.756599658158
62 0.039828605212 0.16 2 53.755300389202
39 0.039943999998 0 2 55.755411065549
71 0.03983114883 0.248 2 57.755299953465
49 0.039839749247 0.04 2 59.755311368476
69 0.040044749246 0 2 59.755516386545
61 0.03989460263 -0.04 2 62.755366278583
15 0.040114716946 0 2 64.755588459491
8 0.040105522373 0 2 67.755579382934
26 0.040119998508 0 2 68.755588759483
79 0.039860219098 0 2 69.755328809435
60 0.040143219097 -0.04 2 69.755611948978
95 0.039858642114 0 2 70.755332680136
65 0.040115642113 0 2 70.755589992172
53 0.039843051703 0 2 73.755315955105
29 0.039767521434 0 1 79.755236332861
24 0.039972521433 0 1 79.755441258588
49 0.039777521825 0.04 1 81.755246351569
69 0.039995521824 -0.04 1 81.755464334515
27 0.039826999998 0 1 84.755297581365
87 0.039802916156 0 1 85.75527172266
96 0.039790620726 0 1 89.755259403705
75 0.040058607071 0 1 91.755527411784
17 0.039833037079 0 1 92.755312317447
3 0.040051037078 0 1 92.75553038247
35 0.03976697294 0 1 97.755235768053
70 0.04001147354 -0.04 1 107.755477881212
4 0.039738747161 0 1 111.755207543511
0 0.039793417059 0.16 1 115.755262229866
80 0.039789989265 0 1 118.755258744558
79 0.039962875754 0.088 1 122.755431447107
3 0.040661875753 0.16 1 122.756130682825
16 0.040088340571 0 1 123.755557013992
24 0.040036349536 0.288 1 125.755505130885
93 0.039789313652 0 1 127.755257919623
18 0.040059313651 0 1 127.755527923235
58 0.039809580886 0.248 1 128.75527839484
13 0.039846603535 0 1 129.755315439314
86 0.040077603534 0 1 129.755546416386
50 0.039761709672 -0.072 1 136.755237506804
97 0.039992709671 0 1 136.755468520635
17 0.040016604299 0 1 139.755492210921
80 0.039828982648 0.3904 1 140.755297731324
45 0.039909197914 0.072 1 144.755377956876
54 0.039916933867 -0.072 1 147.755385680043
48 0.03992658174 0.072 1 151.755395197922
44 0.041837473829 0.3856 1 154.757306164822
88 0.039940672344 0.16 1 158.755409473522
38 0.039885218389 0 1 161.755354044028
57 0.039816999997 -0.04 1 164.755285491253
6 0.040242999996 0 1 164.755711392116
20 0.040193818677 0 1 166.755662653932
51 0.039916435587 -0.04 1 168.755385050902
33 0.040173435586 0 1 168.755642069085
99 0.040027190796 0 1 171.755496006891
66 0.040095727148 0.088 1 176.755564085938
93 0.039830874228 0.288 1 181.755299398988
38 0.039962916045 0 1 183.75543143934
57 0.039795713288 -0.04 1 186.755264286351
20 0.039986837732 0 1 189.755455585105
68 0.039933475851 -0.072 1 190.755402143384
67 0.039983316187 -0.072 1 192.75545208794
99 0.040585284348 0 1 193.756053829307
30 0.040034999998 0 1 194.755503117169
69 0.039999095206 -0.072 1 197.755467162764
64 0.039813999998 -0.072 1 199.755290231923
29 0.039800092011 0 1 203.755268330459
62 0.039837384122 0.12 1 205.755313336274
46 0.04005016382 0.072 1 208.755526040815
81 0.041699531228 0 1 209.75716833682
32 0.040545409994 0 1 214.756021338981
40 0.040022046755 0.0976 1 215.755490655691
12 0.040021826955 0 1 217.755490479596
41 0.039770588388 0.0976 1 219.755243950691
96 0.040001588387 0 1 219.755475030032
3 0.040058499497 0.16 1 224.755534748634
73 0.040095893498 -0.2 1 226.755564682501
74 0.039811401216 -0.072 1 227.75528739907
15 0.040094401215 0.288 1 227.755570377182
88 0.039992695165 0.16 1 232.755461519164
17 0.039870553783 0 1 238.755339330538
27 0.039821290731 0 1 239.755297576845
29 0.039822830447 0 1 242.755291517356
91 0.040105830446 0 1 242.755574557203
28 0.040464147774 0 1 245.755932900063
10 0.039783697753 0 1 248.755254387542
56 0.040047542912 -0.2 1 249.755517628441
75 0.040304542911 0.088 1 249.755774665573
80 0.039787599313 0.3904 1 250.755258842258
55 0.039849195276 -0.2 1 257.755328280657
84 0.039982412146 0.16 1 258.755452871365
31 0.0399328672 0 1 259.755403916003
40 0.039960305203 0.27808 1 261.755429138256
32 0.039897389021 0.288 1 267.75536611735
9 0.03988862267 0 1 269.755357430163
43 0.03992707892 0.11808 1 272.755395876979
64 0.039795376298 -0.2 1 276.755264177467
79 0.039868574431 -0.04 1 277.75534471764
90 0.039837538274 0 1 285.755306365646
51 0.040062923651 -0.2 1 291.755531587941
82 0.039793397239 0 1 292.755269289971
17 0.040011397238 0.47232 1 292.755487189511
14 0.039844640889 0 1 295.755315948177
8 0.039883750571 0 1 298.755354913732
50 0.039725737531 0.088 1 301.755204027196
83 0.04011273753 0 1 301.755591076222
84 0.040395737529 0.288 1 301.755873837362
19 0.039831571461 0 1 303.755300206533
92 0.040031439023 0 1 304.755509606074
32 0.040150333367 0.3904 1 305.755619132782
58 0.039861414079 0.337856 1 306.755330061226
90 0.039864782913 0 1 307.755342572121
52 0.03989056745 -0.2 1 308.755359121277
66 0.040134567449 0.088 1 308.755603298296
70 0.043237040884 -0.2 1 310.758715086135
42 0.039828656845 0.422464 1 311.755297415725
17 0.039896304199 0.47232 1 314.75536483137
76 0.039800426929 0.088 1 316.75527885483
14 0.03984691585 0 1 317.755315454051
81 0.039758265665 0 1 322.755227068731
10 0.039855529322 0 1 323.755324359587
82 0.039790273754 0.288 1 327.755259073649
98 0.040624723604 0.288 1 333.756093523591
28 0.039913760018 0 1 340.755384865557
27 0.03999173915 0 1 343.755467203011
35 0.039775468517 0 1 347.75524575465
74 0.040019468516 -0.2 1 347.755489742932
7 0.039954237243 0 1 355.755422053907
6 0.040185237242 0.288 1 355.755653025942
75 0.040007472531 0.088 1 358.75547540253
98 0.040005594423 0.288 1 361.75547325087
3 0.039922517284 0.16 1 364.755390451787
80 0.039762452281 0.3904 1 365.75523282795
8 0.039845342203 0 1 371.755315790466
81 0.039803667264 0.288 1 376.755271457304
84 0.040177667263 0.288 1 376.755645465536
21 0.04000857888 0 1 377.755479393301
7 0.040213578879 0 1 377.755684103024
58 0.039871744033 0.337856 1 378.755340419591
94 0.040102744032 0 1 378.755571318596
90 0.040125694743 0.16 1 387.755594263332
52 0.040343694742 -0.2 1 387.755812264929
23 0.039896333334 0.16 1 389.75536358664
36 0.040101333333 0.16 1 389.755568582572
54 0.041118766449 -0.2 1 394.756593695408
59 0.039723050011 -0.2 1 395.755190175235
60 0.039896775569 -0.04 1 398.755363809256
22 0.040545841514 0.16 1 403.756013772691
75 0.0400655318 0.088 1 404.755540420174
1 0.039832639666 0 1 412.755300523698
67 0.040062164019 -0.2 1 415.755530173312
3 0.039919012931 0.16 1 421.755387566071
77 0.04016301293 -0.2 1 421.755631830381
13 0.039856556884 0 1 424.755325299986
75 0.040031234601 0.088 1 426.755501261158
32 0.03994531803 0.3904 1 432.755415441816
78 0.040163318029 -0.04 1 432.755633405811
67 0.040061267056 -0.2 1 437.755529989678
84 0.039984043147 0.288 1 448.755452839707
34 0.039806268492 0 1 452.755275101379
47 0.039926832708 0.318057 1 454.755395597002
89 0.040209832707 0 1 454.755678605055
97 0.039746305563 0 1 458.755215077446
1 0.040029305562 0 1 458.755498065227
40 0.039938617632 0.307571 1 459.75541606417
96 0.039810906519 0.288 1 468.755288061671
68 0.040067906518 -0.2 1 468.755545055743
17 0.039797030423 0.47232 1 471.755274362052
35 0.039732236565 0.16 1 474.755209802795
14 0.039920426894 0 1 479.755394015743
1 0.039760667006 0 1 481.755229399701
77 0.040030667005 -0.2 1 481.755499306135
34 0.040274667004 0 1 481.755743468232
51 0.039953554148 -0.2 1 482.755427039192
92 0.039842525702 0.16 1 487.755311362547
72 0.039814939831 -0.2 1 495.755283608148
7 0.039936606714 0 1 496.755411858078
73 0.039875157841 -0.2 1 504.755343945508
94 0.039946666248 0.288 1 509.755417340096
24 0.039884608403 0.3904 1 513.755353432527
46 0.04001374331 0.446057 1 524.755487023237
55 0.039833572603 -0.2 1 528.755302400581
2 0.039797174278 0 1 529.755265979536
86 0.040028594739 0 1 532.755497398795
52 0.039906947669 -0.2 1 538.75537505872
97 0.039735994928 0.288 1 540.755204812712
88 0.039937876225 0.47232 1 542.755406646886
7 0.040181876224 0.537856 1 542.755650448609
66 0.040069501418 0.088 1 543.755538316558
11 0.039868793699 0.16 1 547.755343818633
49 0.039768396963 0.326446 1 548.755237203915
67 0.040604886574 -0.2 1 553.756080116666
9 0.039842440051 0.288 1 554.75531571154
94 0.04012544005 0.288 1 554.75559862582
90 0.039850523231 0.537856 1 558.75531933556
97 0.03976029831 0.3904 1 564.7552290389
39 0.040043298309 0 1 564.755512038862
60 0.039890724286 -0.04 1 566.75536395825
21 0.039800777754 0.288 1 584.755269525238
72 0.039813999998 -0.2 1 586.755283902448
93 0.039830304997 0.3904 1 592.755299951122
36 0.039865999998 0.3904 1 602.755339976569
68 0.039982549892 -0.2 1 604.755457061788
5 0.039939555703 0 1 605.755413435342
