38 0.010509560089 0 2 21.559129643061
6 0.010226013608 0 2 24.558845667539
46 0.010378392735 0 2 25.558989134666
57 0.010529421926 0 2 29.559140971862
15 0.010214286492 0 2 41.558826168746
61 0.010458286491 0 2 41.55907015459
85 0.01023073385 0 2 43.558846568745
45 0.010325310157 0 2 46.558935276001
63 0.010465995771 0 2 47.559079816649
95 0.010388107606 0 2 48.559002505563
25 0.010173601103 0 2 50.558781745132
39 0.010362878563 0 2 54.558974335777
62 0.010606878562 0 2 54.559218329894
71 0.010348768796 0 2 57.558957535037
49 0.010318607788 0 2 59.558926613028
69 0.010346679489 0 2 60.558955494647
15 0.010284438812 0.16 2 63.558898453819
8 0.010489438811 0.04 2 63.559103750896
79 0.010230632319 0.12 2 64.558846721508
60 0.010151243618 0 2 68.558766398859
26 0.010421243617 0 2 68.559036385025
95 0.010347875446 0 2 70.558963247293
65 0.010394940339 0 2 71.559009929141
53 0.010299829816 0 2 73.558909502656
24 0.01038915884 0 2 77.559004067153
29 0.010416543437 0 1 79.55903589128
49 0.01030882187 -0.04 1 81.558926595032
27 0.010319190765 0 1 85.558927363506
87 0.010524190764 0 1 85.5591323783
17 0.010649373554 0 1 90.559269994471
3 0.010234631483 0.04 1 92.558849351368
61 0.010504631482 0.16 1 92.559119189346
96 0.01049034625 0 1 94.559100937979
75 0.010708346249 0 1 94.559319045197
35 0.010472999998 0 1 97.559082214244
69 0.010319032798 0.12 1 100.558929486209
70 0.010439811075 0 1 107.559052057063
4 0.010426457542 -0.04 1 111.559047198053
0 0.010428362454 0 1 115.559037955391
80 0.010193291787 0 1 117.558807720891
16 0.010285839703 0 1 120.558901503092
18 0.010536215007 0.232 1 123.559150739687
79 0.010320042977 0.216 1 124.55892955752
24 0.010355216053 -0.04 1 126.558975195732
93 0.010612216052 0 1 126.559232108119
58 0.010383840807 0.072 1 128.55900169416
86 0.010205797395 0 1 129.558820733755
13 0.010334189022 0.232 1 130.558945128795
50 0.010206223359 0.288 1 135.558818193201
97 0.010463223358 0 1 135.55907520651
80 0.010194833326 0.665782 1 139.558803831517
17 0.010500497623 0 1 140.559118443989
16 0.010247391876 0.288 1 142.558861899738
45 0.010283905153 0 1 143.558896224227
54 0.010251442936 0.216 1 146.558864057656
48 0.010340683616 0.232 1 151.558951415767
44 0.010219159345 -0.04 1 153.558833719235
88 0.010293907916 0.04 1 158.55890462992
38 0.01036524331 0.072 1 161.55898095108
6 0.010265839802 0 1 162.558885236045
57 0.010543502072 0 1 164.559154074286
51 0.010280727782 0 1 165.558901462339
33 0.010472727781 0.072 1 165.559093483531
20 0.010321609075 0 1 167.558940787856
99 0.010425729006 0.216 1 171.559039018013
66 0.01026658225 0 1 174.558886590599
93 0.010376180422 0.635456 1 181.558987148213
38 0.01039589319 0.488 1 183.559006328314
57 0.010517190404 0 1 186.55912766729
68 0.010422884187 0.072 1 187.559035037076
20 0.010304016291 0 1 189.55891466659
99 0.010571211144 0.1904 1 193.559181161629
67 0.010210496772 0 1 194.5588222546
30 0.010480496771 0.16 1 194.55909222894
69 0.010309285048 0.3184 1 195.558929541053
64 0.010193892757 -0.072 1 199.558807749321
29 0.010436640529 -0.072 1 203.559048905462
62 0.010424558123 0.16 1 205.559039367197
46 0.010296436638 0 1 208.55891111623
81 0.010232802618 0 1 209.558846726403
32 0.010354812993 0 1 210.55896927998
40 0.010432627737 0 1 211.55904718085
12 0.010375781849 0.288 1 213.558990273531
41 0.010516600295 0 1 215.559136148174
96 0.010476191833 0.288 1 217.559090930735
74 0.010412706375 -0.2 1 223.559025009609
15 0.010458860712 0.3904 1 226.559070732055
73 0.010198913635 0.232 1 229.558810514306
3 0.010429913634 0.5904 1 229.559041415194
88 0.010305894041 0.072 1 232.558917675724
17 0.010451157763 0 1 237.559066742295
29 0.010505192371 -0.2 1 241.559122942548
28 0.010301263859 0.0976 1 244.558911758683
91 0.010493263858 0 1 244.559103603222
27 0.010776263857 0 1 244.559386575556
56 0.010167290809 0 1 246.558781728599
75 0.010484808798 0.3904 1 247.559095198436
10 0.01044567662 0 1 248.559060597795
80 0.010210380659 0.665782 1 250.558820724945
55 0.010258086104 0.288 1 256.558868086332
84 0.010507539143 0.1904 1 258.559117973979
31 0.010395430888 0 1 259.559005796578
40 0.010393388943 0 1 262.559008185518
32 0.010358706322 0.3904 1 265.558969264956
9 0.010267539691 -0.04 1 269.55888106111
43 0.010450573823 0.488 1 272.559069825409
64 0.010244280852 -0.2 1 276.558860643983
79 0.01023798765 0.088 1 277.558854520949
90 0.010287932192 0.16 1 285.558908701276
51 0.010222057807 0.16 1 288.558833719146
17 0.010407408187 0.3904 1 289.559027677283
82 0.010509716704 0 1 291.559128604963
14 0.010168783133 -0.04 1 295.558781706139
8 0.010435733391 0.11808 1 297.559054769607
84 0.010699394068 0.27232 1 301.559311634
83 0.010625126088 0.0976 1 302.559242840798
19 0.010433170326 -0.2 1 303.55904208127
92 0.010161266898 0 1 305.558778865309
32 0.010548266897 0.537856 1 305.559165957822
50 0.010818266896 0.288 1 305.559435696649
58 0.010483149896 0.294464 1 306.559091485707
90 0.010433115962 0.16 1 307.55905280156
52 0.010222068102 0 1 309.558842037496
42 0.010515977419 0 1 310.559130786401
66 0.010222188928 0 1 311.558840929183
70 0.010479188927 0 1 311.559098061842
17 0.010697188926 0.3904 1 311.559315842535
76 0.010430185457 0 1 314.559041083102
14 0.010196999999 -0.04 1 317.558807450029
81 0.010268018001 0.16 1 322.558878078577
10 0.010448945351 0 1 324.559060508469
82 0.010523758878 0 1 327.559141599921
98 0.010386670105 0.27808 1 333.558997390898
28 0.010297726697 0.134464 1 339.558908444722
27 0.0102864224 0 1 341.558904519021
74 0.010430392876 -0.2 1 342.559050959315
35 0.010484396904 0 1 343.559095203952
6 0.010242111838 0.288 1 350.558859258339
7 0.010292405858 0 1 351.558902433025
75 0.010471828244 0.47232 1 358.559082197832
98 0.01033962821 0.537971 1 361.558957837934
3 0.010238942532 0.606784 1 364.558855948373
74 0.010521942531 -0.2 1 364.559138905886
80 0.01019850086 0.714101 1 365.558809218723
35 0.010468500859 0.288 1 365.559079219327
8 0.010364577195 0.307571 1 369.558976736469
6 0.010272929592 0.288 1 372.558885285287
84 0.010569794859 0.337856 1 373.559185797118
7 0.010494357988 0 1 374.559108960475
58 0.010517506876 0.294464 1 375.559135187408
81 0.010300758717 0.537856 1 377.558914136216
94 0.010280252949 0.088 1 380.558900230927
21 0.010524252948 0.16 1 380.559144418
52 0.010207598503 0.288 1 381.558820750177
90 0.01027691311 0.16 1 382.558895620432
23 0.010175874847 0.147571 1 385.55879432939
36 0.010393874846 0 1 385.559012322915
54 0.010285179333 0.27232 1 394.55890308123
59 0.010449975744 -0.2 1 396.559059001539
60 0.010144736496 0.16 1 397.558755705977
22 0.010449766132 0 1 403.559060706363
75 0.010513538068 0.590285 1 404.55913421555
1 0.010381182837 0.288 1 411.558994402786
67 0.010238113041 0.288 1 415.558846735298
77 0.010222261224 0 1 421.558831189133
3 0.010466261223 0.630377 1 421.559074908217
13 0.010325675406 0.307571 1 423.558945122331
75 0.010487699628 0.590285 1 426.559108020708
78 0.01028526876 0.422464 1 429.558897548695
32 0.010384505182 0.537856 1 430.558995222542
67 0.010253313627 0.47232 1 437.558863939253
84 0.010429225022 0.337856 1 448.559039942465
89 0.010450017443 -0.2 1 453.559070399716
47 0.010205580821 0.16 1 455.558814504468
34 0.01046258082 -0.04 1 455.55907148299
97 0.010324210869 0 1 458.558932777483
1 0.010568210868 0.288 1 458.559176765304
40 0.010399434167 0.16 1 459.559008201196
68 0.010635715476 0.147571 1 471.559244124908
96 0.010433288512 0.288 1 474.559048884312
35 0.010476844669 0.288 1 477.559092236531
17 0.010694844668 0.537856 1 477.559310096937
14 0.010160928678 -0.04 1 479.558781739885
77 0.010278698382 0.16 1 481.558893027446
34 0.010522698381 0.088 1 481.559137189112
1 0.01072769838 0.537856 1 481.559342120773
51 0.010249719122 0.16 1 482.558857651188
92 0.010170999999 0.16 1 488.558781712647
72 0.010213738057 0.288 1 492.55882446145
7 0.010405738056 0 1 492.559016475112
73 0.010267805734 0.318057 1 504.558878514257
94 0.010322567336 0.27232 1 509.558942235198
24 0.010354317081 -0.2 1 513.558965062051
46 0.010323723028 0.537856 1 524.55893709863
55 0.010235169199 0.3904 1 528.558855116654
2 0.010212023287 0.288 1 529.558820726132
86 0.010211927066 0.3904 1 532.558820724956
52 0.01016031707 0.47232 1 538.558768744532
97 0.010284289101 0.47232 1 540.558896499871
7 0.010510281489 0.16 1 543.559122520623
88 0.010251183821 0.326446 1 547.558862779941
66 0.010228512217 0 1 548.558844637074
49 0.010275326847 -0.072 1 550.558886691486
11 0.010493326846 0.3904 1 550.559104652641
94 0.010276890593 0.337856 1 552.558890259302
67 0.010209281139 0.590285 1 553.558820706964
9 0.010207304751 -0.04 1 554.55882072737
90 0.010282041761 0.16 1 558.558895671306
97 0.010279028772 0.537856 1 562.558896132545
39 0.010379616354 -0.04 1 563.558993430476
60 0.010214198154 0.16 1 566.558833735559
21 0.010435601357 0.3904 1 583.55904631474
72 0.010222999999 0.288 1 586.558833736372
93 0.010394999998 0.832228 1 592.559013731295
36 0.010296974205 0.3904 1 601.558911360996
68 0.01043737284 0.333156 1 604.559048031448
5 0.010239353796 0 1 605.558858962495
