6 0.03023085594 0 2 21.557709352452
46 0.029868999998 0 2 25.557348232836
38 0.030099999997 0 2 25.557579061247
57 0.030090829268 0 2 29.557568470637
15 0.029876669212 0 2 41.557355196787
61 0.030133669211 0 2 41.557612182631
85 0.02987046124 0 2 43.557348986027
45 0.029905956316 0 2 46.557384663198
63 0.029899360912 0 2 47.557378645287
95 0.030125039141 0 2 48.557603559404
25 0.030170619065 0 2 50.557655407164
62 0.029920999998 0 2 54.557405264336
39 0.030164999997 0 2 54.557649270217
71 0.029865638233 0 2 57.557349779804
49 0.029998151443 0 2 59.557481651924
69 0.030101065824 0 2 60.557585070726
15 0.029875692163 0 2 63.557359365719
8 0.029938703007 0 2 64.557425891291
79 0.030169703006 0 2 64.557656924031
26 0.029872806357 0 2 67.557354946835
60 0.030090806356 0 2 67.557572960749
95 0.030105373282 -0.04 2 70.557590301134
65 0.029903413828 0 2 71.557380822451
53 0.03005609278 0 2 73.557536006283
24 0.030081642295 0 2 77.557565013324
29 0.029877452037 0 2 79.557357182405
49 0.030080945347 0 2 81.557559633928
87 0.030271403863 -0.04 1 88.557748795946
27 0.030179797427 0 1 89.557657691497
96 0.029890702294 0 1 90.557371541633
61 0.030121702293 0.04 1 90.557602501484
17 0.030378702292 0 1 90.557859611512
3 0.030097960482 0 1 94.557575625423
75 0.030354960481 0 1 94.55783260272
35 0.030082690164 0 1 97.557561890656
69 0.030092849237 0.2 1 100.557572062288
70 0.030009314979 0.04 1 107.557487186896
4 0.030081927029 0 1 111.557569862559
0 0.029959444736 0 1 115.557438134408
80 0.029905321114 0 1 117.55739355238
16 0.030039284204 0 1 120.557527648874
79 0.030267953168 0.232 1 123.55775124338
18 0.029922652054 0 1 124.557405031984
93 0.030087981744 0 1 126.557571337373
24 0.030370981743 0.288 1 126.557854424984
58 0.030106277106 0 1 128.55758827227
86 0.030136772045 -0.04 1 129.557615004458
13 0.03000713358 0 1 130.557489049762
50 0.029931789971 0 1 132.557414642603
97 0.03013678997 0 1 132.557619655081
80 0.029843410287 0.088 1 139.55732577971
17 0.030057056668 0.288 1 140.557544639204
16 0.03005496561 0.16 1 142.55754004552
45 0.029868999998 0 1 143.557345611424
54 0.03005811343 0 1 146.55753457721
48 0.029995577241 0 1 151.557483495286
44 0.030095219735 0 1 153.557577425104
88 0.029868162423 -0.072 1 158.557344678044
38 0.029947711028 0 1 161.557426413576
6 0.030004160056 0 1 162.557492144994
57 0.030197572868 0 1 164.55767851022
33 0.030099835429 0 1 167.557580509265
20 0.029848303314 0 1 169.557334685201
51 0.030092303313 0.288 1 169.557578558821
99 0.029993070717 -0.072 1 171.557477069182
66 0.030129137363 0.072 1 174.557615030125
93 0.030139653023 0.088 1 181.557625573966
38 0.029992684677 0.16 1 183.55747779081
57 0.030043872778 0 1 186.557529166065
68 0.02986917305 0.072 1 187.557355902188
30 0.030118214551 0 1 191.557604930466
67 0.029832971447 0.072 1 192.557318648583
99 0.029984621621 -0.072 1 193.557463494852
69 0.03009928075 0.4624 1 195.557585117132
64 0.030047341708 0.072 1 199.557526780441
29 0.029870311466 0.16 1 203.557357196587
62 0.029870298811 0.04 1 205.557348987466
46 0.029865999999 0 1 208.557344688753
81 0.030174170716 -0.072 1 209.557657698998
32 0.029804231981 0 1 210.557292702119
40 0.029988825307 0 1 211.557467487928
12 0.029957319686 0.288 1 213.557445916528
41 0.029946871819 0 1 215.557429989538
96 0.029946999998 -0.072 1 217.557426547778
15 0.029880154488 0 1 223.557367053659
74 0.030245133495 0.0976 1 226.557731643576
73 0.029994320141 0.072 1 229.557480537855
3 0.03019932014 0 1 229.557685438743
88 0.02983230222 -0.072 1 232.557318700946
17 0.030023942901 0.3904 1 237.55750593751
29 0.02988232401 0.632228 1 241.557369669236
28 0.02982332045 0 1 244.557301994367
91 0.030093320449 -0.04 1 244.557571838906
27 0.030298320448 0 1 244.55777681124
56 0.029897676147 0.16 1 246.557384732038
75 0.030094492169 0.0976 1 247.557573169452
10 0.029940809216 0.16 1 248.557423793082
80 0.029901879501 -0.04 1 250.557380560488
55 0.030016685463 0 1 256.557497868167
84 0.030049131383 -0.2 1 258.557538268438
31 0.029922758871 0 1 259.557404341964
40 0.029934258806 0 1 262.557415492596
32 0.029837645861 0.288 1 265.557318694607
9 0.030039131742 0.16 1 269.557523032428
43 0.030150077943 0.288 1 272.557627321188
64 0.030089999998 0.27808 1 276.557578725779
79 0.030128785605 0.2576 1 277.557607946214
90 0.029925064538 -0.04 1 285.557413507165
51 0.03000258566 0.288 1 288.557491007624
17 0.030056199691 0.47232 1 289.557544872498
82 0.030108419839 0.088 1 291.55759141448
14 0.029893489631 0 1 295.557381169805
8 0.029944877296 0 1 297.557424681507
19 0.029830125218 0.3904 1 301.55731674382
55 0.030217125217 0 1 301.557703829922
84 0.030500125216 -0.2 1 301.557986538123
58 0.030337421608 0.288 1 303.557820000723
50 0.030168518764 0.3904 1 304.557655001118
83 0.030399518763 -0.04 1 304.557886049105
52 0.03007400343 0.16 1 305.557557768822
32 0.029807838475 0.632228 1 306.557289924542
92 0.029999838474 0.088 1 306.55748183284
66 0.030191838473 0.27808 1 306.557673990581
90 0.029897480405 -0.04 1 307.557374294173
70 0.030055394472 0.0976 1 309.557539180976
42 0.029888244289 0 1 310.557370556391
17 0.03006098282 0.632228 1 311.557544322054
76 0.029873130303 0.11808 1 314.557356716965
14 0.02993633956 0.288 1 317.557419657585
81 0.030125559003 -0.2 1 322.557605694028
10 0.029935736328 0.47232 1 324.557423703756
82 0.030090140115 0.337856 1 327.557578409438
98 0.02983024598 -0.04 1 333.557318676833
28 0.029907999998 0.16 1 339.55738440537
27 0.030037999998 0.16 1 341.557521277818
74 0.030124748428 0.40608 1 342.557614024471
35 0.030164672982 0.16 1 343.557652880364
6 0.030056087661 0.3904 1 350.557544167288
7 0.030028199729 0 1 351.557517288302
75 0.030088428524 0.11808 1 358.557573168848
98 0.029833814787 -0.04 1 361.557318400351
80 0.029835588488 -0.04 1 365.557315478494
35 0.030287588487 0.16 1 365.557767479098
3 0.030011999998 0.16 1 366.557500313434
8 0.029897379079 0.16 1 369.557385648369
6 0.030016953784 0.3904 1 372.557505194236
7 0.030365686636 0.16 1 373.557852674512
94 0.03021300855 -0.04 1 374.557691630156
84 0.029993048388 -0.2 1 375.55748118204
58 0.030198048387 0.288 1 375.55768626681
81 0.030429048386 -0.2 1 375.557917174277
21 0.029998999998 0 1 377.557476040156
52 0.029912701124 0.16 1 381.557400938415
90 0.029867419151 -0.04 1 382.557348426321
36 0.030053725382 0 1 389.557530289851
23 0.030284725381 0.288 1 389.557761294137
54 0.030107921195 0.16 1 394.557586600784
59 0.029914143191 0 1 396.557391899814
60 0.030107345964 0.435571 1 397.55758889093
22 0.030161803607 0.47232 1 403.557647466453
75 0.030128564502 0.11808 1 404.557612186566
1 0.030043103857 0.288 1 411.557520489484
67 0.029886596663 0.158057 1 415.557365288003
77 0.029918101205 0.537971 1 421.557398167989
3 0.030175101204 0.16 1 421.557654887073
13 0.030013778609 0.288 1 423.557502043298
75 0.030084670908 0.11808 1 426.557572991724
78 0.030145060493 0.147571 1 429.557621888871
32 0.029844408945 0.665782 1 430.5573316734
67 0.029822080871 0.158057 1 437.557305581666
84 0.030086054656 -0.2 1 448.557564236924
34 0.030049512637 0 1 453.557528177168
47 0.029852323038 0.288 1 458.557339970272
97 0.030304323037 -0.04 1 458.557792153869
89 0.029903681407 -0.2 1 459.557382132689
1 0.030134681406 0.632228 1 459.557613273064
40 0.030352681405 0 1 459.557831354199
17 0.030099200848 0.632228 1 471.557580079342
68 0.029917809474 0.307571 1 472.55740494526
96 0.030148809473 -0.072 1 472.557635948947
35 0.030172159976 0.16 1 474.557652925574
14 0.029906612129 0.537856 1 479.557394237297
34 0.029823056952 0.16 1 481.557304682123
1 0.030028056951 0.632228 1 481.557509613784
77 0.03023305695 0.704302 1 481.557714520454
51 0.030029285572 0.288 1 482.557517038856
92 0.02991789855 0.337856 1 488.557396567239
72 0.0298966944 0.318057 1 492.557374316727
7 0.030179694399 0.16 1 492.557657330389
73 0.030024999998 0.556846 1 504.557509537806
94 0.030052061148 -0.04 1 509.557530735995
24 0.030082375723 0.288 1 513.557565008222
46 0.029896616761 0.3904 1 524.557378887342
55 0.029989881508 0.16 1 528.557471898489
2 0.02997344693 0.16 1 529.557459277361
86 0.030064291512 -0.072 1 532.55754998686
52 0.029949443075 0.288 1 538.557426927125
97 0.030110677328 -0.04 2 540.557596682078
88 0.029870693404 -0.072 2 541.557348108972
7 0.030075693403 0.16 2 541.557552888035
66 0.030154957943 0.318057 2 543.557641081229
11 0.030093261512 0 2 547.557579033898
49 0.030080940587 0.16 2 548.557559624408
94 0.0300780732 -0.04 1 552.557556760099
67 0.029861881503 0.461156 1 553.557344663005
9 0.030057347076 0.47232 1 554.557536030488
90 0.029882787916 -0.04 1 558.557361477195
97 0.030100523401 -0.04 1 562.557583314752
39 0.030121580964 0.16 1 563.557600243482
60 0.030084258493 0.461156 1 566.557562950094
21 0.0299512508 0.537856 1 583.55743696807
72 0.029951780153 0.326446 1 586.557437648285
93 0.030102999998 0.337856 1 592.557587157048
36 0.03001036489 0.590285 1 601.557494266919
68 0.029911059913 0.461156 1 604.55739489656
5 0.030021138942 0.288 1 605.557509794026
