6 0.020810799536 0 2 21.958942808214
38 0.020863248756 0 2 25.958995286557
46 0.020785556856 0 2 26.958920931097
57 0.021032087866 0 2 29.959167338683
61 0.021093358203 0 2 42.959219152135
85 0.020907016894 0 2 43.959036848562
15 0.021138016893 0 2 43.959267910815
63 0.020771081297 0 2 47.958898050288
45 0.020766441401 0 2 48.958898018225
95 0.0210234414 0 2 48.959154922114
25 0.020768999998 0 2 50.95889587139
39 0.020761823863 0 2 58.958894552984
49 0.020733640895 0 2 59.958867357199
69 0.021159640894 0 2 59.959293375321
71 0.020894370637 0 2 60.959025694299
62 0.021125370636 0 2 60.959256604651
8 0.020887499113 -0.04 2 63.959019104455
79 0.021118499112 0 2 63.959250137185
15 0.021006485524 0.2 2 65.959134704766
65 0.020804942965 0 2 70.958940385216
60 0.021087942964 0 2 70.959223235526
95 0.021279942963 0 2 70.95941508227
26 0.021562942962 0 2 70.959698223039
53 0.020900282462 0 1 72.959025074055
24 0.020963785734 0 1 77.95909665562
29 0.020823343684 0 1 79.958959177389
49 0.020760884165 0.288 1 81.958885727145
69 0.021030884164 0.16 1 81.959155710138
27 0.020939415829 0 1 84.959064380353
87 0.020759758776 0 1 85.958893208113
61 0.020955792748 0 1 87.959079937371
96 0.020874344254 0 1 88.959002538571
17 0.020779779695 0.04 1 90.958903780144
75 0.020752094954 0 1 91.958880122297
3 0.020981945671 0.12 1 92.959116611353
35 0.020949335198 0 1 96.959081037044
70 0.020899644746 0 1 107.959034304589
4 0.020944124863 -0.072 1 110.959078933412
0 0.020746058198 -0.072 1 116.958878213925
80 0.021029058197 0 1 116.959161291082
16 0.020921080882 0.072 1 120.959051080973
69 0.021212953459 0.16 1 121.959341300228
93 0.020760724155 0 1 122.958890025544
79 0.021186724154 0.3904 1 122.959315770634
18 0.020871705187 0.04 1 123.95899691785
24 0.020949454465 0.072 1 124.959083655322
58 0.020770401476 0.288 1 128.958894136842
86 0.02082309174 0 1 129.958954820799
13 0.021028091739 0.36 1 129.959159843881
50 0.02086723788 0 1 131.958990936556
97 0.021060213918 0 1 132.959191642464
17 0.020818892137 0.609856 1 137.958942776678
0 0.020802917532 0.216 1 138.958935214767
80 0.021059917531 0.692626 1 138.959192085814
16 0.020936597238 0.0976 1 142.959063538765
45 0.020831327116 0 1 143.958965875307
54 0.020742767486 0.288 1 146.958871775437
48 0.020720202826 0.16 1 152.958848760116
44 0.020964202825 0 1 152.959092837495
88 0.020719147979 0 1 158.958847736752
33 0.021248443464 0.072 1 164.959377072067
20 0.021151946062 0.072 1 166.959408569091
51 0.020792855929 0 1 167.958921460983
57 0.021231855928 0 1 167.959360478734
38 0.020802177365 0.072 1 168.958927302119
6 0.021059177364 -0.072 1 168.959184310338
99 0.021027865379 0 1 171.95915317851
66 0.020772931655 0.3904 1 173.958908280769
93 0.020617354057 0.16 1 181.958879395529
68 0.020844522625 0 1 186.958969658066
20 0.020975836211 0.0976 1 188.959099624797
57 0.021023256961 0 1 189.959154360855
30 0.020644317853 0.232 1 190.958923145932
38 0.020914317852 0.2576 1 190.959192821397
67 0.020892445342 0 1 191.959016272569
99 0.021046719735 0.590285 1 193.959178668614
69 0.020995573751 0.16 1 195.959119682323
64 0.020883217209 0 1 200.959007221951
29 0.020913558976 0.36 1 203.959037191673
62 0.02089733723 0.16 1 206.959025985709
32 0.021021219743 0.072 1 210.959148800578
81 0.020782181763 0 1 211.958914389807
46 0.021000181762 0 1 211.959132352305
40 0.020880772686 0.16 1 212.959008816352
12 0.020845664723 0.0976 1 213.958979590186
41 0.02086175875 0.16 1 215.958995768733
96 0.02088150007 0 1 218.959015415515
3 0.021156486779 0.27232 1 224.959283031834
73 0.020746917281 0 1 225.958875136891
74 0.020844382747 0 1 227.958970677351
15 0.021088382746 0.50848 1 227.959214655434
88 0.020759168127 0.16 1 232.958886782252
17 0.020840760071 0.729828 1 237.95896880819
27 0.020846996689 0.763382 1 239.958973375793
91 0.020756035971 0 1 240.958880804638
29 0.020848489209 0.5904 1 241.958972017581
28 0.020784625114 0.0976 1 243.958909623925
75 0.020794024407 0 1 246.958919161618
56 0.021064024406 0.16 1 246.959189123722
10 0.020992086792 0.0976 1 248.95912367675
80 0.021052336504 0.692626 1 250.959177209199
55 0.02092174892 0.288 1 256.9590466485
84 0.020878692266 0 1 258.959006664521
31 0.020801471247 0.50848 1 260.958930369181
40 0.020822124591 0.288 1 261.958957000924
32 0.02076734503 0.708365 1 265.958902562282
9 0.020806042511 -0.04 1 269.958940391318
43 0.02074951806 0 1 272.958883857958
64 0.020787172865 0.16 1 275.958916348257
79 0.021020144759 0.47232 1 278.95914897876
90 0.020768999998 0.16 1 285.958897879664
51 0.020764766153 0.288 1 287.958901179126
17 0.020855219086 0.800246 1 288.958981833328
82 0.020807150368 0 1 290.958942659214
14 0.021033689804 0.27808 1 294.959158345087
8 0.020930070174 -0.2 1 297.95905417224
19 0.021108561824 0.524864 1 299.959239331924
84 0.020965173498 0.288 1 301.959097082693
58 0.020757783125 0.288 1 302.958886921364
50 0.020898205754 0.47232 1 303.959024416844
92 0.021311205753 0.16 1 303.959437592531
83 0.020940377019 0 1 304.959072391989
32 0.020801488388 0.82709 1 305.958925529534
52 0.021084488387 0.288 1 305.959208410801
66 0.020852604349 0.3904 1 306.958986251983
90 0.020752593877 0.632228 1 307.958884738248
70 0.020926841563 0 1 309.959060298469
17 0.020823308952 0.848565 1 310.95895522899
42 0.020803332799 0 1 311.95892793608
76 0.02070165266 0 1 314.958826149447
14 0.020973843744 0.307571 1 316.959105778689
19 0.021010031208 0.685427 1 321.959143087892
81 0.020816791174 0 1 323.958941605348
10 0.021021791173 0.422464 1 323.959146677685
82 0.020825250352 0 1 326.958955654468
98 0.020957124326 0.16 1 332.959088620942
28 0.020813653657 0.27808 1 338.958948624579
74 0.020883339833 0.288 1 344.959009757491
27 0.020874356366 0.879488 1 345.959002688643
35 0.021157356365 0.524864 1 345.959285759277
6 0.02077759131 -0.04 1 353.958903791516
7 0.021034591309 0.27232 1 353.959160819478
75 0.02071146387 0.288 1 357.958841202981
98 0.020928465395 0.47232 1 361.959062040348
3 0.020982980882 0.390285 1 364.959116680451
80 0.020954010021 0.764816 1 365.959086194729
8 0.020960945321 -0.2 1 369.959093138986
94 0.020880906986 0.288 1 372.959013129185
81 0.020773426163 0.47232 1 374.958902572274
84 0.020991426162 0.288 1 374.959120579822
58 0.020802422971 0.288 1 376.958930234761
7 0.02104642297 0.390285 1 376.959174017117
21 0.020847458434 0.537971 1 377.958976583189
90 0.02072293432 0.632228 1 381.958852772351
52 0.021044934319 0.288 1 381.959174769582
36 0.020861707058 0.294464 1 384.95898811891
23 0.020756886601 0.307571 1 385.958891424376
54 0.020790399626 0.3904 1 393.958923888959
59 0.020876490982 0.16 1 395.959005276819
60 0.020942701493 0.590285 1 396.959076022492
75 0.020780998667 0.288 1 404.958909515677
22 0.021024998666 0.294464 1 404.95915347627
1 0.020958350166 0.432228 1 411.959090599867
67 0.020960656147 0 1 415.959094268187
77 0.020867075209 0.16 1 421.958996881135
3 0.021150075208 0.390285 1 421.959279633621
13 0.021002150847 0.779799 1 422.959136838662
75 0.020789097217 0.288 1 426.958919007317
32 0.020739212488 0.840197 1 429.958863821073
78 0.020983212487 0.16 1 429.959107784042
67 0.02090999198 0 1 437.959042120185
84 0.020969964721 0.537856 1 447.959097723441
34 0.020845007187 0.147571 1 452.958981385969
89 0.020827728242 0.288 1 453.958955454939
47 0.021110728241 0 1 453.959238447096
1 0.02094656712 0.432228 1 457.959075015598
97 0.021229567119 0.3904 1 457.959358027664
40 0.020843442755 0.537856 1 458.958970016376
96 0.021024526455 0.288 1 470.959148938449
17 0.020817380461 0.872158 1 472.958952945828
68 0.02104838046 0.288 1 472.959183818033
35 0.020937999998 0.619891 1 474.95906798163
14 0.020995996793 0.537971 1 479.959132322415
77 0.020844257137 0.537856 2 481.958967761083
1 0.021088257136 0.432228 2 481.959211854803
34 0.021319257135 0.454446 2 481.959442923509
51 0.020783167908 0.632228 2 482.958914119804
92 0.020916222364 0.590285 2 487.95904567556
72 0.020811858598 0 2 491.958935341018
7 0.020858672925 0.390285 2 492.958982716597
73 0.020749619809 0.16 1 503.958882991661
94 0.020924999998 0.288 1 508.959052146537
24 0.020917996384 0.166446 1 513.95904465053
46 0.020762794786 0.3904 1 524.958894985639
55 0.020861334528 0.632228 1 528.9589946785
2 0.02070114894 0.088 1 529.958833464568
86 0.020751971511 0.288 1 532.958884392649
52 0.021042141307 0.288 1 538.959177758075
97 0.021021934368 0.3904 1 540.959152669096
88 0.02080157085 0.47232 1 542.958935905309
7 0.021084570849 0.514101 1 542.959218712074
66 0.020853432117 0.47232 1 543.958986241639
11 0.020987801859 0.333156 1 547.959123209366
49 0.020783424801 0.3904 1 548.958915650283
9 0.020739700654 0.27232 1 554.958872659932
94 0.020908709219 0.692626 1 556.959036159791
67 0.021191709218 0 1 556.959319177998
90 0.020733864128 0.714101 1 558.958858849524
39 0.020738965171 0.638766 1 562.958866534094
97 0.02102196517 0.3904 1 562.959149372973
60 0.020877858358 0.665782 1 566.959010991088
21 0.020851800626 0.887257 1 582.958976601551
72 0.020857875648 0.16 1 586.958987276282
93 0.020794999998 0.16 1 591.958919005975
36 0.020868861728 0.810753 1 601.959001067014
68 0.020812545539 0.288 1 603.958943652236
5 0.020897644986 0.390285 1 605.959025714397
