6 0.0457855456 0 2 21.459393533802
5 0.046068545599 0 2 21.459676582324
38 0.045898040846 0 2 22.459506193205
46 0.045950754697 0 2 25.459558944691
57 0.045898743491 0 2 29.459506820596
85 0.04579375216 0 2 43.459401768733
15 0.046025386744 0 2 45.459636417951
61 0.046256386743 0 2 45.459867402519
63 0.045763410968 0 2 47.459371565827
45 0.046020410967 0 2 47.459628564769
95 0.045792064154 0 2 48.459403637299
25 0.045888055929 0 2 50.459496249085
39 0.04589879253 0 2 56.459506870449
62 0.046129792529 0 2 56.459737865128
71 0.045999445202 0 2 57.459611066139
49 0.045824013752 0 2 59.459432203352
69 0.045809153086 0 2 60.459420900972
8 0.045848099796 0.04 2 63.459459208111
79 0.045942852716 0 2 64.459545852495
15 0.046186550598 0.16 2 67.459789091829
60 0.045793999998 0 2 68.45940223291
26 0.046050999997 0 2 68.459659219089
95 0.045853036365 0 2 70.459455370407
65 0.045927447754 0 2 71.45953556679
53 0.045950072132 0 2 73.45955270354
24 0.045853410828 0 2 78.459461561362
29 0.045809448908 0 2 79.459419675003
49 0.04586299572 -0.04 1 81.459471167288
87 0.045772022987 0 1 85.459374723652
27 0.046016022986 0 1 85.459618708843
61 0.045996333617 0 1 88.459599063871
96 0.045961995549 0 1 89.459570009964
17 0.045769055657 0 1 90.459373176758
75 0.045801252537 0 1 91.459403919785
3 0.045911326077 0.04 1 92.459519466227
35 0.045908823944 0 1 97.459523026839
69 0.045812409078 0.51232 1 100.459420892562
70 0.045799961904 0 1 108.459410963355
4 0.045974316768 0 1 111.459580715815
0 0.04588583518 0 1 115.459495803093
80 0.04605017363 0 1 117.459661537611
16 0.045885342621 0 1 120.459500032023
79 0.046030810025 0.54432 1 122.459638748375
93 0.046174756235 0 1 123.459789507876
18 0.045764615379 0.232 1 124.459373107835
24 0.04581441052 0.232 1 125.459422560746
58 0.045910440686 0.232 1 128.459518623499
86 0.04589177773 0 1 129.459506699422
13 0.045783236188 0.4624 1 130.459386160159
50 0.045988682648 0 1 137.459596623412
97 0.046258682647 0 1 137.459866637998
80 0.046020484083 0.714101 1 139.459635664877
17 0.045798870815 0 1 140.459406912387
16 0.045897294238 0.3904 1 142.459499414057
45 0.045842566474 0.288 1 143.459450739501
54 0.045793999998 0.609856 1 146.459404405128
48 0.045862930214 0.072 1 151.459471110411
44 0.046036514846 0.04 1 153.459640942984
88 0.045873106145 0.04 1 158.459483247388
38 0.046250537816 0.072 1 164.459860633458
6 0.045822695905 0 1 166.459430687269
57 0.046222695904 0 1 166.459830784629
20 0.045786419771 0 1 167.459396742014
33 0.045817098607 0.232 1 168.459427887287
51 0.046022098606 0 1 168.459632868684
99 0.045862623477 0.072 1 171.459473708505
66 0.045895069955 0.16 1 174.459506260032
93 0.046088363366 0.609856 2 181.459696233907
38 0.045923764559 0.635456 2 186.459531640631
68 0.04584999756 0.232 2 187.459458166703
57 0.045885666522 0 2 188.459493666658
20 0.04581751016 0 2 189.459425599535
99 0.045823656253 0.2576 2 193.459431546158
67 0.04591456408 0 2 194.459522615755
30 0.046197564079 0.3904 2 194.459805590021
69 0.045771844415 0.764626 2 195.459386185838
64 0.04575132324 0.072 2 201.459360106879
29 0.045876501671 -0.072 2 203.459484689101
62 0.045984451479 0 2 205.459598081189
46 0.045958314016 0 2 208.459571926201
81 0.046003484525 0 2 209.459611658946
32 0.045859324217 0 2 210.459467790328
40 0.045733460603 0 2 211.459347154636
12 0.045811255525 0.47232 1 214.459425080251
41 0.045825154661 0 1 215.459433344611
96 0.046014999998 0 1 217.45962206744
15 0.046064613783 0.47232 1 225.459667284449
74 0.045852390665 0.0976 1 226.459459056868
73 0.045867624532 0.072 1 229.459474220424
3 0.046150624531 0.5904 1 229.459757120719
88 0.0459545366 0.072 1 232.459561293264
17 0.045773414452 0 1 237.459386190901
27 0.045962627989 0.16 1 241.459569614646
91 0.045795497779 0 1 243.459404243627
29 0.046039497778 -0.04 1 243.459648204204
28 0.045887372089 0.0976 1 244.459495538007
56 0.045834306495 0.47232 1 246.45944270825
75 0.045860741998 0 1 247.459468911303
10 0.045743831005 0.288 1 249.459347153566
80 0.046014372732 0.714101 1 250.459622545723
55 0.045797745405 0 1 256.45940592714
84 0.045820501356 0.2576 1 258.459425788707
31 0.046010632438 0.16 1 259.459618821839
40 0.045725999999 0.3904 1 262.459334156945
32 0.045846588733 0.16 1 265.45945477535
9 0.045777999999 0.088 1 269.459386176377
43 0.045922059568 0.40608 1 272.459530226542
64 0.045845999998 0.40608 1 276.459454929181
79 0.045841383178 0.56992 1 277.459454874713
90 0.045903795302 0.16 1 286.459516924175
51 0.045968013704 0.288 1 288.459576634334
17 0.045819904663 0 1 289.459433145951
82 0.045953336248 0 1 291.459561984778
14 0.045706582794 0.5904 1 295.459321154177
8 0.045897950258 0.134464 1 297.459511226817
83 0.045752144029 0.2576 1 300.459360315
84 0.045741008639 0.422464 1 301.459354782165
50 0.046180008638 0.3904 1 301.459793975492
58 0.046193615965 0.27808 1 303.459801763925
52 0.046056153043 0 1 304.459663259189
19 0.046047863505 -0.2 1 305.459656906104
66 0.046010199368 0.16 1 306.459618388588
92 0.045764202027 0.3904 1 307.459371107269
32 0.046021202026 0.590285 1 307.459628195313
90 0.04595975429 0.288 1 308.459568872443
70 0.045819999998 0.3904 1 309.459424047569
42 0.04582695764 0.16 1 310.459434042206
17 0.045738082881 0 1 311.459346878648
76 0.045980967929 0 1 314.459590159088
14 0.045698867658 0.685427 1 317.459307893555
81 0.046016473376 0 1 322.459624654086
10 0.045809719536 0.288 1 324.459422573924
82 0.046026926639 0.288 1 327.459639979804
98 0.045864412081 0.708365 1 333.459472580916
28 0.045858999998 0.294464 1 339.459469538309
27 0.045935564713 0.288 1 341.459543741768
74 0.045870130075 0.11808 1 342.459474821387
35 0.045941429789 0.590285 1 343.459549016489
6 0.045841978956 0.16 1 350.459450159728
7 0.046002114321 0 1 351.459609775108
75 0.045792150936 0.47232 1 358.459403910587
98 0.045886447265 0.737856 2 361.459498012784
3 0.045986662824 0.67232 2 367.45959471464
80 0.046243662823 0.731281 2 367.459851738765
8 0.045877831174 0.537971 2 369.459485193649
6 0.04584291309 0.288 2 372.45945016865
84 0.045778238519 0.524864 2 373.459386422279
7 0.046152238518 0.16 2 373.459760132142
81 0.04609036716 0.3904 2 375.459697525504
21 0.045792140392 0.47232 2 378.459399482391
94 0.046075140391 0.606784 2 378.459682271911
58 0.04635814039 0.422464 2 378.459965374418
90 0.045897999998 0.288 2 383.459507291093
52 0.046102999997 0 2 383.45971228881
23 0.045769038933 0.606784 2 385.459377212799
36 0.046026038932 0.3904 2 385.459634206276
54 0.045887257176 0.878852 2 394.459495428754
59 0.045805388974 0.307571 2 396.459413547189
60 0.045817336837 0.47232 2 397.459425490867
22 0.045974444492 0.3904 2 403.45958262806
75 0.045871806502 0.47232 2 404.459481928413
1 0.045948213639 0.16 2 411.459556395846
67 0.045930330681 0.288 2 415.459538514001
77 0.045784115991 0 2 421.459392302332
3 0.04604111599 0.823839 2 421.459649013163
13 0.045843940087 0.861672 2 423.459447809908
75 0.04586482234 0.47232 2 426.459468715647
78 0.045903450702 0.537971 2 429.459517649074
32 0.045807567482 0.590285 2 430.459415732848
67 0.045943212115 0.3904 2 437.459551276869
84 0.045751999999 0.537971 2 448.459360165501
47 0.045751926114 0.16 2 453.459360104489
89 0.045913215956 0.422464 2 454.459521357113
34 0.046131215955 0.307571 2 454.459739327366
97 0.045905252479 0.288 2 458.459513393141
1 0.046162252478 0.3904 2 458.459770381015
40 0.045751999999 0.3904 2 459.459360164764
68 0.045831875539 0.307571 2 468.459440038822
96 0.046088875538 0.288 2 468.459697044899
17 0.045798990593 0 2 471.459407151943
35 0.04594088036 0.714101 2 474.459549061819
14 0.045699999999 0.685427 2 479.459308187922
77 0.04576239563 0 2 481.459376127595
1 0.046019395629 0.3904 2 481.459633220817
34 0.046289395628 0.446057 2 481.459903289057
51 0.046007482766 0.590285 2 482.459615665594
92 0.045751999999 0.3904 2 488.459360160656
96 0.046023236436 0.632228 2 490.459635090924
72 0.045835184439 0.47232 2 492.459440803553
7 0.046079184438 0.16 2 492.459684817197
73 0.045942406975 0.685427 2 504.459555212003
94 0.046002031211 0.619891 2 509.459610198053
24 0.045777999999 0.326446 2 513.459386193019
46 0.046002736624 0.288 2 524.459610908545
55 0.045813777536 0.3904 2 532.459415995592
86 0.045869732624 0.288 2 533.459477860452
2 0.046113732623 0 2 533.459721728366
52 0.045990264374 0.47232 2 538.459598456951
97 0.045919353705 0.288 2 540.459529109085
88 0.045897409442 0.704302 2 541.459505594325
7 0.046089409441 0.16 2 541.459697371861
66 0.045861966087 0.16 2 543.459467311106
46 0.045979660908 0.537856 2 546.459584944979
11 0.045922519996 0.16 2 547.459530702339
49 0.045875071721 0.432228 2 548.45948417578
9 0.04575799492 0.088 1 554.459367339144
67 0.045862475746 0.3904 1 557.45947045304
94 0.046132475745 0.850683 1 557.4597404367
90 0.045889720391 0.47232 1 558.459503984293
97 0.045881729836 0.3904 1 562.459489724051
39 0.045913566953 0.088 1 563.45952172149
60 0.045791366406 0.714101 1 566.459399550005
21 0.045814733683 0.47232 1 583.459422895099
72 0.045804460665 0.537856 1 586.459412645104
93 0.046088662498 0.75673 1 592.459696832171
36 0.045964058002 0.665782 1 601.459572244415
68 0.045888994713 0.563556 1 604.459497161009
5 0.045949999998 0 1 605.459562861347
