62 450 53.65823665664
63 450 53.65823665664
71 470 57.656778692835
71 490 57.658171692835
79 480 76.65814910546
65 480 76.65814910546
65 440 76.65954210546
52 400 92.159573975557
24 400 92.159573975557
52 430 92.160953975557
24 430 92.160953975557
3 401 101.271853977118
15 491 103.687548728544
75 491 103.687548728544
12 420 105.059602829175
69 420 105.059602829175
12 421 105.060969829175
69 421 105.060969829175
16 431 125.177947211016
4 431 125.177947211016
80 410 130.65862038057
17 441 158.999766609701
44 411 159.055414183855
17 411 159.055414183855
17 482 159.067847183855
83 461 168.684913246335
33 461 168.684913246335
6 461 168.684913246335
38 432 180.177087939584
69 442 209.864871770463
60 412 218.183145281463
40 412 218.183145281463
10 472 218.184486281463
60 472 218.184486281463
40 472 218.184486281463
10 462 218.185905281463
60 462 218.185905281463
40 462 218.185905281463
81 413 226.190261817939
42 492 229.268581582075
15 492 229.268581582075
88 483 229.293057582075
15 483 229.293057582075
3 422 234.699190631292
17 423 249.173011086827
9 453 284.79956319404
32 453 284.79956319404
43 443 285.665315682877
90 493 296.662867092813
78 424 300.67760622603
82 424 300.67760622603
42 454 300.68312622603
82 454 300.68312622603
96 473 309.787426966058
83 473 309.787426966058
98 474 309.790147966058
96 474 309.790147966058
83 474 309.790147966058
86 494 310.292481261686
19 494 310.292481261686
23 464 331.796368956294
53 464 331.796368956294
10 464 331.796368956294
4 484 331.797787956294
95 484 331.797787956294
10 484 331.797787956294
98 465 333.194199085209
27 444 336.168251286442
81 444 336.168251286442
81 425 336.183392286442
65 445 376.297563098442
42 445 376.297563098442
81 445 376.297563098442
42 455 376.298904098442
81 455 376.298904098442
36 495 397.769979371904
49 475 397.774106371904
36 475 397.774106371904
59 435 397.779587371904
49 435 397.779587371904
36 435 397.779587371904
33 414 398.273452442963
94 414 398.273452442963
69 405 423.160792288814
1 405 423.160792288814
69 485 423.163487288814
1 485 423.163487288814
32 466 439.180052349428
48 446 439.184140349428
32 446 439.184140349428
99 426 439.185520349428
32 426 439.185520349428
32 496 439.189634349428
49 486 439.191001349428
32 486 439.191001349428
45 476 439.193761349428
32 476 439.193761349428
89 407 454.180032058884
97 406 462.160370857515
27 416 467.165919963214
84 416 467.165919963214
1 416 467.165919963214
93 437 479.174003099719
17 437 479.174003099719
22 456 479.176750099719
3 456 479.176750099719
17 456 479.176750099719
87 415 492.255519352761
7 415 492.255519352761
92 427 509.197932717398
92 447 509.199299717398
31 457 509.258182721383
19 457 509.258182721383
92 457 509.258182721383
19 497 509.259510721383
92 497 509.259510721383
36 467 536.270582335309
90 467 536.270582335309
7 467 536.270582335309
99 488 536.283067335309
7 488 536.283067335309
21 438 536.284447335309
7 438 536.284447335309
99 487 552.264663632908
11 487 552.264663632908
86 408 552.673452488997
49 408 552.673452488997
90 417 552.674806488997
86 417 552.674806488997
49 417 552.674806488997
94 428 553.772043678939
21 478 560.68469299435
90 478 560.68469299435
44 498 574.666001948351
63 498 574.666001948351
39 498 574.666001948351
89 448 596.378584990866
31 448 596.378584990866
21 448 596.378584990866
21 449 596.386799990866
65 489 596.396459990866
35 489 596.396459990866
21 489 596.396459990866
65 469 596.397839990866
35 469 596.397839990866
21 469 596.397839990866
93 458 605.259437134372
