6 60 25.155410346328
38 380 41.155498179597
15 150 51.655585432143
8 80 51.656978432143
20 200 51.658397432143
25 250 56.655636373446
32 320 56.656977373446
39 390 63.655436433961
7 70 63.656816433961
0 0 63.658183433961
16 160 63.659602433961
23 230 63.661008433961
31 310 63.662375433961
10 100 63.665161433961
12 120 72.160171428837
2 20 72.161577428837
11 110 75.663611220818
26 260 75.664939220818
3 30 75.680067220818
9 90 75.686967220818
14 140 78.156782003286
8 81 79.185237004639
26 261 79.19195507005
29 290 80.656041808061
17 170 80.657382808061
21 210 80.658710808061
5 50 80.660051808061
0 1 80.665441808061
29 291 80.668227808061
7 71 80.671065808061
16 161 80.672471808061
19 190 80.673838808061
17 171 80.678017808061
38 381 98.693439362049
1 10 98.694832362049
27 270 101.65599815273
30 300 101.66136215273
24 240 101.66413515273
27 271 101.66546315273
12 121 101.66683015273
30 301 101.66821015273
35 350 101.66962915273
35 351 101.67099615273
34 340 101.67236315273
1 11 101.67376915273
4 41 101.67513615273
9 91 101.67652915273
14 141 101.67785715273
4 40 101.67921115273
13 130 101.68063015273
22 220 105.662225375768
37 370 105.669164375768
3 31 105.687143375768
11 111 123.191890238573
18 181 123.261121234963
18 180 123.273333234963
28 280 124.159195402034
28 281 124.162516023478
31 311 124.196925023478
19 191 124.199724023478
13 131 124.255451399302
10 101 124.256831399302
20 201 124.262299399302
36 360 139.188309365972
36 361 139.189676365972
33 331 139.193803365972
5 51 139.196498365972
33 330 139.677579952877
24 241 140.770377881054
2 21 149.696820362987
33 332 170.670532659144
6 61 170.671925659144
22 221 170.673318659144
6 62 170.680270659144
22 222 170.681624659144
34 341 170.683017659144
20 202 170.687118659144
37 371 172.657689055813
5 52 172.763730981763
31 312 172.769082586767
37 372 172.773119118649
38 382 173.172005921225
2 22 173.181548921225
27 272 173.182954921225
7 72 173.184295921225
12 122 173.185714921225
23 231 173.662624967113
14 142 184.765029227205
39 391 184.767776227205
11 112 184.769117227205
36 362 184.770471227205
10 102 184.774546227205
26 262 184.775887227205
30 302 193.16428979252
29 292 193.16704979252
23 232 204.66303238382
3 32 204.66572738382
34 342 204.66850038382
8 82 204.66982838382
9 92 209.262350181341
12 123 209.265175181341
32 322 214.155534835061
39 392 214.158281835061
15 151 214.184358835061
15 152 214.185686835061
32 323 214.187027835061
25 251 217.161637925091
25 252 217.163056925091
32 321 217.164449925091
19 192 220.65828183857
1 12 225.668241824231
1 13 225.672407824231
30 303 225.676664824231
21 211 230.665943362208
21 212 230.667336362208
27 273 242.183351523474
5 53 242.184731523474
25 253 242.186098523474
28 282 242.198505523474
28 283 242.25548651904
19 193 242.25682751904
36 363 242.26230851904
35 352 242.673523115908
35 353 242.680358115908
2 23 242.681777115908
11 113 242.684524115908
10 103 250.786203016292
0 2 250.788989016292
0 3 250.790369016292
26 263 250.859517011891
10 104 250.864972011891
23 233 256.186643501591
37 373 256.189377882465
13 132 256.200081025087
7 73 271.676278686589
32 324 275.180806827313
38 383 275.190323827313
1 14 275.194398827313
31 313 277.670678712432
31 314 277.672045712432
11 114 279.691341200926
34 344 292.670011247371
23 234 295.18632883323
25 254 295.255683480971
34 343 305.159390699062
39 393 305.164858699062
19 194 305.166186699062
14 144 309.163296358122
26 264 309.164663358122
5 54 309.166030358122
33 334 309.167410358122
14 143 309.182422126116
7 74 311.670903720062
21 214 311.672309720062
36 364 311.681917720062
37 374 311.683245720062
30 304 311.697084720062
39 394 312.690591115515
21 213 324.173788582153
38 384 324.188579254761
33 333 324.258304006961
23 235 332.181691760295
11 115 332.183110760295
25 255 340.15695836007
7 75 356.664937282273
30 305 356.675912282273
35 354 357.166669765104
35 355 357.173569765104
1 15 357.176290765104
21 215 357.184518765104
33 335 374.175680256614
9 94 374.177099256614
36 365 374.182684256614
37 375 374.185392256614
39 395 374.68415699343
22 225 374.68829699343
34 345 381.17159840422
31 315 381.17980040422
5 55 381.18254740422
32 325 382.76702385834
38 385 382.76840385834
22 224 383.158999192996
26 265 383.164454192996
22 226 385.677641564623
36 366 392.163608783208
2 26 401.67704142703
1 16 401.67838242703
2 24 413.164786741577
2 25 413.166127741577
39 396 413.174420741577
30 306 430.171032247514
25 256 430.176565247514
37 376 433.166488064625
11 116 441.170581887208
32 326 448.155573861951
34 346 457.156095648807
38 386 457.157423648807
31 316 459.670164350976
35 357 459.674187350976
11 117 463.194969856785
5 57 470.188069129585
35 356 485.19067266446
26 267 487.660923377634
31 317 488.685097565604
5 56 488.690526565604
30 307 488.691867565604
2 27 488.693221565604
26 266 488.694614565604
36 367 514.160931732637
33 336 514.163626732637
2 28 529.164965306085
30 308 529.173051960237
26 268 529.174457960237
38 388 534.667252626146
38 387 534.668671626146
33 337 534.670012626146
37 377 547.666725770868
35 358 547.669381770868
37 378 547.672063770868
5 58 547.673482770868
34 348 547.674901770868
11 118 558.178398400464
31 318 558.185272918672
39 397 578.667476889379
39 398 578.675704889379
31 319 578.681107889379
39 399 578.682461889379
36 368 596.164141884492
36 369 596.165560884492
