69 620 78.756762340571
73 660 85.673132670479
29 660 85.673132670479
4 680 124.161109904622
80 681 125.177955716037
0 681 125.177955716037
93 661 134.662941481582
93 651 134.669893481582
97 640 136.656926165738
89 670 136.662355165738
97 670 136.662355165738
77 631 136.693861165738
36 631 136.693861165738
97 631 136.693861165738
57 621 166.763560845959
20 641 168.695544526864
6 641 168.695544526864
55 671 168.696885526864
20 671 168.696885526864
6 671 168.696885526864
41 601 209.282228301102
32 601 209.282228301102
46 601 209.282228301102
72 612 211.287977621756
22 612 211.287977621756
69 612 211.287977621756
11 602 217.756904343094
67 602 217.756904343094
29 602 217.756904343094
41 682 223.185643096293
41 603 223.188377096293
29 622 223.191150096293
41 622 223.191150096293
46 692 231.277964797993
39 632 234.76220201021
76 632 234.76220201021
3 632 234.76220201021
29 623 239.696084492755
28 652 242.756822562783
27 652 242.756822562783
56 673 256.666657806551
78 683 256.673609806551
56 683 256.673609806551
97 693 268.67696382986
55 693 268.67696382986
98 643 269.17177866257
32 643 269.17177866257
84 613 269.17310666257
98 613 269.17310666257
32 613 269.17310666257
76 633 269.18948466257
32 633 269.18948466257
51 674 300.198378796112
19 653 309.166394038136
58 664 318.173469236885
78 634 331.664719683178
10 634 331.664719683178
82 663 346.992175641147
8 663 346.992175641147
27 663 346.992175641147
4 624 347.058124437997
27 624 347.058124437997
4 654 347.059478437997
27 654 347.059478437997
46 684 347.062225437997
23 684 347.062225437997
27 684 347.062225437997
34 655 347.063592437997
6 655 347.063592437997
27 655 347.063592437997
31 625 382.160824301209
21 625 382.160824301209
29 615 382.162152301209
21 615 382.162152301209
4 614 382.163480301209
42 614 382.163480301209
21 614 382.163480301209
45 605 382.165624742071
42 605 382.165624742071
21 605 382.165624742071
46 685 393.666276640457
36 685 393.666276640457
15 695 393.669010640457
36 695 393.669010640457
59 675 407.761432274558
22 604 407.768176403531
1 694 415.163045862054
1 676 415.172692862054
40 645 462.758682615406
64 635 462.760088615406
40 635 462.760088615406
64 665 474.173963331445
40 665 474.173963331445
34 665 474.173963331445
40 646 474.175317331445
34 646 474.175317331445
63 644 476.695265388016
17 644 476.695265388016
33 696 476.755475483614
17 696 476.755475483614
26 626 476.756829483614
22 626 476.756829483614
17 626 476.756829483614
42 656 476.758157483614
22 656 476.758157483614
17 656 476.758157483614
22 636 476.760839483614
17 636 476.760839483614
7 607 542.673505843634
55 607 542.673505843634
88 677 550.156906337669
88 678 550.161046337669
60 667 563.278891206605
39 667 563.278891206605
60 668 563.282914951557
39 668 563.282914951557
28 688 563.289686441461
39 688 563.289686441461
8 628 563.356899236264
60 628 563.356899236264
39 628 563.356899236264
8 658 563.35960799143
60 658 563.35960799143
39 658 563.35960799143
53 657 563.763901506004
60 657 563.763901506004
67 657 563.763901506004
49 617 576.756963759821
60 617 576.756963759821
5 638 576.758356759821
60 638 576.758356759821
8 627 576.759775759821
60 627 576.759775759821
