61 940 97.668330415835
12 780 121.862423243129
70 780 121.862423243129
79 780 121.862423243129
18 840 121.863777243129
70 840 121.863777243129
79 840 121.863777243129
11 880 121.866524243129
70 880 121.866524243129
79 880 121.866524243129
13 980 124.199270856564
14 980 124.199270856564
80 980 124.199270856564
13 890 124.257083853832
58 890 124.257083853832
80 890 124.257083853832
21 830 134.658343187943
93 830 134.658343187943
45 990 134.669409187943
93 990 134.669409187943
93 991 134.674929187943
36 831 138.696396125664
13 831 138.696396125664
93 881 166.791074001094
6 941 173.788716481488
43 981 181.678559963555
27 981 181.678559963555
99 981 181.678559963555
30 891 200.161207077461
98 841 224.677737448718
90 841 224.677737448718
46 841 224.677737448718
90 842 224.687138400714
46 842 224.687138400714
90 982 224.695224035378
46 982 224.695224035378
41 942 234.775961851685
32 942 234.775961851685
96 942 234.775961851685
42 792 236.672319297343
15 792 236.672319297343
15 882 236.675014297343
14 832 236.690298297343
81 832 236.690298297343
15 832 236.690298297343
14 892 242.179586679132
81 892 242.179586679132
88 892 242.179586679132
62 893 247.687906500164
75 893 247.687906500164
32 983 278.183882852587
80 983 278.183882852587
98 843 278.185236852587
32 843 278.185236852587
80 843 278.185236852587
67 782 293.672715005521
51 782 293.672715005521
52 993 293.676829005521
50 993 293.676829005521
51 993 293.676829005521
27 894 328.165291250216
92 894 328.165291250216
66 833 328.177750250216
92 833 328.177750250216
82 783 334.666595276066
82 784 334.668014276066
23 884 334.683259276066
82 884 334.683259276066
21 944 335.164068200995
98 944 335.164068200995
53 933 339.18999279115
98 933 339.18999279115
76 933 339.18999279115
52 785 390.677731695154
52 845 390.679124695154
36 795 393.673330497352
25 895 435.16666499707
87 895 435.16666499707
78 895 435.16666499707
80 935 435.16941199707
87 935 435.16941199707
78 935 435.16941199707
78 936 435.17489299707
32 995 442.159293044759
84 836 459.675442092632
1 836 459.675442092632
84 835 460.167098141386
40 934 460.176836141386
77 934 460.176836141386
84 934 460.176836141386
93 786 462.659654391199
89 786 462.659654391199
15 986 462.662401391199
89 986 462.662401391199
47 946 464.16083761052
47 885 464.16224361052
47 886 464.16500361052
31 797 511.175326486594
72 797 511.175326486594
92 797 511.175326486594
94 796 517.158373485299
72 994 517.170624485299
79 994 517.170624485299
94 994 517.170624485299
67 887 537.168176251022
0 887 537.168176251022
2 887 537.168176251022
2 888 537.169504251022
7 998 537.170832251022
2 998 537.170832251022
11 837 547.669174286072
97 837 547.669174286072
21 987 547.678795286072
97 987 547.678795286072
60 847 552.175219567009
66 847 552.175219567009
62 937 552.176573567009
60 937 552.176573567009
66 937 552.176573567009
65 897 552.180609567009
66 897 552.180609567009
1 787 552.182015567009
66 787 552.182015567009
1 788 552.185248242331
66 788 552.185248242331
11 997 552.266585998663
50 838 596.162922921929
72 838 596.162922921929
98 848 596.172440482047
93 848 596.172440482047
93 988 596.173833482047
21 898 599.189119453707
99 798 599.191814453707
21 798 599.191814453707
21 799 599.193155453707
