62 570 53.659772906036
63 570 53.659772906036
65 790 76.65696561651
69 620 78.759496340571
79 530 83.859521175867
53 780 83.864937175867
79 780 83.864937175867
56 730 86.176133161048
27 730 86.176133161048
24 520 92.156888600304
24 550 92.161041600304
70 500 92.165155600304
24 500 92.165155600304
70 590 92.166522600304
24 590 92.166522600304
24 770 92.167889600304
24 560 92.169269600304
56 660 92.170675600304
24 660 92.170675600304
3 700 101.258077472658
70 580 101.262243472658
3 580 101.262243472658
30 670 101.267711472658
3 670 101.267711472658
54 680 101.273166472658
3 680 101.273166472658
75 510 103.656891645855
75 760 103.672032645855
72 740 109.675953225557
54 740 109.675953225557
35 740 109.675953225557
74 720 109.677372225557
54 720 109.677372225557
35 720 109.677372225557
35 541 109.680158225557
69 540 115.160634193802
4 531 125.181354934272
45 731 125.182682934272
4 731 125.182682934272
4 701 125.193631934272
79 601 127.867736180675
80 561 130.677739122838
80 681 130.681736122838
13 581 130.692802122838
80 581 130.692802122838
13 551 132.278366212098
16 551 132.278366212098
58 640 139.16115416308
13 641 139.18868916308
58 641 139.18868916308
58 761 139.19685216308
17 711 145.68062145775
93 661 145.770538456859
17 661 145.770538456859
93 651 159.17761483237
54 651 159.17761483237
6 521 159.19417483237
45 521 159.19417483237
54 521 159.19417483237
33 771 168.696610900228
6 771 168.696610900228
85 721 168.699357900228
33 721 168.699357900228
6 721 168.699357900228
55 591 168.755411523141
20 591 168.755411523141
6 591 168.755411523141
55 671 168.756830523141
20 671 168.756830523141
6 671 168.756830523141
12 781 176.786464398531
27 781 176.786464398531
99 781 176.786464398531
99 562 176.790617398531
99 672 176.791984398531
57 621 182.657067621267
57 511 182.760403704036
66 512 187.38523983773
64 652 208.158398905891
64 552 208.159765905891
55 772 208.166574905891
64 772 208.166574905891
55 782 208.169321905891
64 782 208.169321905891
95 592 208.170701905891
34 592 208.170701905891
64 592 208.170701905891
34 532 208.172094905891
64 532 208.172094905891
64 722 208.176208905891
72 612 208.177588905891
64 612 208.177588905891
8 522 208.178994905891
40 522 208.178994905891
64 522 208.178994905891
29 712 211.272901711796
12 741 211.277028711796
29 741 211.277028711796
12 742 211.282587711796
29 742 211.282587711796
97 502 211.283980711796
12 502 211.283980711796
29 502 211.283980711796
61 702 212.756827326814
69 702 212.756827326814
32 692 219.69677349754
69 582 219.69811449754
32 582 219.69811449754
58 732 219.756900497074
69 732 219.756900497074
32 732 219.756900497074
22 631 219.758254497074
69 631 219.758254497074
32 631 219.758254497074
76 632 231.288649998276
3 632 231.288649998276
73 583 234.665096425264
42 792 234.675942908128
73 792 234.675942908128
74 503 235.174490980335
11 682 244.379669283791
29 682 244.379669283791
29 602 244.389394283791
29 623 244.392076283791
29 773 244.397531283791
56 673 248.169292040943
56 783 248.172091040943
78 683 248.174851040943
56 683 248.174851040943
80 763 254.858464223884
80 553 254.859818223884
55 523 254.865351223884
80 523 254.865351223884
55 593 254.866692223884
80 593 254.866692223884
8 613 268.967622864362
84 613 268.967622864362
98 643 269.677771831115
32 643 269.677771831115
55 643 269.677771831115
76 633 269.680570831115
32 633 269.680570831115
55 633 269.680570831115
75 513 269.681937831115
32 513 269.681937831115
55 513 269.681937831115
32 753 269.683304831115
55 753 269.683304831115
43 713 290.994623145975
79 713 290.994623145975
50 762 299.158233219233
67 514 299.199672219233
50 514 299.199672219233
51 653 300.194990796112
65 723 300.196331796112
51 723 300.196331796112
11 603 300.270498623947
67 603 300.270498623947
51 603 300.270498623947
51 674 300.271904623947
82 663 300.660792253853
78 752 300.674436253853
82 752 300.674436253853
82 784 300.690827253853
82 644 300.759719255446
92 714 302.982897372187
14 714 302.982897372187
58 664 303.166544460741
58 754 303.176087460741
8 584 308.285245820229
19 693 309.766882862343
17 774 309.785787207675
73 684 309.796697512699
25 684 309.796697512699
19 684 309.796697512699
25 734 309.798038512699
19 734 309.798038512699
1 764 309.799366512699
25 764 309.799366512699
19 764 309.799366512699
52 504 312.177289332862
30 703 312.986022474853
92 703 312.986022474853
70 544 321.260104895987
39 533 321.268293895987
70 533 321.268293895987
39 594 321.269634895987
70 594 321.269634895987
25 564 324.177489857906
76 564 324.177489857906
98 534 333.186700449441
88 574 333.193509449441
53 574 333.193509449441
98 574 333.193509449441
53 654 333.194850449441
98 654 333.194850449441
4 624 333.196204449441
53 624 333.196204449441
98 624 333.196204449441
81 543 337.159433968369
28 744 346.967697546238
74 604 346.969077546238
28 604 346.969077546238
28 614 346.971824546238
98 745 355.267942250803
35 694 357.179985023528
72 573 357.185557023528
35 573 357.185557023528
35 724 357.186976023528
35 595 357.265337236206
72 735 374.776641686286
75 735 374.776641686286
81 615 378.190935075803
8 555 385.267305106591
8 585 385.270026617139
3 634 385.274114681397
85 575 385.283632702493
75 575 385.283632702493
3 575 385.283632702493
75 535 385.285038702493
3 535 385.285038702493
3 755 385.286405702493
75 725 385.289074702493
3 725 385.289074702493
75 675 385.297367702493
3 675 385.297367702493
84 505 385.773397928969
84 525 385.774738928969
8 655 391.159839396203
58 655 391.159839396203
58 625 391.163979396203
36 545 397.760743647378
36 685 397.762110647378
24 565 397.764818647378
36 565 397.764818647378
88 695 397.766198647378
36 695 397.766198647378
36 795 398.393210173067
94 795 398.393210173067
33 775 399.768006899263
54 775 399.768006899263
47 705 399.777601899263
69 705 399.777601899263
54 705 399.777601899263
75 715 409.6659446344
1 676 423.18198000373
77 646 434.987407936708
77 785 434.988826936708
77 786 434.990245936708
57 506 435.162335451021
78 506 435.162335451021
78 576 435.163663451021
8 566 435.184220451021
78 566 435.184220451021
78 776 435.191146451021
64 665 435.192539451021
77 665 435.192539451021
78 665 435.192539451021
32 706 444.180233547961
47 765 444.185870547961
22 765 444.185870547961
32 765 444.185870547961
89 516 465.684245759116
97 516 465.684245759116
86 515 473.284757705583
58 515 473.284757705583
1 515 473.284757705583
1 587 473.287517705583
84 626 474.172475869582
34 626 474.172475869582
17 766 476.193063835383
89 766 476.193063835383
76 726 476.194430835383
17 726 476.194430835383
89 726 476.194430835383
33 696 476.195810835383
17 696 476.195810835383
89 696 476.195810835383
70 557 476.197164835383
17 557 476.197164835383
89 557 476.197164835383
17 707 476.198505835383
89 707 476.198505835383
35 666 476.679259443303
35 736 476.691705443303
64 635 491.671866345226
89 635 491.671866345226
14 635 491.671866345226
31 536 491.677308345226
92 536 491.677308345226
14 536 491.677308345226
92 657 491.678701345226
14 657 491.678701345226
92 537 491.680107345226
14 537 491.680107345226
72 677 498.162470137049
72 556 498.163850137049
55 797 498.170750137049
72 797 498.170750137049
82 616 498.176218137049
95 616 498.176218137049
72 616 498.176218137049
82 617 498.177624137049
95 617 498.177624137049
72 617 498.177624137049
92 777 509.180611554973
88 796 519.164619895593
73 796 519.164619895593
66 527 519.174084895593
94 527 519.174084895593
73 527 519.174084895593
94 667 519.175412895593
73 667 519.175412895593
87 636 526.172199580514
89 636 526.172199580514
24 636 526.172199580514
87 637 526.173566580514
89 637 526.173566580514
24 637 526.173566580514
87 627 526.174946580514
89 627 526.174946580514
24 627 526.174946580514
67 717 541.183696812077
55 717 541.183696812077
23 577 541.185063812077
55 577 541.185063812077
16 547 541.186430812077
23 547 541.186430812077
55 547 541.186430812077
51 716 541.187784812077
97 716 541.187784812077
55 716 541.187784812077
66 757 543.256814680126
27 746 543.258155680126
66 746 543.258155680126
27 747 543.259522680126
66 747 543.259522680126
66 697 543.267815680126
66 698 543.273218680126
66 658 543.276043680126
60 538 543.277462680126
87 538 543.277462680126
66 538 543.277462680126
91 767 543.278816680126
66 767 543.278816680126
99 528 545.184706843496
97 528 545.184706843496
99 688 545.186047843496
97 688 545.186047843496
39 518 570.666721666393
39 748 570.668088666393
5 638 570.672189666393
39 638 570.672189666393
39 708 570.673582666393
8 567 570.677657666393
63 567 570.677657666393
39 567 570.677657666393
16 588 570.680404666393
39 588 570.680404666393
58 798 570.681784666393
16 798 570.681784666393
39 798 570.681784666393
39 607 570.683112666393
39 608 570.684505666393
54 678 570.687213666393
39 678 570.687213666393
69 656 575.684548752924
60 656 575.684548752924
78 597 575.692711752924
39 597 575.692711752924
60 597 575.692711752924
85 787 575.694130752924
39 787 575.694130752924
60 787 575.694130752924
93 628 605.261572357332
36 768 605.264358357332
93 768 605.264358357332
83 508 605.265738357332
93 508 605.265738357332
53 568 605.267105357332
83 568 605.267105357332
93 568 605.267105357332
3 778 605.269800357332
24 778 605.269800357332
93 778 605.269800357332
24 779 605.273862357332
93 779 605.273862357332
21 639 605.282103357332
93 639 605.282103357332
21 589 605.283457357332
93 589 605.283457357332
