38 380 41.155535929681
8 80 48.157510571187
63 630 53.655461068769
39 390 63.655631561879
49 490 63.657011561879
3 30 68.659733340942
8 81 70.159595967434
69 690 78.755392705934
53 530 78.763685705934
18 180 78.765078705934
24 240 78.766458705934
9 90 78.767799705934
29 290 80.655414724178
48 480 80.663489092336
79 790 83.855551834552
19 190 97.665122001392
44 440 97.670603001392
94 940 97.671957001392
73 730 102.659644532419
58 580 111.656911777427
4 41 112.156890441902
4 40 112.173443661995
33 330 112.174771661995
78 780 112.186363040063
28 280 112.19327339126
28 281 112.195955648848
68 680 112.198650906436
34 340 112.199978906436
74 740 112.258204533434
14 140 112.259597533434
9 91 112.260990533434
54 541 112.262409533434
69 691 112.263763533434
3 31 112.265104533434
59 590 114.97262529306
84 840 124.167062664376
18 181 124.168455664376
68 681 124.172569664376
14 141 124.178102664376
43 431 124.180927664376
63 631 124.186421664376
33 331 124.189246664376
43 430 124.191915664376
13 130 124.193334664376
13 131 124.194740664376
89 890 124.196120664376
54 540 124.197474664376
98 980 124.198802664376
64 640 124.255426661644
64 641 124.256780661644
93 930 134.655431852144
83 830 134.658191852144
34 341 134.663737852144
93 931 134.665117852144
99 990 134.673203625844
19 191 134.681329173244
53 531 134.684011946944
99 991 134.688074720644
13 132 138.69146536811
59 591 138.69561836811
74 741 138.69701136811
38 381 138.69833936811
58 581 139.164340245584
73 731 144.194341854632
29 291 154.170390932125
44 441 156.76113523216
44 442 156.76247623216
48 481 156.76795723216
49 491 156.76931123216
88 880 156.77071723216
48 482 156.77212323216
54 542 159.174740233007
84 841 166.792443808227
78 781 166.799239808227
98 981 166.855484100152
89 891 166.856864100152
14 142 166.858231100152
23 231 166.865053100152
18 182 166.867839100152
93 932 166.882941100152
94 941 170.693715261846
53 532 176.696746335518
38 382 178.675447679329
24 241 178.682256679329
24 242 178.683649679329
39 391 178.686435679329
43 432 178.696095679329
39 392 178.697475679329
4 42 178.756798679333
33 332 178.771991679333
3 32 178.773384679333
99 992 181.69241427686
9 92 200.163806247242
74 742 200.165160247242
83 831 202.680256442087
23 232 208.162409475552
64 642 208.163737475552
8 82 208.173319475552
84 842 221.686705079454
98 982 221.692134079454
59 592 221.758392338579
68 682 221.774978338579
19 192 222.173790294839
28 282 222.176576294839
63 632 222.179336294839
38 383 222.266453571156
29 292 224.965937203131
78 782 231.661207757235
3 33 231.662561757235
94 942 231.665295757235
89 892 231.670815757235
83 832 231.676309757235
73 732 234.655432838013
34 342 234.658153838013
88 881 234.670427220869
73 733 234.671768220869
74 743 235.179957291842
49 492 236.666206103011
88 882 236.673872761081
69 692 236.683441761081
48 483 236.688909761081
8 83 236.755430549179
58 582 236.763606549179
58 583 236.766353549179
88 883 242.180833063632
28 283 256.156769722555
63 633 256.171600109667
19 193 256.183709633163
59 593 256.187785014037
39 393 256.190467394911
28 284 256.197276531295
4 43 258.667048025225
34 343 258.672581025225
89 893 258.690352025225
49 493 268.696218589139
23 233 268.783819048782
4 44 268.785212048782
9 93 268.789352048782
64 643 278.155535721504
43 433 278.178788691171
13 133 278.264976416192
24 243 278.28274826576
18 184 278.29092426576
24 244 278.29225226576
64 644 278.29367126576
3 34 285.667805650822
43 434 285.669211650822
19 194 300.182360065293
18 183 300.25957190797
84 843 300.26639390797
23 234 303.270235151513
14 143 303.289334151513
33 333 303.290727151513
14 144 303.292068151513
83 833 303.293461151513
13 134 303.294854151513
58 584 303.297653151513
83 834 303.298981151513
8 84 303.355517242212
78 783 303.356858242212
78 784 303.358225242212
84 844 304.156057997229
68 683 306.165739708936
63 634 306.270656704513
8 85 312.197103120366
44 443 315.260932531239
44 444 315.262338531239
14 145 315.263757531239
89 894 328.171038509659
9 94 334.668789762421
54 543 334.685245762421
39 394 334.690817762421
59 594 334.692145762421
53 533 334.698954762421
34 344 334.755660759746
73 734 334.757014759746
93 933 334.758407759746
53 534 334.759826759746
4 45 334.761180759746
38 384 334.762547759746
23 235 334.763888759746
98 983 335.15544443152
98 984 335.15823043152
94 944 335.16100343152
49 494 335.170647871046
48 484 335.172001871046
69 694 335.173355871046
24 245 335.255457427071
93 934 339.26100041131
59 595 339.26377341131
68 684 343.676129488792
43 435 343.76396448432
88 884 343.76531848432
79 793 343.76667248432
79 794 343.76800048432
38 385 353.755617649722
74 745 356.189512137951
74 744 356.255350861877
28 285 356.258046349705
98 985 357.255444218584
63 635 368.690088896674
3 35 371.65842163006
89 895 371.76122463006
3 36 371.76263063006
64 645 371.76533863006
34 345 371.76943963006
58 585 376.692051062522
83 835 376.693392062522
33 334 377.166452262769
33 335 377.171129851157
13 135 377.172496851157
73 735 377.187689851157
69 693 377.191816851157
39 395 377.264942258533
8 86 378.194751557421
23 236 385.6845906321
44 445 385.6887436321
18 185 385.6900976321
54 544 393.663507528894
54 545 393.664835528894
68 685 393.670329528894
88 885 393.671683528894
49 495 393.675745528894
28 286 393.685522528894
39 396 397.693149387989
84 845 397.773768229624
94 945 422.671751119751
4 46 424.69186706703
53 535 430.176790569267
93 935 430.178183569267
58 586 430.183690569267
64 646 430.256939573381
78 785 430.258345573381
13 136 432.665543382464
13 137 432.672378382464
78 786 435.158094552578
89 896 435.279761037242
93 936 435.285333037242
69 695 444.165448232352
49 496 444.170981232352
44 446 444.173793232352
73 736 457.186452634927
84 846 460.176705865731
34 346 460.180768250863
68 686 474.157392107134
69 696 474.173822107134
98 986 474.175150107134
43 437 474.176491107134
68 687 474.177884107134
14 146 481.660247724352
3 37 481.665650804674
14 147 481.669686884996
18 186 481.677927941828
83 836 481.679255941828
74 746 481.695750941828
28 287 489.17149853297
24 246 489.17703153297
24 247 489.17843753297
53 537 489.18380153297
38 386 491.665542969869
14 148 491.666909969869
63 636 494.175435605524
33 336 494.178117605524
53 536 511.162732746037
44 447 511.164086746037
94 946 517.155360121117
94 947 517.160880121117
74 747 517.162260121117
3 38 518.16114238418
24 248 518.16250938418
48 485 537.164089562041
48 486 537.165443562041
49 497 537.168203562041
28 288 537.170937562041
18 188 537.172317562041
13 138 537.173697562041
4 47 537.175064562041
73 737 537.177785562041
58 587 537.179178562041
48 487 537.180571562041
38 387 537.181938562041
38 388 537.183357562041
23 237 538.187805827485
23 238 538.189133827485
88 886 538.193299827485
88 887 544.7555207309
88 888 544.769102252214
68 688 544.771772092652
34 348 547.778855778587
64 648 547.781641778587
78 787 547.783034778587
49 498 550.777028171432
84 847 550.779684907468
44 448 550.781012907468
39 398 563.656985856163
69 697 568.667987655401
64 647 568.669341655401
54 547 568.691304655401
54 548 568.692723655401
49 499 568.694064655401
39 397 570.180125787024
33 337 570.189681787024
33 338 570.191048787024
8 88 576.159241780987
63 637 576.172950780987
63 638 576.175749780987
94 948 576.194926780987
53 538 576.196293780987
43 438 576.197634780987
83 837 596.161118426663
83 838 596.162485426663
58 588 596.169307426663
14 149 599.769294562701
43 439 599.770700562701
84 848 599.772041562701
98 988 599.773395562701
34 349 599.774736562701
74 748 599.776142562701
24 249 599.777470562701
33 339 599.778811562701
3 39 599.780139562701
93 939 599.781480562701
