25 620 56.663622022715
39 710 63.663687953153
60 310 74.157018101985
24 700 78.773380563146
69 700 78.773380563146
26 650 79.157003850608
26 790 79.158422850608
53 780 83.158448398602
53 370 83.162562398602
37 320 83.166715398602
53 320 83.166715398602
70 300 101.660206470096
27 300 101.660206470096
70 330 101.663730756251
27 330 101.663730756251
30 670 101.666386839472
3 670 101.666386839472
70 350 101.667727940225
27 350 101.667727940225
3 301 101.679927391394
3 351 101.681307391394
73 660 102.662125290065
96 660 102.662125290065
17 730 102.664833300014
96 381 102.670249458561
61 751 105.891934019234
68 340 116.760960451171
12 340 116.760960451171
69 340 116.760960451171
68 720 116.762288451171
12 720 116.762288451171
69 720 116.762288451171
68 770 116.763655451171
12 770 116.763655451171
69 770 116.763655451171
12 681 116.765061451171
69 681 116.765061451171
11 601 121.856845188159
79 601 121.856845188159
70 760 121.869291188159
79 760 121.869291188159
79 701 121.870671188159
0 740 124.174469544386
68 740 124.174469544386
80 740 124.174469544386
16 311 124.197682544386
42 311 124.197682544386
80 311 124.197682544386
0 680 124.199049544386
42 680 124.199049544386
80 680 124.199049544386
43 631 125.759419913953
16 631 125.759419913953
0 631 125.759419913953
97 641 142.164892179001
13 640 142.167561230608
50 771 142.194446969993
14 771 142.194446969993
97 771 142.194446969993
13 360 142.270427074182
13 361 142.281194365638
36 721 142.292078754246
13 721 142.292078754246
86 731 142.667279066357
50 331 149.667883671807
45 331 149.667883671807
57 371 164.657002743658
48 371 164.657002743658
85 661 173.18112825732
38 661 173.18112825732
39 761 173.260807061706
56 761 173.260807061706
38 761 173.260807061706
57 621 185.259896361899
99 671 186.682560391256
43 672 186.693561391256
99 672 186.693561391256
11 362 186.694902391256
43 362 186.694902391256
99 362 186.694902391256
41 352 186.755499391691
99 352 186.755499391691
29 712 207.265300567489
62 712 207.265300567489
22 722 207.284154608656
69 722 207.284154608656
12 742 207.297826137979
62 742 207.297826137979
12 372 207.355653563039
62 372 207.355653563039
95 781 208.16378396788
64 781 208.16378396788
72 341 208.17621696788
64 341 208.17621696788
3 782 216.691732282583
41 782 216.691732282583
78 651 216.693125282583
3 651 216.693125282583
41 651 216.693125282583
78 652 216.694466282583
3 652 216.694466282583
41 652 216.694466282583
41 682 216.756719278063
68 302 216.759466278063
41 302 216.759466278063
29 622 216.760885278063
30 622 216.760885278063
41 622 216.760885278063
41 303 216.765012278063
46 321 228.170146377972
46 322 228.171526377972
32 632 228.172945377972
46 632 228.172945377972
32 392 228.174273377972
46 392 228.174273377972
96 732 230.673836250187
91 702 230.676583250187
96 702 230.676583250187
42 792 232.165717506109
15 792 232.165717506109
52 602 232.171211506109
68 602 232.171211506109
15 602 232.171211506109
11 772 232.179374506109
15 772 232.179374506109
3 733 236.993596017499
87 762 238.688101055649
92 762 238.688101055649
88 762 238.688101055649
92 393 238.693660055649
88 393 238.693660055649
92 383 238.695027055649
88 383 238.695027055649
92 623 238.696368055649
88 623 238.696368055649
80 363 256.181465196182
61 342 256.277017125748
17 342 256.277017125748
80 342 256.277017125748
17 612 256.279751570138
80 612 256.279751570138
10 343 256.290597603129
75 343 256.290597603129
75 773 256.296078603129
56 313 256.67092445612
56 673 256.680311992744
67 312 256.684348261056
56 312 256.684348261056
11 603 256.687030529368
78 603 256.687030529368
56 603 256.687030529368
49 752 258.658820945201
10 752 258.658820945201
55 353 276.163072184408
9 613 276.191818184408
55 613 276.191818184408
9 763 276.195906184408
55 763 276.195906184408
36 633 280.186483428333
76 633 280.186483428333
40 633 280.186483428333
63 643 280.190481283575
76 643 280.190481283575
40 643 280.190481283575
45 333 280.260932995265
9 333 280.260932995265
32 333 280.260932995265
64 653 296.183114293465
64 654 296.185822293465
65 723 296.188582293465
19 723 296.188582293465
64 723 296.188582293465
65 344 296.676983204911
90 344 296.676983204911
90 774 296.687945204911
6 663 300.180444099531
64 663 300.180444099531
17 663 300.180444099531
67 783 300.269110099967
51 783 300.269110099967
17 783 300.269110099967
51 674 300.270516099967
17 674 300.270516099967
63 373 305.67738191464
82 373 305.67738191464
82 634 305.68559691464
82 754 305.755354919023
78 683 305.760861919023
82 683 305.760861919023
78 713 305.767709919023
82 713 305.767709919023
82 784 305.770430919023
95 684 305.798082919023
50 684 305.798082919023
82 684 305.798082919023
50 734 305.799436919023
82 734 305.799436919023
70 304 321.259968718191
92 714 321.284878440223
27 314 321.290242552347
92 314 321.290242552347
57 384 327.762268026884
93 384 327.762268026884
82 384 327.762268026884
4 624 327.763635026884
93 624 327.763635026884
82 624 327.763635026884
58 664 327.767775026884
82 664 327.767775026884
98 354 340.195066502657
35 693 347.656919405929
35 694 347.658247405929
48 724 347.660929405929
35 724 347.660929405929
48 374 347.663651076979
35 374 347.663651076979
14 795 347.7730373716
35 795 347.7730373716
35 705 347.781097687836
74 604 348.67148867504
16 394 366.269291784554
34 394 366.269291784554
80 394 366.269291784554
97 364 366.274837784554
38 364 366.274837784554
80 364 366.274837784554
94 675 383.271113893346
67 755 383.272532893346
94 755 383.272532893346
94 334 383.273860893346
33 614 383.275214893346
94 614 383.275214893346
94 335 383.276594893346
94 775 383.277974893346
94 365 383.279393893346
14 765 383.282114893346
36 765 383.282114893346
94 765 383.282114893346
74 375 383.293050893346
94 375 383.293050893346
76 735 383.359594894088
82 735 383.359594894088
94 735 383.359594894088
90 625 385.290249885339
8 315 385.294415885339
58 315 385.294415885339
90 315 385.294415885339
7 305 387.696168880481
6 305 387.696168880481
3 305 387.696168880481
52 785 391.767212299985
63 665 391.796127299985
3 665 391.796127299985
52 665 391.796127299985
6 345 391.797507299985
3 345 391.797507299985
52 345 391.797507299985
90 615 391.85968730243
58 615 391.85968730243
52 615 391.85968730243
36 685 392.159664393851
56 725 392.180993203277
79 725 392.180993203277
36 725 392.180993203277
4 385 404.165207612977
60 385 404.165207612977
60 715 404.174634688065
2 395 404.270236364486
73 395 404.270236364486
60 395 404.270236364486
59 306 407.783986500997
54 695 408.158909468011
54 396 408.169220801393
98 655 408.193865801393
54 655 408.193865801393
1 676 415.185407065887
36 756 428.686079187488
13 756 428.686079187488
64 635 434.962393630589
77 635 434.962393630589
8 646 435.167234079414
78 646 435.167234079414
40 645 435.179550079414
78 645 435.179550079414
84 327 453.291794624218
34 386 459.181254144708
1 386 459.181254144708
19 346 459.662776534244
47 346 459.662776534244
88 766 459.672488534244
47 766 459.672488534244
68 376 474.158972903869
68 636 474.163637603619
2 336 474.181629603619
15 336 474.181629603619
68 336 474.181629603619
30 706 474.185691603619
15 706 474.185691603619
68 706 474.185691603619
55 317 477.191298178383
14 317 477.191298178383
89 317 477.191298178383
35 736 479.662452382725
92 746 497.266064209251
92 307 497.268720209251
51 716 497.276805652401
92 707 497.279513729555
19 747 497.294331283715
92 747 497.294331283715
82 617 497.298355057729
19 617 497.298355057729
92 617 497.298355057729
46 367 497.372937047673
51 367 497.372937047673
72 737 498.173229936213
74 796 498.177382936213
55 796 498.177382936213
72 796 498.177382936213
79 316 498.185636936213
55 316 498.185636936213
72 316 498.185636936213
55 797 498.186977936213
72 797 498.186977936213
24 347 518.171972062564
24 348 518.182921062564
24 357 518.185616062564
24 358 518.188363062564
94 666 519.685512905913
94 667 519.686840905913
79 696 519.688168905913
94 696 519.688168905913
12 377 540.772531450441
46 377 540.772531450441
12 328 540.775239450441
46 328 540.775239450441
19 728 540.777986450441
46 728 540.777986450441
26 757 541.670650854064
2 757 541.670650854064
2 308 541.673449854064
88 677 541.683083854064
0 677 541.683083854064
2 677 541.683083854064
88 387 541.684476854064
0 387 541.684476854064
2 387 541.684476854064
0 388 541.685869854064
2 388 541.685869854064
79 318 541.687275854064
88 318 541.687275854064
2 318 541.687275854064
65 698 543.284385165727
66 698 543.284385165727
1 788 543.287158165727
65 788 543.287158165727
66 788 543.287158165727
57 767 543.292600165727
66 767 543.292600165727
65 378 543.297990165727
57 378 543.297990165727
66 378 543.297990165727
57 658 543.299409165727
66 658 543.299409165727
24 627 543.355431161222
66 627 543.355431161222
65 697 560.671674376657
49 697 560.671674376657
59 638 560.681295649845
65 638 560.681295649845
49 638 560.681295649845
3 618 560.685331923033
65 618 560.685331923033
49 618 560.685331923033
69 607 560.686672923033
65 607 560.686672923033
49 607 560.686672923033
67 688 560.769170332913
9 337 561.161512741201
9 338 561.162905741201
99 678 561.164849305721
9 678 561.164849305721
16 717 561.178020607131
99 717 561.178020607131
9 717 561.178020607131
16 718 561.179413607131
99 718 561.179413607131
9 718 561.179413607131
13 626 561.198344546611
49 626 561.198344546611
9 626 561.198344546611
49 668 561.255424767191
9 668 561.255424767191
1 748 561.293027989658
49 748 561.293027989658
9 748 561.293027989658
5 397 580.159583088899
60 397 580.159583088899
5 398 580.162330088899
60 398 580.162330088899
60 708 580.165077088899
48 758 580.174711088899
60 758 580.174711088899
93 778 605.260444796382
93 628 605.261837796382
93 349 605.267318796382
