15 80 48.157510571187
62 30 68.659733340942
49 30 68.659733340942
69 530 78.763685705934
53 180 78.765078705934
69 180 78.765078705934
69 240 78.766458705934
19 480 80.663489092336
29 480 80.663489092336
87 440 97.670603001392
61 440 97.670603001392
87 940 97.671957001392
61 940 97.671957001392
96 730 102.659644532419
3 580 111.656911777427
30 40 112.173443661995
69 40 112.173443661995
30 330 112.174771661995
69 330 112.174771661995
12 780 112.186363040063
30 780 112.186363040063
69 780 112.186363040063
78 280 112.19327339126
12 280 112.19327339126
69 280 112.19327339126
78 281 112.195955648848
12 281 112.195955648848
69 281 112.195955648848
54 680 112.198650906436
69 680 112.198650906436
68 340 112.199978906436
54 340 112.199978906436
69 340 112.199978906436
72 740 112.258204533434
54 740 112.258204533434
69 740 112.258204533434
9 140 112.259597533434
54 140 112.259597533434
69 140 112.259597533434
69 541 112.262409533434
69 31 112.265104533434
80 840 124.167062664376
84 181 124.168455664376
80 181 124.168455664376
80 681 124.172569664376
43 141 124.178102664376
31 141 124.178102664376
80 141 124.178102664376
80 431 124.180927664376
43 631 124.186421664376
80 631 124.186421664376
50 331 124.189246664376
43 331 124.189246664376
80 331 124.189246664376
0 430 124.191915664376
80 430 124.191915664376
80 130 124.193334664376
58 131 124.194740664376
80 131 124.194740664376
68 540 124.197474664376
14 540 124.197474664376
80 540 124.197474664376
20 980 124.198802664376
58 980 124.198802664376
80 980 124.198802664376
13 640 124.255426661644
58 640 124.255426661644
80 640 124.255426661644
13 641 124.256780661644
58 641 124.256780661644
80 641 124.256780661644
21 830 134.658191852144
93 830 134.658191852144
93 341 134.663737852144
73 531 134.684011946944
99 531 134.684011946944
93 531 134.684011946944
22 741 138.69701136811
83 741 138.69701136811
13 741 138.69701136811
36 381 138.69833936811
13 381 138.69833936811
99 731 144.194341854632
93 731 144.194341854632
24 731 144.194341854632
17 441 156.76113523216
17 442 156.76247623216
17 481 156.76795723216
57 880 156.77071723216
48 880 156.77071723216
17 880 156.77071723216
17 482 156.77212323216
91 841 166.792443808227
93 841 166.792443808227
98 781 166.799239808227
31 781 166.799239808227
93 781 166.799239808227
31 981 166.855484100152
93 981 166.855484100152
31 142 166.858231100152
93 142 166.858231100152
53 231 166.865053100152
45 231 166.865053100152
93 231 166.865053100152
45 182 166.867839100152
93 182 166.867839100152
33 941 170.693715261846
22 532 176.696746335518
20 532 176.696746335518
80 241 178.682256679329
38 241 178.682256679329
80 242 178.683649679329
38 242 178.683649679329
38 432 178.696095679329
38 42 178.756798679333
6 332 178.771991679333
38 332 178.771991679333
33 32 178.773384679333
6 32 178.773384679333
38 32 178.773384679333
12 742 200.165160247242
30 742 200.165160247242
9 831 202.680256442087
11 831 202.680256442087
67 831 202.680256442087
64 232 208.162409475552
86 82 208.173319475552
64 82 208.173319475552
62 842 221.686705079454
84 982 221.692134079454
62 982 221.692134079454
41 682 221.774978338579
62 682 221.774978338579
46 282 222.176576294839
32 632 222.179336294839
46 632 222.179336294839
46 383 222.266453571156
3 782 231.661207757235
77 942 231.665295757235
3 942 231.665295757235
5 832 231.676309757235
89 832 231.676309757235
3 832 231.676309757235
61 342 234.658153838013
73 342 234.658153838013
70 881 234.670427220869
42 881 234.670427220869
73 881 234.670427220869
15 882 236.673872761081
60 483 236.688909761081
15 483 236.688909761081
96 83 236.755430549179
81 83 236.755430549179
15 83 236.755430549179
73 582 236.763606549179
15 582 236.763606549179
73 583 236.766353549179
15 583 236.766353549179
80 633 256.171600109667
10 43 258.667048025225
10 343 258.672581025225
97 233 268.783819048782
55 233 268.783819048782
97 44 268.785212048782
55 44 268.785212048782
84 433 278.178788691171
80 433 278.178788691171
96 133 278.264976416192
64 133 278.264976416192
87 243 278.28274826576
65 243 278.28274826576
64 243 278.28274826576
65 184 278.29092426576
64 184 278.29092426576
51 244 278.29225226576
65 244 278.29225226576
64 244 278.29225226576
43 34 285.667805650822
51 183 300.25957190797
24 183 300.25957190797
17 183 300.25957190797
40 843 300.26639390797
17 843 300.26639390797
50 234 303.270235151513
67 234 303.270235151513
51 234 303.270235151513
58 143 303.289334151513
51 143 303.289334151513
14 333 303.290727151513
58 333 303.290727151513
51 333 303.290727151513
58 144 303.292068151513
51 144 303.292068151513
13 833 303.293461151513
58 833 303.293461151513
51 833 303.293461151513
58 134 303.294854151513
51 134 303.294854151513
51 584 303.297653151513
58 834 303.298981151513
51 834 303.298981151513
58 84 303.355517242212
51 84 303.355517242212
8 783 303.356858242212
58 783 303.356858242212
51 783 303.356858242212
8 784 303.358225242212
58 784 303.358225242212
51 784 303.358225242212
92 683 306.165739708936
75 634 306.270656704513
66 634 306.270656704513
92 634 306.270656704513
92 443 315.260932531239
14 443 315.260932531239
92 444 315.262338531239
14 444 315.262338531239
70 543 334.685245762421
82 543 334.685245762421
93 533 334.698954762421
81 533 334.698954762421
82 533 334.698954762421
73 344 334.755660759746
23 344 334.755660759746
82 344 334.755660759746
23 734 334.757014759746
82 734 334.757014759746
53 933 334.758407759746
23 933 334.758407759746
82 933 334.758407759746
23 534 334.759826759746
82 534 334.759826759746
23 45 334.761180759746
82 45 334.761180759746
23 384 334.762547759746
82 384 334.762547759746
82 235 334.763888759746
21 944 335.16100343152
98 944 335.16100343152
49 484 335.172001871046
86 484 335.172001871046
98 484 335.172001871046
46 245 335.255457427071
11 245 335.255457427071
98 245 335.255457427071
6 934 339.26100041131
59 934 339.26100041131
76 934 339.26100041131
73 684 343.676129488792
97 684 343.676129488792
35 684 343.676129488792
35 435 343.76396448432
43 884 343.76531848432
35 884 343.76531848432
27 385 353.755617649722
28 744 356.255350861877
3 635 368.690088896674
7 35 371.65842163006
7 36 371.76263063006
63 645 371.76533863006
3 645 371.76533863006
7 645 371.76533863006
6 345 371.76943963006
7 345 371.76943963006
81 585 376.692051062522
58 835 376.693392062522
81 835 376.693392062522
94 334 377.166452262769
94 335 377.171129851157
33 135 377.172496851157
94 135 377.172496851157
70 735 377.187689851157
82 735 377.187689851157
94 735 377.187689851157
65 445 385.6887436321
23 445 385.6887436321
44 185 385.6900976321
65 185 385.6900976321
23 185 385.6900976321
36 544 393.663507528894
36 545 393.664835528894
46 685 393.670329528894
36 685 393.670329528894
91 885 393.671683528894
36 885 393.671683528894
36 286 393.685522528894
52 845 397.773768229624
98 845 397.773768229624
47 945 422.671751119751
1 945 422.671751119751
22 46 424.69186706703
56 535 430.176790569267
77 535 430.176790569267
56 935 430.178183569267
77 935 430.178183569267
81 586 430.183690569267
56 586 430.183690569267
77 586 430.183690569267
77 646 430.256939573381
77 785 430.258345573381
78 936 435.285333037242
48 446 444.173793232352
32 446 444.173793232352
84 736 457.186452634927
34 736 457.186452634927
84 346 460.180768250863
85 986 474.175150107134
43 986 474.175150107134
68 986 474.175150107134
68 437 474.176491107134
76 146 481.660247724352
17 146 481.660247724352
76 37 481.665650804674
17 37 481.665650804674
17 147 481.669686884996
83 186 481.677927941828
96 186 481.677927941828
96 836 481.679255941828
88 746 481.695750941828
35 746 481.695750941828
96 746 481.695750941828
30 287 489.17149853297
92 287 489.17149853297
42 246 489.17703153297
92 246 489.17703153297
42 247 489.17843753297
92 247 489.17843753297
65 537 489.18380153297
92 537 489.18380153297
34 386 491.665542969869
14 386 491.665542969869
68 636 494.175435605524
11 636 494.175435605524
7 636 494.175435605524
7 336 494.178117605524
92 536 511.162732746037
92 447 511.164086746037
27 747 517.162260121117
94 747 517.162260121117
24 38 518.16114238418
49 485 537.164089562041
2 485 537.164089562041
49 486 537.165443562041
2 486 537.165443562041
2 288 537.170937562041
49 188 537.172317562041
28 188 537.172317562041
2 188 537.172317562041
49 138 537.173697562041
28 138 537.173697562041
2 138 537.173697562041
0 47 537.175064562041
2 47 537.175064562041
0 737 537.177785562041
2 737 537.177785562041
36 587 537.179178562041
0 587 537.179178562041
2 587 537.179178562041
55 487 537.180571562041
0 487 537.180571562041
2 487 537.180571562041
52 387 537.181938562041
0 387 537.181938562041
2 387 537.181938562041
0 388 537.183357562041
2 388 537.183357562041
7 237 538.187805827485
7 238 538.189133827485
0 886 538.193299827485
86 886 538.193299827485
7 886 538.193299827485
88 688 544.771772092652
65 348 547.778855778587
66 348 547.778855778587
1 648 547.781641778587
66 648 547.781641778587
1 787 547.783034778587
66 787 547.783034778587
8 847 550.779684907468
66 847 550.779684907468
86 847 550.779684907468
8 448 550.781012907468
66 448 550.781012907468
86 448 550.781012907468
65 647 568.669341655401
49 647 568.669341655401
67 547 568.691304655401
49 547 568.691304655401
67 548 568.692723655401
49 548 568.692723655401
43 337 570.189681787024
94 337 570.189681787024
43 338 570.191048787024
94 338 570.191048787024
60 88 576.159241780987
60 637 576.172950780987
60 638 576.175749780987
60 948 576.194926780987
94 538 576.196293780987
60 538 576.196293780987
94 438 576.197634780987
60 438 576.197634780987
50 837 596.161118426663
72 837 596.161118426663
50 838 596.162485426663
72 838 596.162485426663
40 588 596.169307426663
72 588 596.169307426663
43 149 599.769294562701
93 149 599.769294562701
21 149 599.769294562701
93 439 599.770700562701
21 439 599.770700562701
98 848 599.772041562701
93 848 599.772041562701
21 848 599.772041562701
93 988 599.773395562701
21 988 599.773395562701
93 349 599.774736562701
21 349 599.774736562701
24 748 599.776142562701
93 748 599.776142562701
21 748 599.776142562701
93 249 599.777470562701
21 249 599.777470562701
84 339 599.778811562701
93 339 599.778811562701
21 339 599.778811562701
24 39 599.780139562701
93 39 599.780139562701
21 39 599.780139562701
21 939 599.781480562701
