38 380 41.155454189904
61 610 52.755379983276
21 210 52.756759983276
63 630 53.655473150533
25 250 53.661071150533
20 200 54.158869537465
62 620 56.663622022715
39 390 63.655407953153
71 710 63.663687953153
60 600 74.155638101985
31 310 74.157018101985
26 260 76.657039482455
69 690 78.755518563146
24 240 78.771857563146
77 770 78.773263563146
24 241 78.774682563146
65 650 79.156964850608
79 790 79.158331850608
26 261 79.159724850608
29 290 80.655456755308
78 780 83.158448398602
37 370 83.162536398602
22 220 83.163864398602
32 320 83.166611398602
27 270 101.655949470096
70 700 101.658683470096
30 300 101.660076470096
33 330 101.66225967303
35 350 101.664967857004
67 670 101.668991040978
27 271 101.671699224952
35 351 101.678547492147
38 381 102.67418146851
66 660 102.676850552758
61 611 105.867133019234
75 750 105.884761019234
69 691 116.755531451171
34 340 116.759580451171
68 681 116.760934451171
25 251 123.270625754266
76 760 123.273307754266
70 701 123.274648754266
60 601 123.285545754266
29 291 123.288227754266
28 280 124.157987544386
72 720 124.162166553096
68 680 124.163494553096
31 311 124.17286871986
74 740 124.180966877914
30 301 124.259527608536
33 331 125.695503716062
64 640 142.164906450589
20 201 142.167575549463
64 641 142.170309648337
22 221 142.178433893352
63 631 142.187951189974
76 761 142.255597731331
36 360 142.263748022787
36 361 142.270427217091
73 730 142.277158411395
77 771 142.281285508547
37 371 164.657002743658
71 711 167.172680991285
79 791 167.179580991285
78 781 167.185074991285
33 332 170.662389977184
74 741 170.670682977184
23 230 170.673390977184
23 231 170.674783977184
22 222 170.676137977184
20 202 170.680199977184
72 721 173.168929148724
34 341 173.185203420214
66 661 173.187885474512
27 272 173.256797005112
62 621 185.259896361899
65 651 186.660558391256
38 382 186.674358391256
67 671 186.675725391256
26 262 186.677066391256
67 672 186.678459391256
36 362 186.679865391256
35 352 186.686830391256
60 602 186.688236391256
73 731 187.25816483548
23 232 187.283738760268
66 662 187.285079760268
69 692 198.755583567256
62 622 207.259858567489
29 292 207.263959567489
74 742 207.291442567489
37 372 207.292835567489
64 642 208.16237796788
79 792 208.17061896788
72 722 208.17195996788
25 252 212.661054486285
29 293 212.696752486285
28 282 214.189705105231
32 323 214.191124105231
77 772 216.683153282583
78 782 216.687319282583
65 652 216.688673282583
76 762 216.690014282583
21 211 216.692774282583
30 302 216.696875282583
68 682 216.699571132947
32 321 228.167386377972
32 322 228.170094377972
63 632 228.171448377972
39 391 228.172815377972
39 392 228.174234377972
21 212 230.672560250187
73 732 230.673979250187
30 303 232.172682506109
73 733 234.671388172342
27 273 252.168140658658
25 253 252.170926658658
28 283 252.177722658658
39 393 252.179115658658
36 363 252.181836658658
38 383 252.183242658658
61 612 253.268359422884
70 702 253.269778422884
62 623 255.261940618312
24 243 255.276223281088
75 752 255.284517421798
34 343 255.285923421798
75 753 255.287264421798
29 294 255.355469485185
26 263 256.259438579999
77 773 256.363578555435
20 203 256.66169508743
31 312 256.663904284136
31 313 256.666638284136
67 673 256.673499284136
64 643 275.188785780764
35 353 276.161701045869
23 233 276.165199242663
33 333 276.191393242663
22 223 276.192760242663
76 763 276.195494242663
32 324 276.196835242663
79 793 278.258303541256
72 723 296.195446162171
34 342 296.660473661906
25 254 296.666032661906
65 653 296.667425661906
21 213 296.681043661906
66 663 296.683764661906
64 644 296.685157661906
34 344 296.686498661906
65 654 296.687878661906
24 244 296.698840661906
77 774 296.757004662576
79 794 300.265139099967
78 783 300.267938099967
67 674 300.269292099967
21 214 305.67459591464
63 633 305.67868391464
37 373 305.68006391464
63 634 305.68697691464
75 754 305.760874919023
60 603 305.767839919023
71 712 305.769232919023
71 713 305.770586919023
78 784 305.771940919023
66 664 305.774609919023
26 264 316.165657715618
23 234 319.255438879746
32 325 319.385045691843
31 314 319.393143759019
70 703 321.256017227799
30 304 321.258673227799
70 704 321.262546384175
68 684 321.455534266614
68 683 322.766550920112
71 714 322.767878920112
36 364 324.159448286383
37 374 324.160789286383
76 764 324.162130286383
38 384 327.755381026884
73 734 327.759495026884
20 204 327.760914026884
62 624 327.762294026884
27 274 327.765067026884
35 354 327.766447026884
27 275 327.770574026884
21 215 340.184143502657
69 694 340.199349502657
24 245 340.255392499572
28 285 341.281264181851
74 744 341.282618181851
60 604 341.285340032017
61 614 341.287996882183
69 693 347.657036405929
72 724 347.661254405929
35 355 347.662647405929
74 745 360.256748205821
70 705 360.266395205821
66 665 365.676511782768
75 755 366.164705248421
20 205 366.183986248421
79 795 366.255389246863
73 735 366.263656246863
61 613 366.270569246863
33 334 367.193763744122
62 625 367.267872739661
37 375 367.269252739661
26 265 383.264161893346
33 335 383.268327893346
67 675 383.269733893346
77 775 383.271126893346
76 765 383.282140893346
36 365 383.293115893346
68 685 383.294443893346
25 255 387.260573227658
78 785 387.261901227658
63 635 387.668253880481
34 345 387.673656880481
23 235 387.676403880481
38 385 387.677757880481
61 615 388.26959269916
29 295 388.27502169916
60 605 388.28606169916
22 225 388.28740269916
71 715 388.28880869916
65 655 388.29018869916
23 236 388.29160769916
36 366 392.255537390805
22 224 404.156992075433
22 226 404.170714075433
69 695 404.181689075433
60 606 404.188537075433
29 296 404.198132075433
39 395 408.169975468011
39 396 408.179583468011
26 266 415.177036065887
28 286 415.178364065887
37 376 415.179718065887
67 676 415.181059065887
74 746 415.182387065887
70 706 431.361011126353
30 305 431.362352126353
35 356 433.780469596952
27 276 433.783294596952
77 776 434.958461630589
64 645 434.959828630589
64 646 434.970855630589
30 306 434.988600630589
25 256 434.991334630589
75 756 435.267803853484
32 326 457.188853190314
32 327 457.195766190314
72 725 459.671095534244
72 726 459.672501534244
78 786 472.176893039226
77 777 472.185147039226
34 346 472.187933039226
20 206 472.189339039226
73 736 473.676466919674
35 357 473.763678337223
68 686 474.161771903869
63 636 474.169141603619
25 257 474.182980603619
68 687 474.189763603619
69 696 476.194361881517
79 796 476.198514881517
29 297 476.259645191223
70 707 476.260999191223
26 267 476.263811191223
31 315 478.185698547373
65 656 479.679220382725
34 347 481.256968113565
76 766 495.777277743184
28 287 495.782823743184
30 307 497.270230209251
72 727 498.163582936213
36 367 498.164923936213
31 316 498.170391936213
61 617 498.188214936213
35 358 516.694931896251
62 626 516.763757122817
66 667 519.671173905913
66 666 519.672579905913
31 317 519.683515905913
73 737 519.694529905913
73 738 520.67349336023
67 677 540.164500825082
38 386 540.165828825082
38 387 540.167208825082
38 388 540.168549825082
60 607 543.358243161222
69 698 543.359571161222
33 336 543.360990161222
33 337 543.362409161222
76 767 543.365156161222
32 328 543.367877161222
22 227 543.369296161222
64 647 543.370637161222
65 657 543.372004161222
62 627 543.373358161222
61 618 543.376105161222
34 348 543.377472161222
78 788 543.378852161222
65 658 543.380232161222
37 377 544.967303634299
26 268 545.772602054003
78 787 560.662144376657
28 288 560.663511376657
30 308 560.666258376657
27 278 560.673054376657
69 697 560.690825376657
33 338 561.162866741201
67 678 561.16764736601
68 688 561.17315436601
27 277 561.17456036601
29 298 561.19122436601
66 668 561.19807236601
79 797 561.683927531004
71 718 561.690840531004
31 318 561.693613531004
74 748 561.759626531078
60 608 580.155573088899
39 397 580.165090088899
63 638 580.170558088899
39 398 580.171912088899
70 708 580.174646088899
75 758 580.184163088899
39 399 580.185543088899
75 757 580.188264088899
77 778 605.257632796382
62 628 605.259012796382
25 258 605.263269796382
25 259 605.264623796382
76 768 605.266042796382
33 339 605.274322796382
74 749 605.278553796382
