38 380 41.155535929681
8 80 48.157510571187
63 630 53.655461068769
39 390 63.655631561879
49 490 63.657011561879
8 81 70.159517967434
69 690 78.755457705934
3 30 78.756863705934
53 530 78.763854705934
18 180 78.765260705934
24 240 78.766679705934
9 90 78.768098705934
58 580 78.769491705934
29 290 80.656761464986
48 480 80.664413972406
79 790 83.855499834552
4 40 89.666456444597
19 190 97.665057001392
44 440 97.671840001392
94 940 97.673233001392
73 730 102.658292532419
59 590 111.667900571263
78 780 111.670634835875
28 281 111.673304100487
74 740 111.676012365099
48 481 111.67734049162
9 91 111.678694629711
54 541 111.681363894323
14 140 111.682692020844
53 531 111.689410550068
4 41 112.157007441902
33 330 112.174860632624
3 31 112.178949771823
28 280 112.194003060778
54 540 112.198117318366
68 680 112.199484318366
34 340 112.255379533434
69 691 112.263568533434
79 791 121.855538898675
29 291 121.858324898675
84 840 124.166971664376
18 181 124.168390664376
68 681 124.175199664376
43 430 124.179339664376
14 141 124.180706664376
43 431 124.182047664376
63 631 124.189012664376
19 191 124.191746664376
38 381 124.193126664376
33 331 124.194480664376
13 131 124.198607664376
98 980 124.200026664376
58 581 124.255439661644
13 130 124.256832661644
64 640 124.258212661644
64 641 124.259592661644
93 930 134.655470852144
83 830 134.658217852144
34 341 134.663815852144
93 931 134.665221852144
99 990 134.666562852144
73 731 134.672004852144
99 991 134.673423852144
89 890 138.66109236811
13 132 138.68960436811
59 591 138.69512436811
74 741 138.69650436811
88 880 159.163596233007
54 542 159.173217233007
83 831 159.185611233007
48 482 159.256683231457
84 841 166.788233808227
89 891 166.790941808227
23 231 166.795159808227
18 182 166.796539808227
93 932 166.862332100152
94 941 170.687101261846
38 382 178.676554679329
24 241 178.683311679329
39 391 178.684730679329
98 981 178.688896679329
24 242 178.691617679329
43 432 178.693023679329
4 42 178.698621679329
99 992 181.755440277192
44 441 200.273224017774
3 32 200.285306886424
14 142 202.671833442087
39 392 202.674619442087
9 92 202.675947442087
23 232 208.163815475552
64 642 208.166588475552
59 592 208.180271475552
88 882 208.181690475552
34 342 208.184346475552
8 82 208.185713475552
29 292 212.655375455155
78 781 212.663772455155
89 892 212.671974455155
84 842 212.673315455155
68 682 212.682897455155
33 332 212.688339455155
29 293 212.759463455992
74 742 221.688754512332
98 982 221.698427512332
19 192 222.167051245402
63 632 224.989462203131
3 33 224.990881203131
73 732 230.273998497409
58 582 230.275417497409
69 692 230.278203497409
44 442 230.279583497409
8 83 230.283697497409
94 942 231.672221757235
53 532 231.674929757235
88 881 231.685865757235
49 491 234.666785967395
58 583 234.672280062539
73 733 234.675066062539
74 743 235.178850291842
49 492 236.672123773327
79 792 236.683085773327
88 883 242.17487954453
48 483 242.17903254453
78 782 247.672169001211
18 183 247.678978001211
4 43 247.688456001211
34 343 247.689875001211
19 193 247.691203001211
59 593 247.692544001211
39 393 247.695317001211
28 283 256.156743722555
38 383 256.163436103429
23 233 256.171548109667
28 284 256.199944769547
63 633 261.67309214231
28 282 268.685450886511
4 44 268.763860666269
43 433 268.768052666269
9 93 268.769432666269
98 983 276.184204071277
64 643 276.185584071277
84 843 276.188305071277
33 333 278.260844032176
14 143 278.26489381079
64 644 278.274399368018
3 34 285.666516650822
43 434 285.667883650822
78 783 285.670604650822
44 444 285.671997650822
79 793 290.96238980466
79 794 290.98698280466
63 634 290.99524980466
8 84 290.99661680466
78 784 290.99794480466
24 243 300.175718400893
89 893 302.672940103807
18 184 302.674307103807
24 244 302.675726103807
23 234 302.677106103807
13 133 303.358290242212
83 832 303.361024242212
14 144 303.362378242212
83 833 303.363719242212
13 134 303.365073242212
58 584 303.366414242212
83 834 303.367768242212
84 844 304.156646997229
68 683 306.164294708936
44 443 306.165687708936
68 684 308.760774344776
8 85 310.38980004342
14 145 315.269238531239
69 693 317.656743850724
19 194 317.658123850724
19 195 317.699393850724
9 94 334.661580038456
94 944 334.680459890344
34 344 334.68721750764
48 484 334.68854550764
53 533 334.755455039152
54 543 334.762212484767
54 544 334.764933784167
89 894 334.775805682367
53 534 334.781247981767
93 933 334.782601981767
93 934 334.783981981767
38 384 334.785335981767
4 45 334.786741981767
23 235 334.788147981767
98 984 339.26646445401
59 594 339.27464045401
39 394 339.27600745401
88 884 339.282422308418
59 595 339.283802308418
49 494 339.285130308418
74 744 350.164373285807
28 285 350.172536472464
33 334 350.188720414739
38 385 353.755578649722
43 435 354.277806708796
98 985 357.189463219597
34 345 361.671790934241
83 835 369.366535254247
49 493 369.380244254247
58 585 375.187009746622
99 994 375.188428746622
99 995 375.189847746622
8 86 375.192542746622
13 135 377.164994262769
94 945 377.167754262769
33 335 377.169108262769
24 245 377.170475262769
79 795 377.171881262769
93 935 381.187853884296
29 295 388.689650310583
73 734 388.695157310583
44 445 391.377919505088
4 46 391.379338505088
48 485 398.16254753744
54 545 398.16391453744
28 286 398.191545652279
3 35 399.194987831697
3 36 399.196380831697
74 745 399.269186148464
88 885 401.15811524883
68 685 401.16219024883
54 546 401.172449618806
78 785 403.667774786558
53 535 403.669102786558
59 596 403.670495786558
29 294 403.682850786558
84 845 405.262293780738
69 694 422.663588119751
69 695 422.664955119751
44 446 427.177711444386
13 136 428.265673457744
13 137 428.272534457744
64 645 430.186697569267
63 635 430.188038569267
64 646 430.189366569267
89 895 430.193402569267
93 936 430.194756569267
98 986 430.197594569267
78 786 435.158198552578
49 495 437.668080196321
49 496 437.676269196321
29 296 437.679068196321
3 37 437.692894196321
38 386 457.161327140336
83 836 460.186489138826
34 347 460.19187999553
89 896 460.265159949234
58 587 460.266552949234
33 336 462.671899339185
84 846 462.677458339185
34 346 462.681533339185
23 236 471.675250863198
43 437 471.679403863198
94 946 471.691758863198
63 636 474.162989407384
68 687 474.174146407384
14 146 481.657071197637
14 147 481.659805197637
79 796 481.661224197637
73 735 481.662643254469
73 736 481.664010254469
54 547 481.672024612665
48 486 481.769523210941
48 487 481.773611210941
99 996 481.774991210941
53 536 491.662865513863
39 396 491.669895513863
24 247 491.675415513863
14 148 491.696154513863
8 87 493.755652863152
43 436 493.759844863152
33 337 493.762578863152
4 47 494.287349015692
74 746 508.287374931713
94 947 508.292803931713
74 747 508.294157931713
59 597 508.295485931713
44 447 511.164045746037
53 537 511.165425746037
88 886 517.161508816199
18 187 517.182052816199
79 797 517.183393816199
73 737 517.186140816199
28 287 518.16239238418
24 248 518.16381138418
18 186 537.165462720947
78 787 537.172388720947
28 288 537.177843720947
88 887 537.183246720947
38 387 537.185980720947
38 388 537.187308720947
73 738 537.194182720947
68 688 537.780232845397
33 338 554.658392622257
9 99 554.659746622257
23 237 554.662506622257
23 238 554.663912622257
83 837 554.665279622257
43 438 554.666607622257
99 997 554.668013622257
58 588 554.669419622257
39 399 567.56504106716
13 138 568.658184655401
49 498 568.659603655401
53 538 568.662311655401
74 748 568.663704655401
59 598 568.671932655401
63 638 568.673351655401
39 398 568.674731655401
83 838 596.163891426663
34 348 605.760911791677
34 349 605.762252791677
44 449 605.786793470157
