46 460 45.155387942658
61 610 52.755450721338
63 630 53.655619906036
45 450 53.658366906036
57 570 53.659772906036
71 710 57.655478448251
47 470 57.656819448251
49 490 57.658199448251
60 600 68.658239543473
44 440 74.156898805873
65 650 76.65567661651
79 790 76.65703061651
48 480 76.65837161651
69 690 78.755356340571
62 620 78.759496340571
78 780 78.769039340571
53 530 83.864976175867
73 730 86.176817977147
67 670 86.178184977147
52 520 92.156888600304
40 400 92.158255600304
43 430 92.159661600304
55 550 92.161067600304
58 580 92.162408600304
70 700 92.163762600304
50 500 92.165168600304
59 590 92.166522600304
77 770 92.167850600304
56 560 92.169256600304
66 660 92.170675600304
68 680 101.273270472658
75 750 103.655589645855
51 510 103.656930645855
76 760 103.673256645855
75 751 103.681523645855
74 740 109.675901225557
72 720 109.677229225557
40 401 109.678635225557
54 541 109.680041225557
54 540 115.160660193802
69 691 115.180006193802
42 421 115.188208193802
68 681 115.189627193802
79 791 121.85535523999
70 701 121.87027523999
60 601 121.87168123999
43 431 125.174649934272
53 531 125.182955934272
73 731 125.184374934272
41 410 130.659955122838
42 420 130.662754122838
56 561 130.677973122838
58 581 130.689078122838
64 640 132.280905212098
55 551 132.282233212098
50 501 135.158233078297
64 641 139.667239134734
76 761 139.758447134536
44 441 154.155506493589
41 411 154.156925493589
45 451 154.192649493589
65 651 154.199497493589
71 711 154.26847471061
48 481 156.25559885448
49 491 156.25699185448
48 482 156.25833285448
78 781 159.17212083237
66 661 159.17346183237
54 542 159.18983983237
52 521 159.19673983237
61 611 159.19806783237
45 452 159.19944783237
77 771 168.691138900228
72 721 168.693950900228
67 671 168.695369900228
43 432 176.782116398531
56 562 176.783444398531
67 672 176.784785398531
69 692 198.755408344681
44 442 198.763779344681
62 622 207.256701500256
51 511 211.265906355128
62 621 211.267299355128
57 571 211.268718355128
71 712 211.272741355128
74 741 211.275475355128
74 742 211.282323355128
40 402 218.158530459123
75 752 218.159897459123
61 612 218.161290459123
72 722 218.162644459123
49 492 218.164050459123
64 642 218.166719459123
65 652 218.168099459123
55 552 218.169453459123
40 403 218.177746459123
42 422 218.179139459123
41 412 218.655386276714
78 782 218.685525276714
41 413 218.686866276714
63 631 218.693753276714
59 591 219.66382249754
46 461 219.66649149754
46 462 219.66919949754
47 472 219.67190749754
63 632 219.67465449754
59 592 219.68141149754
77 772 219.68684049754
46 463 224.173414709133
51 512 231.286410482489
73 732 234.655474930976
73 733 234.670369919552
42 423 234.671710919552
50 502 235.164934980335
57 572 235.170389980335
50 503 235.173162980335
74 743 235.174568980335
48 483 243.861031305302
60 602 243.862398305302
79 792 243.874753305302
62 623 243.885637305302
76 762 243.955550300987
77 773 243.956943300987
53 532 245.664819184539
47 471 245.684100184539
76 763 254.797666228092
55 553 254.861185223884
49 493 254.863997223884
52 523 254.865364223884
59 593 254.866744223884
44 443 254.873735223884
70 702 267.183304050278
61 613 267.184671050278
43 433 267.186051050278
58 582 267.187470050278
63 633 267.197104050278
40 404 267.198510050278
55 554 284.690922827893
71 713 285.661154729319
43 434 285.666661729319
78 783 285.674876729319
79 793 290.965677145975
79 794 290.986130145975
64 643 300.669033253853
56 563 300.677209253853
42 424 300.682677253853
78 784 300.684096253853
45 454 300.691048253853
71 714 302.980176372187
45 453 304.670826889922
63 634 304.679132889922
76 764 304.680551889922
58 583 304.681970889922
47 473 304.686110889922
72 723 304.688779889922
51 513 304.690185889922
64 644 304.691552889922
58 584 304.698478889922
66 663 304.699832889922
66 664 304.75538888684
75 753 306.6839317539
52 524 306.6893867539
48 484 306.6907407539
65 653 309.765541862343
57 573 309.768288862343
69 693 309.769694862343
77 774 309.795395579307
68 682 312.975051474853
68 683 312.976418474853
70 703 312.979152474853
70 704 321.259388127413
52 522 324.165303857906
53 533 324.181759857906
53 534 324.183126857906
57 574 324.184519857906
65 654 324.185873857906
47 474 333.170656552255
69 694 333.182192299053
46 464 333.192363449441
73 734 333.193704449441
62 624 333.197831449441
60 603 333.261081547738
54 544 333.262461547738
54 543 337.159433968369
42 425 337.279691611422
74 744 346.967793546238
44 444 352.16666739419
59 594 352.18868239419
46 465 355.190353824999
49 494 355.193113824999
74 745 356.987978911775
59 595 357.197812023528
75 755 376.295973968981
72 724 376.297392968981
62 625 376.35697080305
69 695 376.35975680305
43 435 376.37075780305
72 725 376.37213780305
54 545 379.769517291257
41 415 385.267110170849
63 635 385.272527191945
65 655 390.986101152218
45 455 391.062370549874
60 604 391.063776549874
60 605 391.065156549874
44 445 391.066497549874
71 715 391.067916549874
45 456 391.069309549874
41 414 391.173617164669
78 785 391.174984164669
76 765 394.265208138385
75 754 394.266614138385
54 546 394.269374138385
48 485 397.767643647378
40 405 397.769049647378
49 495 397.771809647378
47 475 397.773150647378
77 775 397.775923647378
53 535 422.660492602926
75 756 422.680321367918
77 776 434.962554936708
43 436 435.162296451021
78 786 435.163637451021
40 406 435.178674451021
46 466 445.18076157574
40 407 454.191540871313
43 437 454.197099871313
47 476 463.755448344568
62 626 463.756802344568
73 735 463.758143344568
73 736 463.759510344568
47 477 463.760890344568
79 795 463.764926854228
70 705 463.767648602731
42 426 463.772987385664
72 726 463.77835240744
74 746 463.78504580505
44 446 463.793106578494
41 416 463.86199134426
71 716 474.16430538293
76 766 474.255498871866
51 517 487.659601643207
48 486 487.666462643207
46 467 487.670641643207
73 737 487.673401643207
70 707 489.275712327679
53 536 489.278459327679
45 457 489.279852327679
42 427 489.289551327679
44 447 489.292389327679
63 637 493.27749682237
72 727 498.159645137049
79 796 498.169214137049
74 747 498.171961137049
79 797 498.173341137049
78 787 498.174669137049
69 696 498.177429137049
49 496 508.266700024676
70 706 509.177825554973
65 656 528.166720552243
53 537 528.169493552243
63 636 528.172279552243
69 697 528.173672552243
40 408 541.665595716523
71 717 541.672404716523
71 718 541.677846716523
48 487 550.163844757348
48 488 550.166656757348
41 417 550.173621757348
47 478 561.461140327272
76 767 561.462520327272
63 638 578.158796067398
70 708 578.160215067398
75 758 578.171320067398
79 798 578.172674067398
46 468 578.174093067398
72 728 578.175421067398
44 448 578.176749067398
53 538 578.178077067398
62 628 578.179444067398
73 738 578.182204067398
45 458 605.260166357332
41 418 605.261546357332
78 788 605.264306357332
43 438 605.268407357332
