3 320 56.656977373446
25 320 56.656977373446
7 310 63.662375433961
39 310 63.662375433961
96 381 98.693439362049
27 300 101.66136215273
27 301 101.66821015273
27 350 101.66962915273
27 351 101.67099615273
54 340 101.67236315273
35 340 101.67236315273
27 340 101.67236315273
40 370 105.669164375768
27 370 105.669164375768
35 370 105.669164375768
0 311 124.196925023478
80 311 124.196925023478
5 360 139.188309365972
58 360 139.188309365972
5 361 139.189676365972
58 361 139.189676365972
5 331 139.193803365972
58 331 139.193803365972
10 330 139.677579952877
13 330 139.677579952877
97 330 139.677579952877
6 341 170.683017659144
33 341 170.683017659144
57 371 172.657689055813
88 312 172.769082586767
51 312 172.769082586767
51 372 172.773119118649
43 391 184.767776227205
99 391 184.767776227205
41 362 184.770471227205
43 362 184.770471227205
99 362 184.770471227205
68 302 193.16428979252
3 342 204.66850038382
55 342 204.66850038382
64 342 204.66850038382
32 392 214.158281835061
81 321 217.164449925091
62 321 217.164449925091
41 303 225.676664824231
80 363 242.26230851904
27 363 242.26230851904
48 352 242.673523115908
88 352 242.673523115908
48 353 242.680358115908
88 353 242.680358115908
63 373 256.189377882465
76 373 256.189377882465
80 373 256.189377882465
40 324 275.180806827313
1 383 275.190323827313
76 383 275.190323827313
40 383 275.190323827313
44 313 277.670678712432
43 313 277.670678712432
43 314 277.672045712432
19 344 292.670011247371
64 344 292.670011247371
52 343 305.159390699062
90 343 305.159390699062
19 393 305.164858699062
90 393 305.164858699062
22 334 309.167410358122
45 334 309.167410358122
92 334 309.167410358122
87 364 311.681917720062
96 364 311.681917720062
83 364 311.681917720062
87 374 311.683245720062
96 374 311.683245720062
83 374 311.683245720062
92 304 311.697084720062
83 304 311.697084720062
70 394 312.690591115515
32 394 312.690591115515
57 384 324.188579254761
76 384 324.188579254761
21 333 324.258304006961
82 333 324.258304006961
70 333 324.258304006961
7 305 356.675912282273
74 305 356.675912282273
94 335 374.175680256614
94 365 374.182684256614
94 375 374.185392256614
55 395 374.68415699343
58 395 374.68415699343
81 395 374.68415699343
1 345 381.17159840422
80 345 381.17159840422
62 315 381.17980040422
80 315 381.17980040422
42 325 382.76702385834
90 325 382.76702385834
1 385 382.76840385834
80 385 382.76840385834
90 385 382.76840385834
54 396 413.174420741577
97 306 430.171032247514
77 306 430.171032247514
67 376 433.166488064625
34 386 457.157423648807
88 316 459.670164350976
47 316 459.670164350976
96 357 459.674187350976
88 357 459.674187350976
47 357 459.674187350976
51 356 485.19067266446
53 317 488.685097565604
92 317 488.685097565604
92 307 488.691867565604
58 367 514.160931732637
73 367 514.160931732637
31 336 514.163626732637
79 336 514.163626732637
73 336 514.163626732637
2 308 529.173051960237
86 388 534.667252626146
55 388 534.667252626146
52 387 534.668671626146
86 387 534.668671626146
55 387 534.668671626146
43 337 534.670012626146
90 337 534.670012626146
55 337 534.670012626146
87 377 547.666725770868
66 377 547.666725770868
66 358 547.669381770868
65 378 547.672063770868
66 378 547.672063770868
65 348 547.674901770868
66 348 547.674901770868
99 318 558.185272918672
97 318 558.185272918672
69 397 578.667476889379
60 397 578.667476889379
63 398 578.675704889379
60 398 578.675704889379
60 319 578.681107889379
60 399 578.682461889379
47 368 596.164141884492
72 368 596.164141884492
47 369 596.165560884492
72 369 596.165560884492
