38 380 41.155454189904
61 610 52.755379983276
21 210 52.756759983276
63 630 53.655473150533
25 250 53.661071150533
20 200 54.158869537465
62 620 56.663622022715
39 390 63.655407953153
71 710 63.663687953153
60 600 74.155638101985
31 310 74.157018101985
26 260 76.656961482455
69 690 78.755531563146
24 240 78.771974563146
70 700 78.773380563146
65 650 79.157003850608
79 790 79.158422850608
26 261 79.159763850608
29 290 80.655495755308
78 780 83.158448398602
37 370 83.162562398602
22 220 83.163942398602
32 320 83.166715398602
27 270 101.656014470096
30 300 101.660206470096
33 330 101.663730756251
67 670 101.666386839472
35 350 101.667727940225
27 271 101.674433308173
30 301 101.679927391394
35 351 101.681307391394
66 660 102.662125290065
73 730 102.664833300014
38 381 102.670249458561
75 750 103.655415340971
61 611 105.865818019234
75 751 105.891934019234
69 691 116.755583451171
34 340 116.760960451171
72 720 116.762288451171
77 770 116.763655451171
68 681 116.765061451171
79 791 121.855452188159
60 601 121.856845188159
25 251 121.866505188159
76 760 121.869291188159
70 701 121.870671188159
29 291 123.287328754266
28 280 124.157987544386
28 281 124.160812544386
74 740 124.174469544386
31 311 124.197682544386
68 680 124.199049544386
63 631 125.759419913953
20 201 125.770149321797
64 641 142.164892179001
64 640 142.167561230608
77 771 142.194446969993
36 360 142.270427074182
36 361 142.281194365638
72 721 142.292078754246
73 731 142.667279066357
33 331 149.667883671807
37 371 164.657002743658
33 332 170.662950080266
22 221 170.668340080266
23 230 170.67049736626
22 222 170.67319236626
20 202 170.67730636626
24 241 170.67863436626
66 661 173.18112825732
38 382 173.183849311618
76 761 173.260807061706
27 272 173.274568174894
62 621 185.259896361899
67 671 186.682560391256
24 242 186.685333391256
26 262 186.692194391256
67 672 186.693561391256
36 362 186.694902391256
35 352 186.755499391691
23 232 187.2798186389
25 252 207.258465567489
29 292 207.263946567489
71 712 207.265300567489
69 692 207.268034568376
72 722 207.284154608656
74 742 207.297826137979
37 372 207.355653563039
23 231 208.15690996788
64 642 208.15972196788
78 781 208.16378396788
34 341 208.17621696788
32 323 214.266299079779
78 782 216.691732282583
65 651 216.693125282583
65 652 216.694466282583
21 211 216.697122282583
21 212 216.698489282583
68 682 216.756719278063
30 302 216.759466278063
62 622 216.760885278063
30 303 216.765012278063
28 282 228.166006377972
32 321 228.170146377972
32 322 228.171526377972
63 632 228.172945377972
39 392 228.174273377972
73 732 230.673836250187
70 702 230.676583250187
79 792 232.165717506109
60 602 232.171211506109
77 772 232.179374506109
73 733 236.993596017499
76 762 238.688101055649
39 393 238.693660055649
38 383 238.695027055649
62 623 238.696368055649
25 253 256.172103055342
75 753 256.177428708475
20 203 256.180123886287
36 363 256.181465196182
27 273 256.18814515921
26 263 256.190840540084
34 342 256.277017125748
61 612 256.279751570138
34 343 256.290597603129
77 773 256.296078603129
31 313 256.67092445612
67 673 256.680311992744
31 312 256.684348261056
60 603 256.687030529368
75 752 258.658820945201
29 293 258.679390945201
35 353 276.163072184408
24 243 276.167199184408
21 213 276.183629184408
61 613 276.191818184408
76 763 276.195906184408
63 633 280.186483428333
64 643 280.190481283575
33 333 280.260932995265
79 793 291.855491124629
79 794 291.856884124629
64 644 296.181708293465
65 653 296.183114293465
65 654 296.185822293465
72 723 296.188582293465
28 283 296.661842204911
25 254 296.664563204911
34 344 296.676983204911
77 774 296.687945204911
66 663 300.180444099531
78 783 300.269110099967
67 674 300.270516099967
23 233 305.67471291464
37 373 305.67738191464
63 634 305.68559691464
75 754 305.755354919023
68 683 305.760861919023
71 713 305.767709919023
78 784 305.770430919023
24 244 305.793929919023
23 234 305.796702919023
68 684 305.798082919023
73 734 305.799436919023
26 264 319.161169652343
70 703 321.256134227799
30 304 321.259968718191
70 704 321.263252780273
71 714 321.284878440223
31 314 321.290242552347
32 324 324.156766531314
76 764 324.159422689917
32 325 324.35545190963
38 384 327.762268026884
62 624 327.763635026884
23 235 327.764989026884
66 664 327.767775026884
24 245 340.173064502657
35 354 340.195066502657
69 693 347.656919405929
69 694 347.658247405929
72 724 347.660929405929
37 374 347.663651076979
35 355 347.666346748029
79 795 347.7730373716
21 215 347.775733029718
70 705 347.781097687836
74 744 348.67009567504
60 604 348.67148867504
74 745 348.67561567504
39 394 366.269291784554
36 364 366.274837784554
26 265 383.261414893346
25 255 383.269707893346
67 675 383.271113893346
75 755 383.272532893346
33 334 383.273860893346
61 614 383.275214893346
33 335 383.276594893346
77 775 383.277974893346
36 365 383.279393893346
76 765 383.282114893346
37 375 383.293050893346
73 735 383.359594894088
62 625 385.290249885339
31 315 385.294415885339
30 305 387.696168880481
78 785 391.767212299985
66 665 391.796127299985
34 345 391.797507299985
61 615 391.85968730243
68 685 392.159664393851
21 214 392.171281203277
72 725 392.180993203277
36 366 392.255446390805
60 605 404.155625075433
22 224 404.156979075433
22 225 404.158359075433
38 385 404.165207612977
71 715 404.174634688065
23 236 404.184179300697
39 395 404.270236364486
60 606 404.27427290208
22 226 404.276994439674
30 306 407.783986500997
69 695 408.158909468011
39 396 408.169220801393
65 655 408.193865801393
67 676 415.185407065887
75 756 428.686079187488
77 776 434.961039630589
63 635 434.962393630589
78 786 435.1569328573
64 646 435.167234079414
64 645 435.179550079414
25 256 435.182271079414
32 327 453.291794624218
38 386 459.181254144708
34 346 459.662776534244
76 766 459.672488534244
68 686 474.157631903869
37 376 474.158972903869
63 636 474.163637603619
25 257 474.173258603619
68 687 474.180236603619
33 336 474.181629603619
70 706 474.185691603619
26 267 477.189970178383
31 317 477.191298178383
35 356 479.655656382725
73 736 479.662452382725
77 777 480.955662418731
74 746 497.266064209251
30 307 497.268720209251
71 716 497.276805652401
70 707 497.279513729555
26 266 497.291648959135
74 747 497.294331283715
61 617 497.298355057729
36 367 497.372937047673
72 726 498.155445936213
72 727 498.167696936213
73 737 498.173229936213
79 796 498.177382936213
31 316 498.185636936213
79 797 498.186977936213
34 347 518.171972062564
34 348 518.182921062564
35 357 518.185616062564
35 358 518.188363062564
66 666 519.685512905913
66 667 519.686840905913
69 696 519.688168905913
73 738 520.67368836023
37 377 540.772531450441
32 328 540.775239450441
72 728 540.777986450441
75 757 541.670650854064
30 308 541.673449854064
67 677 541.683083854064
38 387 541.684476854064
38 388 541.685869854064
31 318 541.687275854064
69 698 543.284385165727
78 788 543.287158165727
20 208 543.288499165727
76 767 543.292600165727
24 246 543.296649165727
37 378 543.297990165727
65 658 543.299409165727
62 627 543.355431161222
24 248 543.356811161222
69 697 560.671674376657
24 247 560.673080376657
63 638 560.681295649845
61 618 560.685331923033
60 607 560.686672923033
20 207 560.758272697325
68 688 560.769170332913
26 268 560.777203860257
33 337 561.161512741201
33 338 561.162905741201
67 678 561.164849305721
71 717 561.178020607131
71 718 561.179413607131
62 626 561.198344546611
66 668 561.255424767191
74 748 561.293027989658
60 608 580.155573088899
39 397 580.159583088899
39 398 580.162330088899
70 708 580.165077088899
28 287 580.166418088899
29 297 580.167785088899
75 758 580.174711088899
60 609 580.185660088899
77 778 605.260444796382
62 628 605.261837796382
25 258 605.265912796382
34 349 605.267318796382
25 259 605.270039796382
