60 850 74.156904327469
85 710 74.160992327469
60 710 74.160992327469
65 790 76.656889876212
65 870 76.658282876212
69 620 78.756770967687
24 770 79.260213954039
53 780 83.160649328413
53 840 83.164828328413
29 830 85.658991171136
29 860 85.668384843805
29 730 85.671157843805
73 660 85.672498843805
29 660 85.672498843805
75 700 103.656901344713
70 810 103.659661344713
75 810 103.659661344713
75 760 103.663736344713
79 881 118.18680146254
1 820 119.286134756152
17 820 119.286134756152
15 820 119.286134756152
4 720 124.159184612392
4 740 124.160603612392
4 680 124.163285612392
70 601 124.196340612392
4 601 124.196340612392
33 890 125.166449419636
0 890 125.166449419636
0 800 125.169222419636
80 750 125.170641419636
0 750 125.170641419636
0 801 125.176057419636
80 681 125.177424419636
0 681 125.177424419636
97 641 128.175443783054
58 641 128.175443783054
80 641 128.175443783054
11 880 130.183333938594
70 880 130.183333938594
18 880 130.183333938594
18 701 130.184661938594
86 731 131.267874244184
97 640 132.676749462639
13 640 132.676749462639
16 640 132.676749462639
98 670 132.679522462639
58 670 132.679522462639
16 670 132.679522462639
93 661 134.669358668061
93 651 134.672105668061
97 871 136.693317673792
97 761 136.770313773899
13 831 136.775677988056
47 721 136.777031988056
36 721 136.777031988056
13 721 136.777031988056
36 771 136.781055187032
13 771 136.781055187032
40 631 136.783828386008
83 631 136.783828386008
13 631 136.783828386008
7 851 136.787825584984
83 851 136.787825584984
13 851 136.787825584984
7 821 137.256919359813
36 821 137.256919359813
58 821 137.256919359813
17 711 145.664171892596
91 891 145.671084892596
17 891 145.671084892596
45 791 152.785120724044
22 741 152.793309724044
45 741 152.793309724044
57 621 164.66197876394
48 621 164.66197876394
12 781 177.166509929094
4 781 177.166509929094
38 781 177.166509929094
20 662 181.195763447054
66 882 187.278824594734
11 811 194.161341324552
30 811 194.161341324552
30 712 194.169686324552
12 742 194.171014324552
30 742 194.171014324552
90 852 194.172381324552
12 852 194.172381324552
30 852 194.172381324552
62 812 207.263833549197
98 841 207.272074549197
14 841 207.272074549197
62 841 207.272074549197
14 832 207.276188549197
62 832 207.276188549197
14 892 207.278987549197
62 892 207.278987549197
62 842 207.290014549197
27 671 207.355527544747
84 671 207.355527544747
62 671 207.355527544747
21 732 207.359654544747
50 732 207.359654544747
62 732 207.359654544747
21 702 207.360995544747
50 702 207.360995544747
62 702 207.360995544747
53 792 208.166653005298
34 792 208.166653005298
64 792 208.166653005298
64 862 208.181716005298
61 752 208.184463005298
86 752 208.184463005298
64 752 208.184463005298
40 612 208.185817005298
86 612 208.185817005298
64 612 208.185817005298
29 672 211.36929732881
41 602 219.665558117031
77 782 219.676728117031
41 782 219.676728117031
3 772 219.678134117031
41 772 219.678134117031
41 682 219.691622117031
43 802 235.166482583674
74 802 235.166482583674
26 632 235.171937583674
74 632 235.171937583674
3 762 236.983089089986
76 872 236.984482089986
3 872 236.984482089986
88 623 242.190978667635
27 822 247.174601736737
28 652 247.181462736737
27 652 247.181462736737
51 722 250.16816031571
29 722 250.16816031571
56 783 254.86786300247
17 783 254.86786300247
98 803 262.180122506826
84 803 262.180122506826
98 643 262.182817506826
84 643 262.182817506826
40 763 263.69980856696
76 633 263.759584411238
40 633 263.759584411238
9 613 275.762232679648
51 893 299.665532138869
62 773 299.670922138869
51 773 299.670922138869
11 603 299.677913138869
51 603 299.677913138869
51 673 299.679241138869
51 674 299.683368138869
51 844 299.690294138869
10 753 299.695723138869
32 753 299.695723138869
51 753 299.695723138869
52 683 299.698535138869
50 683 299.698535138869
51 683 299.698535138869
52 684 299.699863138869
50 684 299.699863138869
51 684 299.699863138869
82 663 305.157300430983
83 853 305.656941831465
58 713 305.659688831465
83 713 305.659688831465
83 664 306.197255834925
84 664 306.197255834925
78 634 306.198648834925
83 634 306.198648834925
84 634 306.198648834925
83 784 306.200028834925
84 784 306.200028834925
84 834 306.256013595722
32 824 307.76524687051
19 873 309.162258028939
19 693 309.167596766769
17 774 309.179667945285
19 863 309.193040534781
17 863 309.193040534781
65 723 309.197064193743
19 723 309.197064193743
92 714 309.761029912087
14 714 309.761029912087
14 804 309.778930912087
19 653 309.865208912085
17 653 309.865208912085
14 653 309.865208912085
17 793 309.870702912085
14 793 309.870702912085
82 703 329.763840942436
32 703 329.763840942436
82 704 329.765233942436
32 704 329.765233942436
10 864 331.68646463202
7 854 356.359808674693
7 744 356.370796674693
74 604 356.372137674693
7 604 356.372137674693
74 644 356.374910674693
7 644 356.374910674693
35 694 360.181624451231
46 654 360.191336451231
35 654 360.191336451231
35 825 360.270713454485
6 884 370.659050589285
19 635 379.17107410622
3 635 379.17107410622
58 835 382.197824675674
21 835 382.197824675674
19 665 382.199179048829
3 665 382.199179048829
8 665 382.199179048829
38 734 384.656889154838
81 734 384.656889154838
81 614 384.662474154838
3 894 384.663880154838
80 894 384.663880154838
81 894 384.663880154838
81 615 384.665273154838
81 805 384.666601154838
81 624 384.670715154838
81 625 384.672108154838
75 765 386.189748187092
8 765 386.189748187092
84 765 386.189748187092
55 655 392.681795664351
8 655 392.681795664351
7 655 392.681795664351
52 785 392.698277664351
7 785 392.698277664351
50 845 392.699683664351
52 845 392.699683664351
7 845 392.699683664351
15 695 393.66382375434
36 695 393.66382375434
47 675 393.67332775434
36 675 393.67332775434
47 775 393.67470775434
36 775 393.67470775434
47 855 393.67610075434
36 855 393.67610075434
56 725 393.67751975434
47 725 393.67751975434
36 725 393.67751975434
56 795 393.68297475434
47 795 393.68297475434
36 795 393.68297475434
47 705 393.68706275434
36 705 393.68706275434
85 754 393.69116375434
49 754 393.69116375434
36 754 393.69116375434
60 715 404.163817300917
29 735 404.178893300917
60 735 404.178893300917
66 645 409.679545360186
83 645 409.679545360186
75 645 409.679545360186
54 756 410.199420453626
37 685 415.177807993637
67 685 415.177807993637
1 685 415.177807993637
1 676 415.179161993637
64 865 434.969421895891
77 865 434.969421895891
77 876 434.980370895891
77 786 434.981789895891
64 875 435.177376702678
77 875 435.177376702678
78 875 435.177376702678
78 895 435.189718702678
32 656 439.681290663631
32 706 439.690937663631
1 836 462.677472683464
89 836 462.677472683464
83 846 462.678800683464
1 846 462.678800683464
89 846 462.678800683464
80 816 462.680167683464
1 816 462.680167683464
89 816 462.680167683464
58 806 462.681560683464
1 806 462.681560683464
89 806 462.681560683464
10 866 466.166415698983
80 866 466.166415698983
77 866 466.166415698983
47 626 466.177546698983
84 626 466.177546698983
77 626 466.177546698983
19 736 466.178965698983
84 736 466.178965698983
77 736 466.178965698983
97 847 466.681650201822
6 716 474.161024092252
34 716 474.161024092252
96 666 482.356895050068
48 726 482.373338050068
47 726 482.373338050068
96 726 482.373338050068
47 885 482.374731050068
96 885 482.374731050068
47 886 482.376137050068
96 886 482.376137050068
88 766 482.377478050068
47 766 482.377478050068
96 766 482.377478050068
55 796 485.688822531111
14 796 485.688822531111
24 627 485.695722531111
14 627 485.695722531111
17 856 485.697115531111
14 856 485.697115531111
17 636 485.757032935297
14 636 485.757032935297
14 707 485.761172935297
19 826 485.762552935297
14 826 485.762552935297
82 616 485.763880935297
19 616 485.763880935297
14 616 485.763880935297
79 696 488.960937050813
24 696 488.960937050813
17 696 488.960937050813
26 746 488.967681050813
70 746 488.967681050813
17 746 488.967681050813
72 737 498.161183835574
72 797 498.167241477118
79 617 498.168582477118
72 617 498.168582477118
61 747 498.169988477118
79 747 498.169988477118
72 747 498.169988477118
73 887 498.189994786328
72 887 498.189994786328
73 677 498.191400786328
72 677 498.191400786328
24 857 529.171088740535
87 637 529.182037740535
24 637 529.182037740535
24 877 529.183417740535
87 767 529.184823740535
24 767 529.184823740535
87 647 529.186164740535
24 647 529.186164740535
19 897 529.193090740535
46 897 529.193090740535
24 897 529.193090740535
55 727 540.256776265936
86 607 540.277437265936
55 607 540.277437265936
55 867 540.278791265936
55 717 540.286902265936
16 807 540.288308265936
71 807 540.288308265936
55 807 540.288308265936
55 718 540.289688265936
55 868 540.291042265936
2 827 542.179788547864
52 827 542.179788547864
29 757 542.182561547864
2 757 542.182561547864
52 757 542.182561547864
52 688 542.183889547864
28 657 542.185243547864
30 657 542.185243547864
52 657 542.185243547864
52 888 542.186662547864
52 678 542.188003547864
52 738 542.189370547864
66 698 543.281363924981
69 608 543.285490924981
66 608 543.285490924981
8 837 543.286857924981
66 837 543.286857924981
53 697 543.288250924981
8 697 543.288250924981
66 697 543.288250924981
66 658 543.293796924981
65 788 543.295137924981
66 788 543.295137924981
6 646 544.971078554001
19 646 544.971078554001
46 646 544.971078554001
78 648 551.194489085033
65 648 551.194489085033
49 648 551.194489085033
60 668 582.172435148418
29 808 582.183501148418
60 808 582.183501148418
29 708 582.184920148418
60 708 582.184920148418
60 638 582.186326148418
21 817 582.194554148418
16 817 582.194554148418
60 817 582.194554148418
58 798 582.200048148418
21 798 582.200048148418
60 798 582.200048148418
48 758 582.256878356368
60 758 582.256878356368
