15 80 48.160775127201
69 30 78.756988045805
69 241 78.771009045805
29 190 80.662190398871
48 180 80.667607977643
19 180 80.667607977643
29 180 80.667607977643
29 191 80.671657767029
54 91 100.785838157158
69 91 100.785838157158
30 40 122.769304182358
69 40 122.769304182358
84 181 124.169987298335
80 181 124.169987298335
43 141 124.187940298335
31 141 124.187940298335
80 141 124.187940298335
80 130 124.198980298335
80 131 132.193239960827
0 131 132.193239960827
50 140 163.265430688273
45 140 163.265430688273
17 140 163.265430688273
53 231 163.266784688273
45 231 163.266784688273
17 231 163.266784688273
45 182 163.269531688273
17 182 163.269531688273
54 90 171.281220866674
37 90 171.281220866674
93 90 171.281220866674
31 142 171.296361866674
93 142 171.296361866674
69 240 173.273076248851
57 240 173.273076248851
6 240 173.273076248851
74 92 200.168694901038
12 92 200.168694901038
30 92 200.168694901038
43 42 200.171402901038
12 42 200.171402901038
30 42 200.171402901038
33 32 210.884146446917
12 32 210.884146446917
62 32 210.884146446917
84 232 212.755405551913
29 232 212.755405551913
46 192 224.66100037231
96 82 232.174604043499
0 43 247.669088455377
75 43 247.669088455377
22 83 251.161506871866
17 83 251.161506871866
76 243 256.173075680834
80 243 256.173075680834
63 233 256.178505061708
80 233 256.178505061708
92 193 258.675417066144
10 193 258.675417066144
55 93 268.69272986902
90 183 288.258830675485
90 244 300.170922863189
17 244 300.170922863189
65 184 300.179215863189
17 184 300.179215863189
17 194 300.184657863189
25 234 300.187378863189
17 234 300.187378863189
50 94 302.683309715674
83 133 305.656812943392
83 134 305.658153943392
32 84 312.676347424529
97 44 334.673985079375
86 44 334.673985079375
10 44 334.673985079375
23 45 337.175606305625
81 45 337.175606305625
81 235 337.177012305625
5 143 337.181022305625
42 143 337.181022305625
81 143 337.181022305625
27 34 353.659528512269
31 95 353.671870512269
27 95 353.671870512269
35 245 354.262250724314
47 96 408.766665770074
60 96 408.766665770074
22 46 408.770883770074
60 46 408.770883770074
4 185 408.772276770074
22 185 408.772276770074
60 185 408.772276770074
87 135 471.665203732852
40 135 471.665203732852
76 146 474.171548604191
17 146 474.171548604191
76 37 474.178359003691
17 37 474.178359003691
48 197 476.699488299629
35 197 476.699488299629
14 196 486.277464234356
14 246 486.288556234356
14 247 486.289962234356
62 186 486.292774234356
24 186 486.292774234356
14 186 486.292774234356
82 187 486.294154234356
19 187 486.294154234356
14 187 486.294154234356
24 38 526.198981599556
56 98 526.261192877295
46 98 526.261192877295
24 98 526.261192877295
46 198 526.263887877295
24 198 526.263887877295
0 47 537.160864360087
2 47 537.160864360087
97 237 542.68869865078
97 238 542.69010465078
16 148 542.69695265078
55 148 542.69695265078
97 148 542.69695265078
90 87 544.676937858426
55 87 544.676937858426
60 88 573.693338720385
51 49 584.87049186361
35 49 584.87049186361
21 49 584.87049186361
72 199 596.161369890654
