62 250 53.661071150533
63 250 53.661071150533
25 620 56.663622022715
39 710 63.663687953153
60 310 74.157018101985
65 260 76.657039482455
24 770 78.773263563146
69 770 78.773263563146
26 650 79.156964850608
26 790 79.158331850608
53 780 83.158448398602
53 370 83.162536398602
37 320 83.166611398602
53 320 83.166611398602
27 700 101.658683470096
70 300 101.660076470096
27 300 101.660076470096
70 330 101.66225967303
27 330 101.66225967303
70 350 101.664967857004
27 350 101.664967857004
30 670 101.668991040978
27 670 101.668991040978
3 351 101.678547492147
17 381 102.67418146851
73 660 102.676850552758
38 660 102.676850552758
17 660 102.676850552758
61 750 105.884761019234
68 340 116.759580451171
12 340 116.759580451171
69 340 116.759580451171
12 681 116.760934451171
69 681 116.760934451171
70 251 123.270625754266
70 760 123.273307754266
70 601 123.285545754266
70 291 123.288227754266
80 280 124.157987544386
4 720 124.162166553096
72 680 124.163494553096
4 680 124.163494553096
52 311 124.17286871986
4 311 124.17286871986
0 740 124.180966877914
68 740 124.180966877914
80 740 124.180966877914
80 301 124.259527608536
5 331 125.695503716062
58 331 125.695503716062
16 331 125.695503716062
13 640 142.164906450589
13 641 142.170309648337
14 631 142.187951189974
97 631 142.187951189974
97 761 142.255597731331
97 360 142.263748022787
97 361 142.270427217091
47 730 142.277158411395
36 730 142.277158411395
97 730 142.277158411395
36 771 142.281285508547
97 771 142.281285508547
57 371 164.657002743658
48 371 164.657002743658
29 711 167.172680991285
88 711 167.172680991285
35 791 167.179580991285
70 791 167.179580991285
88 791 167.179580991285
89 781 167.185074991285
91 781 167.185074991285
88 781 167.185074991285
22 741 170.670682977184
6 741 170.670682977184
33 741 170.670682977184
83 721 173.168929148724
38 721 173.168929148724
85 341 173.185203420214
38 341 173.185203420214
85 661 173.187885474512
38 661 173.187885474512
85 272 173.256797005112
38 272 173.256797005112
57 621 185.259896361899
99 651 186.660558391256
27 382 186.674358391256
99 382 186.674358391256
99 671 186.675725391256
67 262 186.677066391256
43 262 186.677066391256
99 262 186.677066391256
43 672 186.678459391256
99 672 186.678459391256
11 362 186.679865391256
43 362 186.679865391256
99 362 186.679865391256
41 352 186.686830391256
99 352 186.686830391256
41 602 186.688236391256
99 602 186.688236391256
66 731 187.25816483548
62 292 207.263959567489
12 742 207.291442567489
62 742 207.291442567489
12 372 207.292835567489
62 372 207.292835567489
53 792 208.17061896788
51 792 208.17061896788
64 792 208.17061896788
64 722 208.17195996788
62 252 212.661054486285
29 252 212.661054486285
82 282 214.189705105231
32 282 214.189705105231
41 772 216.683153282583
3 782 216.687319282583
41 782 216.687319282583
78 652 216.688673282583
3 652 216.688673282583
41 652 216.688673282583
19 762 216.690014282583
3 762 216.690014282583
41 762 216.690014282583
68 302 216.696875282583
41 302 216.696875282583
41 682 216.699571132947
46 321 228.167386377972
46 322 228.170094377972
32 632 228.171448377972
46 632 228.171448377972
32 391 228.172815377972
46 391 228.172815377972
32 392 228.174234377972
46 392 228.174234377972
96 732 230.673979250187
15 303 232.172682506109
27 253 252.170926658658
27 283 252.177722658658
92 393 252.179115658658
4 393 252.179115658658
27 393 252.179115658658
80 363 252.181836658658
27 363 252.181836658658
4 383 252.183242658658
27 383 252.183242658658
17 612 253.268359422884
61 702 253.269778422884
17 702 253.269778422884
29 623 255.261940618312
49 752 255.284517421798
10 752 255.284517421798
29 752 255.284517421798
10 343 255.285923421798
29 343 255.285923421798
10 753 255.287264421798
29 753 255.287264421798
50 263 256.259438579999
80 263 256.259438579999
75 773 256.363578555435
56 312 256.663904284136
56 313 256.666638284136
56 673 256.673499284136
98 643 275.188785780764
76 643 275.188785780764
9 643 275.188785780764
55 353 276.161701045869
45 333 276.191393242663
9 333 276.191393242663
55 333 276.191393242663
9 763 276.195494242663
55 763 276.195494242663
9 324 276.196835242663
55 324 276.196835242663
43 793 278.258303541256
80 793 278.258303541256
65 723 296.195446162171
56 723 296.195446162171
64 723 296.195446162171
18 342 296.660473661906
90 342 296.660473661906
90 254 296.666032661906
25 653 296.667425661906
90 653 296.667425661906
6 663 296.683764661906
64 663 296.683764661906
90 663 296.683764661906
90 644 296.685157661906
65 344 296.686498661906
90 344 296.686498661906
90 654 296.687878661906
90 774 296.757004662576
17 794 300.265139099967
67 783 300.267938099967
51 783 300.267938099967
17 783 300.267938099967
51 674 300.269292099967
17 674 300.269292099967
82 633 305.67868391464
63 373 305.68006391464
82 373 305.68006391464
82 634 305.68697691464
82 754 305.760874919023
11 603 305.767839919023
78 603 305.767839919023
82 603 305.767839919023
8 712 305.769232919023
78 712 305.769232919023
82 712 305.769232919023
8 713 305.770586919023
78 713 305.770586919023
82 713 305.770586919023
82 784 305.771940919023
83 664 305.774609919023
82 664 305.774609919023
83 264 316.165657715618
27 314 319.393143759019
14 314 319.393143759019
32 314 319.393143759019
70 304 321.258673227799
52 684 321.455534266614
32 684 321.455534266614
92 684 321.455534266614
92 683 322.766550920112
19 683 322.766550920112
92 714 322.767878920112
19 714 322.767878920112
87 364 324.159448286383
76 364 324.159448286383
87 374 324.160789286383
76 374 324.160789286383
57 384 327.755381026884
93 384 327.755381026884
82 384 327.755381026884
95 734 327.759495026884
93 734 327.759495026884
82 734 327.759495026884
4 624 327.762294026884
93 624 327.762294026884
82 624 327.762294026884
82 274 327.765067026884
23 354 327.766447026884
82 354 327.766447026884
82 275 327.770574026884
38 694 340.199349502657
46 694 340.199349502657
98 694 340.199349502657
81 285 341.281264181851
28 744 341.282618181851
81 744 341.282618181851
74 604 341.285340032017
28 604 341.285340032017
81 604 341.285340032017
90 614 341.287996882183
28 614 341.287996882183
81 614 341.287996882183
35 693 347.657036405929
48 724 347.661254405929
35 724 347.661254405929
28 745 360.256748205821
76 705 360.266395205821
28 705 360.266395205821
64 665 365.676511782768
3 665 365.676511782768
75 795 366.255389246863
70 735 366.263656246863
75 735 366.263656246863
90 613 366.270569246863
28 613 366.270569246863
75 613 366.270569246863
61 334 367.193763744122
90 334 367.193763744122
80 334 367.193763744122
90 625 367.267872739661
80 625 367.267872739661
62 375 367.269252739661
90 375 367.269252739661
80 375 367.269252739661
5 265 383.264161893346
94 265 383.264161893346
94 335 383.268327893346
33 675 383.269733893346
94 675 383.269733893346
94 775 383.271126893346
94 765 383.282140893346
94 365 383.293115893346
46 685 383.294443893346
36 685 383.294443893346
94 685 383.294443893346
84 255 387.260573227658
41 785 387.261901227658
84 785 387.261901227658
64 635 387.668253880481
3 635 387.668253880481
6 345 387.673656880481
3 345 387.673656880481
4 385 387.677757880481
6 385 387.677757880481
3 385 387.677757880481
90 615 388.26959269916
90 295 388.27502169916
90 605 388.28606169916
60 715 388.28880869916
90 715 388.28880869916
71 655 388.29018869916
60 655 388.29018869916
90 655 388.29018869916
48 695 404.181689075433
73 695 404.181689075433
60 695 404.181689075433
42 296 404.198132075433
47 296 404.198132075433
60 296 404.198132075433
9 395 408.169975468011
74 395 408.169975468011
54 395 408.169975468011
54 396 408.179583468011
11 266 415.177036065887
67 266 415.177036065887
1 266 415.177036065887
67 286 415.178364065887
1 286 415.178364065887
67 376 415.179718065887
1 376 415.179718065887
1 676 415.181059065887
32 746 415.182387065887
67 746 415.182387065887
1 746 415.182387065887
32 706 431.361011126353
17 305 431.362352126353
70 305 431.362352126353
32 305 431.362352126353
13 356 433.780469596952
67 356 433.780469596952
13 276 433.783294596952
67 276 433.783294596952
77 645 434.959828630589
77 646 434.970855630589
97 306 434.988600630589
77 306 434.988600630589
87 256 434.991334630589
77 256 434.991334630589
7 756 435.267803853484
78 756 435.267803853484
34 326 457.188853190314
34 327 457.195766190314
48 725 459.671095534244
75 725 459.671095534244
47 725 459.671095534244
48 726 459.672501534244
75 726 459.672501534244
47 726 459.672501534244
58 786 472.176893039226
77 786 472.176893039226
86 346 472.187933039226
1 346 472.187933039226
77 346 472.187933039226
35 736 473.676466919674
96 736 473.676466919674
96 357 473.763678337223
68 636 474.169141603619
68 257 474.182980603619
12 696 476.194361881517
17 696 476.194361881517
12 796 476.198514881517
87 796 476.198514881517
17 796 476.198514881517
74 297 476.259645191223
70 297 476.259645191223
17 297 476.259645191223
17 707 476.260999191223
14 267 476.263811191223
17 267 476.263811191223
88 315 478.185698547373
96 315 478.185698547373
40 315 478.185698547373
42 656 479.679220382725
88 656 479.679220382725
35 656 479.679220382725
1 347 481.256968113565
26 766 495.777277743184
14 766 495.777277743184
92 287 495.782823743184
14 287 495.782823743184
92 307 497.270230209251
72 367 498.164923936213
79 316 498.170391936213
55 316 498.170391936213
72 316 498.170391936213
18 617 498.188214936213
79 617 498.188214936213
72 617 498.188214936213
24 358 516.694931896251
87 626 516.763757122817
1 626 516.763757122817
24 626 516.763757122817
94 667 519.671173905913
94 666 519.672579905913
79 317 519.683515905913
74 317 519.683515905913
94 317 519.683515905913
94 737 519.694529905913
88 677 540.164500825082
55 677 540.164500825082
88 386 540.165828825082
55 386 540.165828825082
88 387 540.167208825082
55 387 540.167208825082
55 388 540.168549825082
69 607 543.358243161222
66 607 543.358243161222
66 698 543.359571161222
57 336 543.360990161222
66 336 543.360990161222
57 337 543.362409161222
66 337 543.362409161222
57 767 543.365156161222
66 767 543.365156161222
57 328 543.367877161222
66 328 543.367877161222
53 647 543.370637161222
57 647 543.370637161222
66 647 543.370637161222
66 657 543.372004161222
13 627 543.373358161222
49 627 543.373358161222
66 627 543.373358161222
65 618 543.376105161222
66 618 543.376105161222
85 348 543.377472161222
65 348 543.377472161222
66 348 543.377472161222
1 788 543.378852161222
65 788 543.378852161222
66 788 543.378852161222
87 658 543.380232161222
66 658 543.380232161222
12 377 544.967303634299
46 377 544.967303634299
30 268 545.772602054003
2 268 545.772602054003
86 268 545.772602054003
49 787 560.662144376657
49 288 560.663511376657
28 308 560.666258376657
49 308 560.666258376657
49 278 560.673054376657
53 697 560.690825376657
57 697 560.690825376657
49 697 560.690825376657
9 338 561.162866741201
99 678 561.16764736601
9 678 561.16764736601
99 688 561.17315436601
9 688 561.17315436601
99 277 561.17456036601
11 277 561.17456036601
9 277 561.17456036601
28 298 561.19122436601
49 298 561.19122436601
9 298 561.19122436601
49 668 561.19807236601
9 668 561.19807236601
95 797 561.683927531004
67 797 561.683927531004
90 718 561.690840531004
67 718 561.690840531004
67 318 561.693613531004
30 748 561.759626531078
52 748 561.759626531078
67 748 561.759626531078
69 397 580.165090088899
60 397 580.165090088899
5 638 580.170558088899
60 638 580.170558088899
5 398 580.171912088899
60 398 580.171912088899
5 708 580.174646088899
60 708 580.174646088899
48 758 580.184163088899
60 758 580.184163088899
60 399 580.185543088899
48 757 580.188264088899
31 757 580.188264088899
60 757 580.188264088899
93 778 605.257632796382
93 628 605.259012796382
14 258 605.263269796382
93 258 605.263269796382
14 259 605.264623796382
93 259 605.264623796382
83 768 605.266042796382
93 768 605.266042796382
83 339 605.274322796382
93 339 605.274322796382
93 749 605.278553796382
