6 60 25.155505426954
38 380 41.155587784658
15 150 51.655655677708
8 80 51.657035677708
20 200 51.658402677708
25 250 56.65547356995
32 320 56.65682756995
24 240 56.65824656995
39 390 63.655551030819
7 70 63.656918030819
0 0 63.658246030819
16 160 63.659639030819
23 230 63.661019030819
31 310 63.662360030819
10 100 63.665159030819
8 81 70.168086059682
12 120 72.160768081738
2 20 72.162161081738
11 110 75.664988487684
26 260 75.666316487684
3 30 75.671836487684
26 261 79.194633133167
18 180 79.195974133167
17 170 80.656881207676
21 210 80.658274207676
0 1 80.663690207676
29 291 80.666424207676
7 71 80.669210207676
29 290 96.659628503749
17 171 96.661021503749
9 90 96.677013049385
14 140 96.678354049385
22 220 96.679708049385
1 11 96.681088049385
4 40 96.682429049385
4 41 96.683822049385
9 91 96.685176049385
16 161 96.687988049385
31 311 96.689316049385
35 350 97.189620605922
27 270 97.195088605922
3 31 97.197770605922
1 10 98.682726686001
37 370 101.659804023543
30 300 101.661210023543
27 271 101.669477023543
34 340 101.670896023543
13 130 101.676390023543
35 351 101.677796023543
18 181 101.691544023543
14 141 105.682931324357
12 121 105.688386324357
11 111 119.673203650346
28 280 124.161068029006
28 281 124.162422029006
32 321 124.174725029006
30 301 124.178826029006
19 190 124.255504026274
19 191 124.256910026274
10 101 124.258303026274
13 131 124.265190026274
22 221 138.66011074121
20 201 138.668195988442
36 360 138.779824042462
36 361 138.78387316493
33 331 138.786594287398
38 381 138.789328409866
5 51 138.793403471814
13 132 138.856831123774
16 162 140.271745330147
33 330 142.178375063991
4 42 142.28310253644
6 62 154.19828032617
22 222 154.25976532978
23 231 154.26118432978
15 151 163.66193768211
33 332 170.671284397209
6 61 170.676752397209
20 202 170.692618683203
37 371 172.656752864111
14 142 172.763526530209
5 52 172.768930593973
31 312 172.772928125855
17 172 172.790402712143
18 182 172.793072244025
3 32 172.862159461577
24 241 172.873070062462
34 341 172.874424062462
7 72 173.755629652204
2 21 173.757022652204
2 22 173.758428652204
12 122 173.759808652204
37 372 173.762555652204
38 382 180.173770534338
0 2 180.184680534338
27 272 180.188833534338
39 392 180.197009534338
24 242 184.758384573083
11 112 193.159897103929
30 302 193.176470103929
34 342 207.764994075803
8 82 207.766361075803
1 12 207.767689075803
5 53 207.770449075803
12 123 207.780057075803
35 352 212.265389249411
29 292 212.655422938653
25 251 212.656802938653
25 252 212.658221938653
39 391 212.663728938653
36 362 212.673219938653
9 92 212.674638938653
29 293 212.692539938653
32 322 214.155484198795
26 262 214.165131198795
19 192 214.171953198795
32 323 214.174687198795
23 232 214.188409198795
15 152 214.191221198795
3 33 214.192549198795
15 153 225.680004331565
30 303 225.692359331565
10 102 227.188797631755
28 282 227.191557631755
21 211 230.66194868616
21 212 230.66332868616
16 163 237.682852709727
27 273 242.272591232729
25 253 242.275377232729
2 23 242.687438562291
18 183 242.755574564936
35 353 247.194453825084
1 13 247.19716213485
20 203 247.260968944709
10 103 247.285782944709
17 173 250.656868452609
22 223 250.665135452609
8 83 250.666554452609
31 313 250.667947452609
13 133 250.669288452609
17 174 250.688686452609
39 393 251.276272678072
11 113 251.290020678072
19 193 251.294160678072
10 104 251.295527678072
28 283 256.155550846458
36 363 256.177151614444
0 3 256.19463813794
28 284 256.255498846888
26 263 271.171801593923
32 324 271.174548593923
33 333 271.177308593923
9 94 271.178688593923
4 44 271.682002688543
24 243 271.683343688543
19 194 271.684684688543
3 34 277.671851892548
31 314 277.677293892548
23 233 280.180116158968
37 373 280.181483158968
9 93 280.182837158968
21 213 280.184230158968
14 143 280.185636158968
18 184 292.674122200323
24 244 292.675528200323
34 344 292.685175200323
11 114 295.171435491507
29 294 295.174221491507
20 204 295.178374491507
25 254 295.192213491507
23 234 295.195038491507
38 384 295.196418491507
34 343 300.172448457082
21 214 300.184868457082
38 383 300.187628457082
2 24 309.166336508963
16 164 309.167742508963
30 304 309.169122508963
0 4 309.170489508963
6 63 309.173210508963
7 73 309.196592508963
5 54 309.197998508963
13 134 311.66366203694
14 144 311.66500303694
26 264 311.66633103694
36 364 311.69365803694
37 374 311.69506403694
14 145 315.191094940147
15 154 317.682939696785
19 195 317.696752696785
22 224 322.165784284633
1 15 322.274353136993
27 275 322.277061652251
23 235 322.279770167509
11 115 322.282504682767
39 394 323.170213522889
12 124 323.172895547393
32 325 324.18571407055
27 274 332.192953986445
1 14 335.162338902873
10 105 335.166452902873
25 255 340.167962892883
16 165 341.695645322866
2 25 341.697012322866
34 345 341.698353322866
7 74 355.663038546167
28 285 355.672453951993
35 354 357.167239340377
35 355 357.171353340377
0 5 357.180961340377
20 205 357.182341340377
38 385 357.183734340377
21 215 357.185153340377
26 265 374.169969512089
33 334 374.183756512089
33 335 374.186529512089
13 135 374.190643512089
24 245 374.198884512089
15 155 374.256766534747
36 365 374.258159534747
37 375 374.260893534747
39 395 374.264942534747
4 45 381.258381253429
5 55 381.262521253429
6 65 384.67055422634
29 295 384.67190822634
8 85 384.67469422634
8 84 384.687010671088
9 95 384.692595965496
6 64 384.693937115836
22 225 384.759462445163
21 216 384.768928112069
12 125 388.265181258609
18 185 388.266587258609
36 366 392.18887752622
22 226 398.261135878411
17 175 398.263869878411
1 16 401.756907411262
2 26 401.761060411262
29 296 401.763833411262
18 186 407.19818404617
39 396 413.175156232151
13 136 428.655425204022
35 356 428.662299204022
10 106 428.663666204022
13 137 428.688194204022
7 75 430.16860475046
26 266 430.16999775046
30 305 430.17411175046
17 176 430.17691075046
30 306 430.17830375046
27 276 430.18102475046
28 286 430.18509975046
11 116 433.168271943333
37 376 433.175340943333
32 326 442.196735044759
16 166 442.199469044759
20 206 442.258153045745
0 6 442.259507045745
32 327 442.276002045745
15 156 455.190957302209
15 157 455.255695160508
25 257 455.257036160508
4 46 457.156879529121
34 346 457.158246529121
19 196 459.674525878364
25 256 469.17386436711
5 57 469.17943636711
12 126 469.18080336711
17 177 469.18219636711
10 107 472.794553694185
14 146 477.26536822339
14 147 477.26669622339
38 386 477.26808922339
19 197 477.26946922339
12 127 477.27088822339
35 357 487.656906326223
31 315 487.667131302204
24 247 487.676518703313
5 56 487.680671703313
22 227 487.687532703313
2 27 487.688873703313
33 336 487.691581703313
14 148 497.689502113225
30 307 508.195172689742
28 287 508.196591689742
26 267 508.199338689742
0 7 514.669282213479
16 167 514.670675213479
20 207 514.677549213479
31 317 514.678877213479
24 246 514.682978213479
18 187 514.687105213479
31 316 514.698145213479
27 277 514.699525213479
29 297 514.755574214272
24 248 518.167794013244
2 28 529.158134581993
26 268 529.163628581993
29 298 529.165034581993
6 67 536.683839622502
11 117 536.687862815856
11 118 536.69053200921
15 158 536.693240202564
33 337 536.698630395918
23 238 536.75946202444
21 218 536.764878223379
27 278 547.659256460488
18 188 551.668121273872
37 377 551.676181076634
35 358 551.684280682158
39 397 551.689672287682
37 378 551.693722090444
34 348 551.696404893206
19 198 551.697771893206
23 237 551.756820343397
22 228 551.759555162831
20 208 551.763591982265
17 178 551.768995801699
32 328 551.771730621133
12 128 551.773123621133
0 8 560.16889457797
11 119 560.19644257797
16 168 561.181676268997
21 217 561.183004268997
38 387 561.189904268997
33 338 561.191284268997
38 388 561.194031268997
39 398 577.675357306802
4 47 577.682257306802
31 318 577.684978306802
31 319 577.690472306802
16 169 577.694677306802
39 399 577.696096306802
21 219 577.758222307499
25 258 598.175261992649
14 149 598.183437992649
25 259 598.184843992649
19 199 598.187564992649
33 339 598.188892992649
