62 450 53.658366906036
63 450 53.658366906036
62 570 53.659772906036
63 570 53.659772906036
71 470 57.656819448251
71 490 57.658199448251
49 600 68.658239543473
65 790 76.65703061651
79 480 76.65837161651
65 480 76.65837161651
69 620 78.759496340571
69 530 78.767685340571
53 780 83.868973175867
79 780 83.868973175867
56 730 86.176893016719
27 730 86.176893016719
30 670 86.178273016719
3 670 86.178273016719
27 670 86.178273016719
24 520 92.156888600304
24 550 92.160989600304
24 580 92.162369600304
24 700 92.163788600304
70 500 92.165194600304
24 500 92.165194600304
70 590 92.166613600304
24 590 92.166613600304
24 770 92.168032600304
24 560 92.169399600304
56 660 92.170740600304
24 660 92.170740600304
54 680 101.273179472658
3 680 101.273179472658
75 510 103.656982645855
75 760 103.673321645855
54 720 109.675732225557
35 720 109.675732225557
72 740 109.677073225557
54 740 109.677073225557
35 740 109.677073225557
35 541 109.679794225557
69 540 115.160673193802
70 601 123.297275505654
4 531 125.184127934272
99 731 125.185481934272
4 731 125.185481934272
24 491 128.656823709068
80 561 130.679028122838
80 681 130.683168122838
13 581 130.691344122838
80 581 130.691344122838
13 640 132.282402212098
16 640 132.282402212098
13 641 132.285123441002
16 641 132.285123441002
36 461 135.162321078297
50 461 135.162321078297
38 521 135.163740078297
50 521 135.163740078297
13 551 139.16650516308
58 551 139.16650516308
58 761 139.19555016308
91 781 139.759645134536
2 781 139.759645134536
13 781 139.759645134536
17 711 145.67952745775
93 661 145.769366456859
17 661 145.769366456859
93 651 145.776266456859
17 651 145.776266456859
65 451 145.777672456859
93 451 145.777672456859
17 451 145.777672456859
45 791 159.25550883082
54 791 159.25550883082
54 452 159.25690183082
36 771 168.671909900228
22 771 168.671909900228
6 771 168.671909900228
85 721 168.692440900228
33 721 168.692440900228
6 721 168.692440900228
55 591 168.696606900228
20 591 168.696606900228
6 591 168.696606900228
55 671 168.698012900228
20 671 168.698012900228
6 671 168.698012900228
99 562 176.784785398531
99 672 176.787532398531
57 621 182.656963621267
93 512 187.362151749736
64 652 208.158502905891
64 552 208.159869905891
55 772 208.163957905891
64 772 208.163957905891
55 782 208.166769905891
64 782 208.166769905891
34 532 208.172302905891
64 532 208.172302905891
64 722 208.176377905891
72 612 208.177744905891
64 612 208.177744905891
8 522 208.179072905891
72 522 208.179072905891
64 522 208.179072905891
8 792 208.180452905891
72 792 208.180452905891
64 792 208.180452905891
52 492 208.183225905891
40 492 208.183225905891
64 492 208.183225905891
29 712 211.272598355128
12 741 211.276647355128
29 741 211.276647355128
12 742 211.284888355128
29 742 211.284888355128
32 462 219.66785849754
46 472 219.67060549754
32 472 219.67060549754
39 631 219.67198549754
32 631 219.67198549754
39 632 219.67336549754
32 632 219.67336549754
15 483 229.289620487956
73 582 234.656945930976
73 502 234.659653930976
61 702 234.681294195039
96 702 234.681294195039
74 503 235.177315980335
17 583 244.275400473247
3 573 244.287560473247
17 573 244.287560473247
11 682 245.686329568459
88 682 245.686329568459
11 602 245.688998871378
88 602 245.688998871378
29 602 245.688998871378
29 623 245.69841330173
10 592 245.774164375516
75 592 245.774164375516
29 592 245.774164375516
10 762 245.778187848934
75 762 245.778187848934
29 762 245.778187848934
95 753 245.78628679577
29 753 245.78628679577
3 693 245.787653974028
17 693 245.787653974028
88 693 245.787653974028
78 683 248.172784741399
56 683 248.172784741399
50 663 254.797435156494
80 663 254.797435156494
80 763 254.859740223884
4 523 254.868059223884
28 523 254.868059223884
80 523 254.868059223884
80 553 254.870806223884
49 752 254.873605223884
55 752 254.873605223884
80 752 254.873605223884
55 493 254.876300223884
80 493 254.876300223884
55 593 254.881807223884
80 593 254.881807223884
75 513 256.758245539024
75 773 256.782968539024
76 633 267.276285745597
32 633 267.276285745597
98 643 269.695438831115
32 643 269.695438831115
55 643 269.695438831115
64 564 278.259792147395
25 524 292.194353506424
77 524 292.194353506424
17 524 292.194353506424
6 453 292.195694506424
77 453 292.195694506424
17 453 292.195694506424
17 774 292.197061506424
17 563 294.262372275259
79 563 294.262372275259
50 684 299.179405219233
50 734 299.184925219233
50 674 299.194559219233
67 514 299.195887219233
50 514 299.195887219233
51 653 300.18269633666
65 723 300.188061079902
51 723 300.188061079902
67 783 300.255383623947
51 783 300.255383623947
11 603 300.256724623947
67 603 300.256724623947
51 603 300.256724623947
9 613 300.264772131711
51 613 300.264772131711
78 673 300.685632253853
82 673 300.685632253853
78 713 300.689642253853
82 713 300.689642253853
82 784 300.693717253853
5 634 300.756842255446
83 634 300.756842255446
82 634 300.756842255446
66 754 300.758261255446
83 754 300.758261255446
82 754 300.758261255446
30 714 302.971909372187
14 714 302.971909372187
27 793 302.974578372187
30 793 302.974578372187
14 793 302.974578372187
30 703 302.980111372187
92 703 302.980111372187
14 703 302.980111372187
83 664 304.684457889922
8 664 304.684457889922
1 764 309.794209862343
25 764 309.794209862343
19 764 309.794209862343
0 471 311.273421554974
70 471 311.273421554974
32 471 311.273421554974
70 544 311.274775554974
32 544 311.274775554974
32 704 311.276129554974
70 543 312.995699474853
30 543 312.995699474853
92 543 312.995699474853
17 794 314.192726430715
96 473 324.188308857906
10 473 324.188308857906
76 473 324.188308857906
10 533 324.189636857906
76 533 324.189636857906
10 534 324.191029857906
76 534 324.191029857906
10 574 324.192370857906
76 574 324.192370857906
57 654 324.193724857906
10 654 324.193724857906
76 654 324.193724857906
98 474 333.169237552255
98 464 333.261016547738
98 465 333.265182547738
28 744 346.967823546238
74 604 346.969216546238
28 604 346.969216546238
64 614 346.971885546238
28 614 346.971885546238
7 454 346.973265546238
74 454 346.973265546238
28 454 346.973265546238
38 724 350.19402435209
27 724 350.19402435209
15 494 350.19544335209
38 494 350.19544335209
27 494 350.19544335209
15 694 350.19677135209
38 694 350.19677135209
27 694 350.19677135209
38 594 350.19819035209
27 594 350.19819035209
56 484 360.28014046568
73 484 360.28014046568
35 484 360.28014046568
35 735 360.28152046568
34 655 363.373260502084
6 655 363.373260502084
35 595 363.392450502084
6 595 363.392450502084
3 635 373.669312531857
63 645 373.670640531857
3 645 373.670640531857
70 755 376.299877807401
94 755 376.299877807401
79 625 376.35829880305
14 625 376.35829880305
94 625 376.35829880305
94 765 376.35969180305
22 455 378.197941075803
42 455 378.197941075803
81 455 378.197941075803
4 624 385.272812106591
1 624 385.272812106591
8 624 385.272812106591
1 615 385.274205106591
8 615 385.274205106591
75 675 385.293551106591
7 675 385.293551106591
8 675 385.293551106591
8 585 388.199628057734
90 585 388.199628057734
84 505 388.262567210681
90 505 388.262567210681
84 525 388.263934210681
90 525 388.263934210681
84 575 388.266733210681
90 575 388.266733210681
57 535 388.268087210681
84 535 388.268087210681
90 535 388.268087210681
36 545 397.759376647378
36 685 397.762045647378
46 565 397.766198647378
36 565 397.766198647378
36 795 397.771679647378
36 495 397.777173647378
95 775 397.781378647378
49 775 397.781378647378
36 775 397.781378647378
59 725 397.782719647378
49 725 397.782719647378
36 725 397.782719647378
9 695 399.767954899263
54 695 399.767954899263
9 475 399.770649899263
54 475 399.770649899263
47 705 399.773435899263
9 705 399.773435899263
54 705 399.773435899263
60 715 404.290880423774
98 715 404.290880423774
98 456 404.297547240631
65 555 409.6659056344
71 555 409.6659056344
75 555 409.6659056344
71 665 409.6700586344
75 665 409.6700586344
1 696 423.176803735872
1 676 423.182284735872
77 506 434.962515936708
77 785 434.999853936708
77 786 435.055654941208
78 576 435.173362451021
8 566 435.185821451021
78 566 435.185821451021
90 646 435.198280451021
78 646 435.198280451021
32 485 444.192546547961
32 466 444.255520550393
32 496 444.258267550393
32 656 444.265089550393
32 706 444.271976550393
22 476 444.273395550393
32 476 444.273395550393
47 626 454.271784306244
84 626 454.271784306244
88 796 463.761531854228
47 796 463.761531854228
88 766 463.762911854228
47 766 463.762911854228
88 726 463.765671854228
47 726 463.765671854228
88 746 463.767090854228
47 746 463.767090854228
62 486 463.771165854228
88 486 463.771165854228
47 486 463.771165854228
89 515 465.77047575778
97 515 465.77047575778
89 516 465.77182975778
97 516 465.77182975778
6 716 474.275732382075
68 716 474.275732382075
6 606 474.277086382075
68 606 474.277086382075
96 666 482.165259425944
35 736 482.172107425944
96 736 482.172107425944
14 556 491.685438351778
14 557 491.696439351778
14 707 491.697845351778
31 457 491.756997346327
70 457 491.756997346327
14 457 491.756997346327
31 747 491.758416346327
70 747 491.758416346327
14 747 491.758416346327
92 537 491.767894346327
14 537 491.767894346327
46 616 498.175830369577
72 616 498.175830369577
46 527 498.178512927709
72 527 498.178512927709
72 677 498.179840927709
31 536 498.185271043973
55 536 498.185271043973
72 536 498.185271043973
72 737 498.189294602105
76 637 498.191989896898
33 637 498.191989896898
7 637 498.191989896898
22 636 498.264958498091
7 636 498.264958498091
95 617 498.266338752166
72 617 498.266338752166
95 797 498.27034929186
72 797 498.27034929186
0 467 501.173120762066
51 467 501.173120762066
73 587 519.175542895593
45 657 526.169452580514
24 657 526.169452580514
39 697 526.173605580514
24 697 526.173605580514
55 487 541.181610812077
16 547 541.188406812077
71 547 541.188406812077
55 547 541.188406812077
55 718 541.189747812077
33 767 541.192481812077
7 767 541.192481812077
55 767 541.192481812077
99 528 544.991731850785
97 528 544.991731850785
99 688 544.993111850785
97 688 544.993111850785
30 497 551.787864290223
2 497 551.787864290223
88 497 551.787864290223
59 787 551.789283290223
2 787 551.789283290223
88 787 551.789283290223
2 597 551.798906254449
28 597 551.798906254449
88 597 551.798906254449
27 757 553.260830346249
66 757 553.260830346249
87 627 553.274552346249
49 627 553.274552346249
66 627 553.274552346249
66 658 553.279994346249
87 498 553.289051530111
66 498 553.289051530111
87 518 553.290418530111
66 518 553.290418530111
1 647 553.291746530111
66 647 553.291746530111
64 507 553.293139530111
1 507 553.293139530111
66 507 553.293139530111
69 607 553.294545530111
1 607 553.294545530111
66 607 553.294545530111
1 698 553.295899530111
66 698 553.295899530111
66 577 553.297305530111
57 567 553.298685530111
66 567 553.298685530111
66 578 553.355512346905
66 468 553.362373346905
22 568 558.256827706884
14 568 558.256827706884
94 568 558.256827706884
90 678 563.199595671783
9 678 563.199595671783
90 548 563.255659312115
9 548 563.255659312115
21 478 563.257078312115
90 478 563.257078312115
9 478 563.257078312115
35 748 578.162881103202
39 748 578.162881103202
39 708 578.168336103202
39 608 578.169716103202
72 538 604.158278251539
72 479 604.159632251539
93 458 605.260192357332
93 618 605.262978357332
93 628 605.264345357332
50 768 605.267053357332
83 768 605.267053357332
93 768 605.267053357332
