85 710 74.160992327469
60 710 74.160992327469
65 790 76.656889876212
69 620 78.756770967687
24 770 79.260213954039
53 780 83.160649328413
29 730 85.6707243367
73 660 85.6721043367
29 660 85.6721043367
75 700 103.656927344713
75 760 103.663775344713
70 791 123.288757282363
4 720 124.159184612392
4 740 124.160538612392
4 680 124.163311612392
80 750 125.170563419636
0 750 125.170563419636
80 681 125.177450419636
0 681 125.177450419636
13 641 128.176368313602
58 641 128.176368313602
80 641 128.176368313602
88 601 130.171017938594
18 601 130.171017938594
18 701 130.186184938594
97 640 132.678251077641
13 640 132.678251077641
16 640 132.678251077641
98 670 132.681024077641
58 670 132.681024077641
16 670 132.681024077641
93 651 134.66832327561
77 631 136.78795578396
36 631 136.78795578396
13 631 136.78795578396
83 721 136.791991982936
13 721 136.791991982936
58 761 137.191946360311
93 661 145.356846961177
24 661 145.356846961177
17 711 145.664158892596
1 731 152.779600724044
6 731 152.779600724044
45 731 152.779600724044
22 741 152.791942724044
45 741 152.791942724044
57 621 164.66188776394
48 621 164.66188776394
33 771 173.194781378115
6 771 173.194781378115
12 781 177.163775929094
4 781 177.163775929094
38 781 177.163775929094
20 662 181.259551445749
30 712 194.173629324552
29 622 194.174970324552
71 622 194.174970324552
30 622 194.174970324552
12 742 207.284325549197
17 742 207.284325549197
62 742 207.284325549197
21 732 207.298099549197
50 732 207.298099549197
62 732 207.298099549197
21 702 207.299427549197
50 702 207.299427549197
62 702 207.299427549197
64 652 208.160925005298
22 792 208.692337794473
69 792 208.692337794473
72 612 208.693704794473
22 612 208.693704794473
69 612 208.693704794473
41 602 219.665324117031
2 772 219.674893117031
41 772 219.674893117031
2 782 219.677679117031
41 782 219.677679117031
41 682 219.687248117031
61 752 234.667996798458
73 752 234.667996798458
61 722 234.669389798458
73 722 234.669389798458
26 632 235.163761583674
74 632 235.163761583674
3 762 236.987307089986
29 623 250.16277031571
80 763 254.260954357242
27 763 254.260954357242
76 633 254.262334357242
80 633 254.262334357242
27 633 254.262334357242
56 673 254.87930500247
17 673 254.87930500247
56 783 254.88336700247
17 783 254.88336700247
98 643 269.175358828437
32 643 269.175358828437
9 613 269.188950828437
32 613 269.188950828437
10 753 269.262382824465
32 753 269.262382824465
10 773 269.265090824465
32 773 269.265090824465
34 653 308.165914762391
50 653 308.165914762391
52 683 308.170054762391
50 683 308.170054762391
52 684 308.171447762391
50 684 308.171447762391
11 603 308.178386762391
67 603 308.178386762391
50 603 308.178386762391
50 674 308.179740762391
43 713 308.187903762391
52 713 308.187903762391
50 713 308.187903762391
6 663 309.170843832473
19 663 309.170843832473
65 723 309.181495932122
19 723 309.181495932122
19 774 309.188202293942
17 793 309.190897372809
92 714 309.763737912087
14 714 309.763737912087
17 794 309.788603912087
14 794 309.788603912087
58 664 312.781172376832
78 634 312.785273376832
83 634 312.785273376832
58 634 312.785273376832
83 784 312.786627376832
58 784 312.786627376832
96 764 312.856932379468
8 764 312.856932379468
58 764 312.856932379468
4 624 331.68024063202
53 624 331.68024063202
10 624 331.68024063202
53 654 331.68156863202
10 654 331.68156863202
81 703 351.672552311901
27 703 351.672552311901
38 734 351.682147311901
6 734 351.682147311901
27 734 351.682147311901
74 604 356.372088585409
28 604 356.372088585409
35 735 360.258150454485
3 614 370.16999014593
10 744 370.18231914593
3 744 370.18231914593
74 644 370.18510514593
10 644 370.18510514593
3 644 370.18510514593
10 745 370.18643314593
3 745 370.18643314593
31 625 382.184537618432
21 625 382.184537618432
8 655 382.187336618432
62 655 382.187336618432
21 655 382.187336618432
52 785 392.188985356391
3 785 392.188985356391
46 685 393.66373275434
36 685 393.66373275434
15 695 393.66511275434
36 695 393.66511275434
14 725 393.66787275434
36 725 393.66787275434
14 795 393.66923975434
36 795 393.66923975434
14 765 393.67056775434
36 765 393.67056775434
14 705 393.67198675434
36 705 393.67198675434
33 754 393.68154275434
47 754 393.68154275434
36 754 393.68154275434
47 675 393.68569575434
36 675 393.68569575434
47 775 393.68706275434
36 775 393.68706275434
60 715 404.159742300917
38 615 404.161148300917
60 615 404.161148300917
1 694 415.162614993637
1 676 415.177573993637
78 645 435.162248702678
64 635 435.163589702678
78 635 435.163589702678
78 776 435.164956702678
64 665 435.167729702678
77 665 435.167729702678
78 665 435.167729702678
77 646 435.169083702678
78 646 435.169083702678
32 656 444.393083718775
32 706 444.395791718775
34 716 480.958394684033
1 716 480.958394684033
77 716 480.958394684033
35 736 482.356947050068
96 736 482.356947050068
17 636 485.772630920455
17 627 485.775390920455
3 626 485.776770920455
17 626 485.776770920455
22 637 485.778098920455
17 637 485.778098920455
74 796 485.780884920455
70 796 485.780884920455
17 796 485.780884920455
17 707 485.782212920455
18 616 485.783579920455
14 616 485.783579920455
17 616 485.783579920455
14 746 485.784959920455
17 746 485.784959920455
74 726 485.787732920455
14 726 485.787732920455
17 726 485.787732920455
44 657 492.2788919023
92 657 492.2788919023
14 657 492.2788919023
72 737 498.169138835574
79 696 498.171911835574
55 696 498.171911835574
72 696 498.171911835574
72 797 498.174658835574
79 617 498.176012835574
72 617 498.176012835574
52 677 541.290238263382
55 677 541.290238263382
23 687 541.295745263382
71 687 541.295745263382
55 687 541.295745263382
55 718 541.297125263382
7 717 541.359723686202
66 757 543.256809924981
75 747 543.259556924981
66 747 543.259556924981
66 698 543.277457924981
8 766 543.278785924981
44 766 543.278785924981
66 766 543.278785924981
53 697 543.280152924981
44 697 543.280152924981
66 697 543.280152924981
53 647 543.281480924981
44 647 543.281480924981
66 647 543.281480924981
9 607 543.282808924981
8 607 543.282808924981
66 607 543.282808924981
65 618 543.285568924981
66 618 543.285568924981
66 658 543.286987924981
59 787 544.159563127109
2 787 544.159563127109
67 688 563.762371446853
67 738 563.763712446853
67 608 563.766511446853
60 667 563.767865446853
67 667 563.767865446853
39 708 563.774739446853
60 708 563.774739446853
67 708 563.774739446853
60 638 563.778853446853
54 638 563.778853446853
67 638 563.778853446853
48 758 573.791588049361
60 758 573.791588049361
58 798 573.795741049361
60 798 573.795741049361
44 748 573.798449049361
63 748 573.798449049361
60 748 573.798449049361
21 767 573.855550299462
63 767 573.855550299462
60 767 573.855550299462
74 666 586.184982146637
44 666 586.184982146637
21 666 586.184982146637
