46 460 45.155359630017
61 610 52.755657524077
63 630 53.65550265664
45 450 53.65823665664
57 570 53.65965565664
71 710 57.655359692835
47 470 57.656778692835
49 490 57.658171692835
60 600 68.658363343381
65 650 76.65544110546
79 790 76.65678210546
48 480 76.65814910546
44 440 76.65954210546
69 690 78.755449904905
78 780 83.869224755608
52 520 92.158232975557
40 400 92.159573975557
43 430 92.160953975557
70 700 92.165015975557
50 500 92.166421975557
56 560 92.170626975557
66 660 92.172006975557
73 730 92.176081975557
62 620 92.181445975557
55 550 101.263560977118
58 580 101.264979977118
59 590 101.266398977118
77 770 101.267726977118
67 670 101.269067977118
40 401 101.271853977118
68 680 101.275967977118
75 750 103.655639728544
51 510 103.657006728544
76 760 103.679138728544
49 491 103.687548728544
75 751 103.688954728544
54 540 104.991999516731
54 541 104.997350607719
69 691 104.998691607719
53 530 105.058235829175
42 420 105.059602829175
42 421 105.060969829175
79 791 121.855541819731
70 701 121.862415819731
53 531 121.872179819731
74 740 125.161335211016
43 431 125.177947211016
41 410 130.65862038057
56 561 130.67368338057
58 581 130.69288638057
72 720 132.167771756593
68 681 132.194671272835
55 551 132.280876798042
64 641 132.284926026946
64 640 139.661330103114
76 761 139.762443102916
78 781 139.765203102916
77 771 142.258190730405
59 591 142.260950730405
74 741 142.262317730405
63 631 142.263658730405
45 451 154.755419546136
73 731 154.776314546136
45 452 154.780376546136
48 481 156.255481849451
71 711 158.975121609701
66 661 158.991499609701
44 441 158.999766609701
41 411 159.055414183855
52 521 159.062327183855
48 482 159.067847183855
50 501 168.679341246335
46 461 168.684913246335
72 721 168.686306246335
65 651 168.687647246335
67 671 168.689001246335
67 672 178.355392387839
43 432 180.177087939584
56 562 180.181188939584
51 511 180.188049939584
51 512 180.192176939584
50 502 180.193504939584
69 692 209.860731770463
44 442 209.864871770463
57 571 209.867709770463
62 622 209.870469770463
62 621 212.666943486285
71 712 212.672411486285
68 682 212.673804486285
60 601 212.686250486285
74 742 212.687669486285
40 402 218.158227281463
66 662 218.163695281463
53 532 218.165062281463
64 642 218.166403281463
55 552 218.167822281463
59 592 218.170647281463
54 542 218.172066281463
40 403 218.174878281463
60 602 218.181726281463
41 412 218.183145281463
47 472 218.184486281463
46 462 218.185905281463
76 762 218.187324281463
77 772 218.188730281463
78 782 218.191425281463
63 632 219.671143859187
46 463 224.1772381191
41 413 226.190261817939
57 572 226.658821048197
52 522 226.671150048197
70 702 226.693230048197
61 611 226.694636048197
61 612 226.695977048197
73 732 226.698685048197
72 722 229.267240582075
49 492 229.268581582075
48 483 229.293057582075
42 422 234.699190631292
65 652 245.696690966219
52 523 245.758130968364
55 553 245.760877968364
59 593 245.762244968364
42 423 249.173011086827
75 753 254.798282013815
77 773 254.861102009842
62 623 254.865177009842
76 763 255.767712444728
64 643 262.858108309325
66 663 262.866258985309
40 404 262.867677985309
78 783 263.673190894841
63 633 284.79406919404
45 453 284.79956319404
43 433 285.657009682877
71 713 285.659743682877
43 434 285.662529682877
44 443 285.665315682877
49 493 296.662867092813
65 653 296.666968092813
53 533 296.668296092813
72 723 296.669702092813
68 683 296.677930092813
50 503 296.679310092813
50 504 296.683346092813
52 524 296.684726092813
77 774 296.686054092813
75 752 300.66510822603
42 424 300.67760622603
78 784 300.68173322603
45 454 300.68312622603
51 513 306.691896413488
51 514 306.693276413488
69 693 306.694617413488
76 764 308.186256487833
47 473 309.787426966058
47 474 309.790147966058
57 573 310.26001078291
49 494 310.292481261686
72 724 310.295176341482
69 694 310.297845421278
61 613 312.192081149745
74 743 315.186911308196
71 714 315.190960804296
63 634 315.275830365403
53 534 331.794962956294
46 464 331.796368956294
48 484 331.797787956294
46 465 333.194199085209
44 444 336.168251286442
42 425 336.183392286442
65 654 351.670605652119
59 594 351.691201652119
59 595 357.187955468022
62 624 376.293462098442
62 625 376.294855098442
65 655 376.296222098442
44 445 376.297563098442
45 455 376.298904098442
63 635 387.662064033723
54 543 387.666217033723
71 715 395.169303899779
69 695 397.767258371904
49 495 397.769979371904
47 475 397.774106371904
78 785 397.776814371904
43 435 397.779587371904
72 725 397.780915371904
41 414 398.273452442963
53 535 398.274806442963
77 775 398.276199442963
40 405 423.160792288814
48 485 423.163487288814
46 466 439.180052349428
44 446 439.184140349428
42 426 439.185520349428
49 496 439.189634349428
48 486 439.191001349428
65 656 439.192407349428
47 476 439.193761349428
40 407 454.180032058884
40 406 462.160370857515
77 776 462.163156857515
78 786 462.164549857515
47 477 463.775935047519
72 726 463.778643557179
41 416 467.165919963214
71 716 467.168640963214
69 696 479.168509099719
43 437 479.174003099719
45 456 479.176750099719
62 626 479.180890099719
62 627 479.182283099719
41 415 492.255519352761
53 536 492.267757352761
63 636 492.269137352761
42 427 509.197932717398
44 447 509.199299717398
45 457 509.258182721383
49 497 509.259510721383
63 637 532.963597037958
46 467 536.270582335309
72 727 536.281648335309
48 488 536.283067335309
43 438 536.284447335309
46 468 544.965713634299
71 718 544.991302862227
48 487 552.264663632908
40 408 552.673452488997
41 417 552.674806488997
42 428 553.772043678939
62 628 553.773384678939
47 478 560.68469299435
63 638 574.659192948351
49 498 574.666001948351
65 658 596.377178990866
44 448 596.378584990866
53 537 596.379912990866
53 538 596.381266990866
69 698 596.384000990866
44 449 596.386799990866
63 639 596.390887990866
65 659 596.395079990866
48 489 596.396459990866
46 469 596.397839990866
45 458 605.259437134372
