38 380 41.155535929681
8 80 48.157510571187
63 630 53.655461068769
39 390 63.655631561879
49 490 63.657011561879
8 81 70.159517967434
69 690 78.755379705934
3 30 78.756746705934
53 530 78.763581705934
18 180 78.764922705934
24 240 78.766328705934
14 140 78.767669705934
29 290 80.655401724178
19 190 80.66350130295
48 480 80.667551092336
79 790 83.855499834552
33 330 89.665089444597
44 440 97.671970001392
94 940 97.673324001392
73 730 102.659644532419
54 541 111.675803835875
58 580 111.689306020844
4 41 112.157007441902
3 31 112.178821424238
78 780 112.188481081292
28 281 112.19254333888
68 680 112.197933596468
34 340 112.199261596468
74 740 112.25950678163
9 91 112.26086078163
69 691 112.26360778163
9 90 114.97672229306
28 280 114.97949529306
4 40 114.98359629306
53 531 114.99873729306
59 590 115.00015629306
29 291 115.058301296603
79 791 121.855551898675
84 840 124.166984664376
18 181 124.168390664376
39 391 124.171189664376
68 681 124.176644664376
43 430 124.178011664376
14 141 124.180797664376
54 540 124.183596664376
43 431 124.184976664376
63 631 124.187788664376
38 381 124.189168664376
13 130 124.194701664376
13 131 124.197396664376
89 890 124.198776664376
98 980 124.255465661644
33 331 124.256819661644
64 640 124.258199661644
93 930 134.655392852144
83 830 134.658152852144
34 341 134.663607852144
93 931 134.664987852144
99 990 134.666380852144
19 191 134.671913852144
73 731 134.673254852144
99 991 134.674634852144
64 641 138.66511536811
13 132 138.69134836811
83 831 138.69406936811
59 591 138.69685536811
74 741 138.69819636811
58 581 139.164249245584
88 880 166.757780316055
23 231 166.786625808227
18 182 166.787979808227
93 932 166.794892808227
33 332 170.669135469292
94 941 170.75819946552
38 382 178.679730679329
24 241 178.685146679329
78 781 178.689221679329
84 841 178.690588679329
89 891 178.691929679329
14 142 178.693270679329
98 981 178.694663679329
43 432 178.696004679329
39 392 178.697371679329
4 42 178.755496679333
68 682 200.163910247242
48 481 200.180315843417
9 92 200.191839898932
74 742 200.193232898932
23 232 202.671794442087
69 692 210.766403606799
73 732 210.770595606799
58 582 210.771975606799
34 342 210.792532606799
48 482 210.856798610889
98 982 221.691717339792
59 592 221.698565339792
24 242 221.758327338579
19 192 222.168460306348
84 842 222.176688306348
83 832 222.178107306348
38 383 222.198885306348
63 632 222.255478571156
29 292 224.965963203131
3 32 224.968632203131
28 282 229.666278362123
54 542 229.669038362123
8 82 229.670405362123
49 491 229.671772362123
49 492 229.673113362123
88 881 229.674467362123
88 882 229.675821362123
64 642 229.677188362123
53 532 229.678555362123
78 782 229.682760362123
3 33 229.684179362123
89 892 229.697862362123
94 942 231.669227757235
13 133 234.658088838013
58 583 234.659416838013
48 483 242.183463063632
88 883 242.184843063632
59 593 247.685566001211
39 393 247.686933001211
89 893 247.699262001211
28 283 256.156704722555
28 284 256.163449103429
63 633 256.170245347919
4 43 256.171586347919
99 992 256.175713347919
19 193 258.669704025225
84 843 268.681245063908
8 83 268.685281787822
98 983 268.689331511736
9 93 268.772044888778
43 433 276.173242171603
43 434 285.662571650822
3 34 285.663951650822
18 184 300.165044192593
24 244 300.166437192593
24 243 300.173246192593
69 693 300.175967192593
19 194 300.177321192593
83 833 305.655604861929
8 85 310.290448286271
14 144 310.294523286271
83 834 310.295864286271
68 683 310.299939286271
89 894 310.35549504342
14 143 310.35690104342
98 984 317.169329590406
63 634 334.662045762421
9 94 334.664805762421
78 783 334.666211762421
8 84 334.667630762421
78 784 334.669036762421
23 234 334.671770762421
53 533 334.675923762421
73 734 334.677277762421
4 44 334.678631762421
4 45 334.688135762421
38 384 334.690843762421
23 235 334.692184762421
13 134 334.694879762421
58 584 334.696233762421
94 944 335.163452343142
34 344 335.17110399429
24 245 335.17513999429
68 684 335.18477399429
69 694 354.189679208338
94 943 354.191020208338
18 183 354.196527208338
53 534 354.257090200636
59 594 354.258418200636
88 884 354.262220543787
93 933 354.263600543787
93 934 354.264941543787
59 595 354.267714543787
43 435 354.270396543787
38 385 354.283975543787
28 285 357.180808444025
98 985 357.182201444025
39 394 357.198631444025
23 233 371.671222118094
34 345 371.755469146242
34 343 371.764936381608
8 86 371.770392871852
3 35 373.658343813388
89 895 373.662431813388
3 36 373.663811813388
58 585 376.690164679833
23 236 385.6746576321
33 335 395.755531810721
69 695 398.16245653744
68 685 398.16926553744
4 46 405.187866781928
18 185 405.197383781928
18 186 405.198711781928
94 945 405.256864780738
39 396 422.667741119751
83 835 424.67731539756
13 135 424.68014039756
33 334 424.68430639756
78 785 430.181060569267
28 286 430.182427569267
39 395 430.185239569267
78 786 430.188064569267
58 586 430.189392569267
13 136 432.664191382464
63 635 432.668357382464
13 137 432.671039382464
93 935 432.676572382464
88 885 435.270270037242
48 485 441.695140195574
53 535 464.293564939699
93 936 464.360979937086
89 896 464.362398937086
98 986 464.365158937086
43 437 464.366538937086
68 686 474.158169407384
63 636 474.162309407384
8 87 474.163663407384
68 687 474.177489407384
73 735 476.699529591169
73 736 476.758418416768
34 346 476.759811416768
88 886 476.766711416768
48 486 476.769471416768
3 37 481.665902115796
24 246 489.162800136627
53 536 489.165495136627
69 696 489.166875136627
24 247 489.173788136627
4 47 498.687247136309
73 737 498.690046136309
18 187 507.67430995777
33 336 526.1814037889
28 287 537.161368562041
53 537 537.162761562041
28 288 537.164167562041
23 237 537.171041562041
58 587 537.172460562041
48 487 537.173853562041
38 386 537.175272562041
38 387 537.176600562041
88 887 537.177993562041
83 836 537.179386562041
38 388 537.180727562041
73 738 537.182107562041
23 238 549.67232361426
98 987 549.67776561426
43 436 549.67914561426
43 438 549.68195761426
68 688 562.284181422745
3 38 562.288282422745
69 698 562.290951422745
63 637 574.2674767926
69 697 574.2716427926
63 638 574.2730357926
8 88 574.2744027926
53 538 574.2758217926
39 398 574.2827737926
58 588 574.2910537926
39 399 574.2923817926
83 837 596.163956426663
83 838 596.165349426663
