46 460 45.155387942658
61 610 52.755450721338
63 630 53.655619906036
45 450 53.658366906036
57 570 53.659772906036
71 710 57.655478448251
47 470 57.656819448251
49 490 57.658199448251
60 600 74.155583805873
44 440 74.156924805873
65 650 76.65562461651
79 790 76.65696561651
48 480 76.65837161651
69 690 78.755421340571
62 620 78.759496340571
53 530 83.859521175867
78 780 83.864937175867
73 730 86.176133161048
52 520 92.156888600304
40 400 92.158242600304
43 430 92.159635600304
55 550 92.161041600304
50 500 92.165155600304
59 590 92.166522600304
77 770 92.167889600304
56 560 92.169269600304
66 660 92.170675600304
70 700 101.258077472658
58 580 101.262243472658
67 670 101.267711472658
68 680 101.273166472658
75 750 103.655537645855
51 510 103.656891645855
76 760 103.672032645855
75 751 103.680234645855
74 740 109.675953225557
72 720 109.677372225557
40 401 109.678739225557
54 541 109.680158225557
54 540 115.160634193802
69 691 115.181204193802
42 420 115.189484193802
42 421 115.190890193802
48 481 119.271487847616
43 431 125.174519934272
53 531 125.181354934272
73 731 125.182682934272
70 701 125.193631934272
60 601 127.867736180675
79 791 127.869103180675
41 410 130.659955122838
56 561 130.677739122838
68 681 130.681736122838
58 581 130.692802122838
55 551 132.278366212098
50 501 135.158116078297
64 640 139.16115416308
64 641 139.18868916308
76 761 139.19685216308
71 711 145.68062145775
66 661 145.770538456859
45 451 154.755568346867
65 651 159.17761483237
54 542 159.18998283237
52 521 159.19417483237
45 452 159.19555483237
77 771 168.696610900228
72 721 168.699357900228
59 591 168.755411523141
67 671 168.756830523141
78 781 176.786464398531
43 432 176.787857398531
56 562 176.790617398531
67 672 176.791984398531
57 571 182.655648621267
62 621 182.657067621267
57 572 182.658473621267
51 511 182.760403704036
42 422 187.277049713983
66 662 187.279732274667
44 441 187.38244083773
51 512 187.38523983773
41 411 188.158427713268
62 622 207.256805500256
64 642 208.157018905891
65 652 208.158398905891
55 552 208.159765905891
77 772 208.166574905891
78 782 208.169321905891
59 592 208.170701905891
53 532 208.172094905891
72 722 208.176208905891
61 612 208.177588905891
52 522 208.178994905891
71 712 211.272901711796
46 461 211.274294711796
74 741 211.277028711796
74 742 211.282587711796
50 502 211.283980711796
40 402 212.696801263814
70 702 212.756827326814
46 462 219.66930349754
47 472 219.67064449754
48 482 219.68165849754
69 692 219.69677349754
58 582 219.69811449754
73 732 219.756900497074
63 631 219.758254497074
63 632 231.288649998276
58 583 234.665096425264
73 733 234.667817919552
79 792 234.675942908128
50 503 235.174490980335
74 743 235.175857980335
68 682 244.379669283791
60 602 244.389394283791
41 412 244.390735283791
62 623 244.392076283791
77 773 244.397531283791
49 491 245.673868941013
56 563 248.162483040943
67 673 248.169292040943
42 423 248.170698040943
78 783 248.172091040943
68 683 248.174851040943
76 763 254.858464223884
55 553 254.859818223884
52 523 254.865351223884
59 593 254.866692223884
45 453 267.260897745597
43 433 268.960891864362
61 613 268.967622864362
64 643 269.677771831115
63 633 269.680570831115
51 513 269.681937831115
75 753 269.683304831115
55 554 269.687431831115
79 793 290.989168145975
71 713 290.994623145975
43 434 291.058063148972
79 794 291.059430148972
76 762 299.158233219233
51 514 299.199672219233
48 483 300.19226905287
65 653 300.194990796112
72 723 300.196331796112
49 492 300.199027539354
49 493 300.255396623947
60 603 300.270498623947
67 674 300.271904623947
66 663 300.660792253853
75 752 300.674436253853
42 424 300.688080253853
78 784 300.690827253853
45 454 300.692220253853
64 644 300.759719255446
71 714 302.982897372187
66 664 303.166544460741
75 754 303.176087460741
58 584 308.285245820229
69 693 309.766882862343
77 774 309.785787207675
68 684 309.796697512699
73 734 309.798038512699
76 764 309.799366512699
52 524 312.160911332862
50 504 312.177289332862
70 703 312.986022474853
54 544 321.260104895987
70 704 321.261432895987
53 533 321.268293895987
59 594 321.269634895987
56 564 324.177489857906
47 473 333.169237552255
47 474 333.170604552255
53 534 333.186700449441
57 574 333.193509449441
65 654 333.194850449441
62 624 333.196204449441
54 543 337.159433968369
74 744 346.967697546238
60 604 346.969077546238
61 614 346.971824546238
74 745 355.267942250803
69 694 357.179985023528
57 573 357.185557023528
72 724 357.186976023528
59 595 357.265337236206
44 443 363.777467506804
44 444 363.778873506804
73 735 374.776641686286
61 615 378.190935075803
55 555 385.267305106591
58 585 385.270026617139
63 634 385.274114681397
57 575 385.283632702493
53 535 385.285038702493
75 755 385.286405702493
72 725 385.289074702493
67 675 385.297367702493
50 505 385.773397928969
52 525 385.774738928969
65 655 391.159839396203
62 625 391.163979396203
58 586 391.180266396203
52 526 392.178799360472
54 545 397.760743647378
68 685 397.762110647378
56 565 397.764818647378
69 695 397.766198647378
47 475 398.267158453882
44 445 398.363560177282
79 795 398.393210173067
45 456 398.456876237801
77 775 399.768006899263
54 546 399.769334899263
70 705 399.777601899263
59 596 403.679211209269
60 605 404.155518779321
45 455 404.158317779321
71 715 409.6659446344
75 756 409.6713606344
67 676 423.18198000373
64 646 434.987407936708
78 785 434.988826936708
78 786 434.990245936708
50 506 435.162335451021
57 576 435.163663451021
56 566 435.184220451021
77 776 435.191146451021
66 665 435.192539451021
70 706 444.180233547961
76 765 444.185870547961
47 476 444.187263547961
51 516 465.684245759116
51 515 473.284757705583
58 587 473.287517705583
68 686 474.156269494494
62 626 474.172475869582
68 687 474.259561065515
76 766 476.193063835383
72 726 476.194430835383
69 696 476.195810835383
55 557 476.197164835383
70 707 476.198505835383
66 666 476.679259443303
73 736 476.691705443303
63 635 491.671866345226
53 536 491.677308345226
65 657 491.678701345226
53 537 491.680107345226
72 727 498.161077137049
67 677 498.162470137049
55 556 498.163850137049
79 797 498.170750137049
61 616 498.176218137049
61 617 498.177624137049
51 517 501.170417762066
77 777 509.180611554973
73 737 519.161898895593
79 796 519.164619895593
52 527 519.174084895593
66 667 519.175412895593
73 738 519.182208895593
45 457 526.170806580514
63 636 526.172199580514
63 637 526.173566580514
62 627 526.174946580514
46 467 532.158325735257
55 558 541.182355812077
71 717 541.183696812077
57 577 541.185063812077
54 547 541.186430812077
71 716 541.187784812077
75 757 543.256814680126
74 746 543.258155680126
74 747 543.259522680126
66 668 543.260850680126
69 697 543.267815680126
69 698 543.273218680126
65 658 543.276043680126
53 538 543.277462680126
76 767 543.278816680126
52 528 545.184706843496
68 688 545.186047843496
49 498 552.659502689089
51 518 570.666721666393
74 748 570.668088666393
63 638 570.672189666393
70 708 570.673582666393
56 567 570.677657666393
58 588 570.680404666393
79 798 570.681784666393
60 607 570.683112666393
60 608 570.684505666393
67 678 570.687213666393
65 656 575.684548752924
59 597 575.692711752924
78 787 575.694130752924
60 609 575.761038753203
72 728 604.155505251539
72 729 604.159632251539
45 458 605.260205357332
62 628 605.261572357332
76 768 605.264358357332
50 508 605.265738357332
56 568 605.267105357332
77 778 605.269800357332
77 779 605.273862357332
63 639 605.282103357332
58 589 605.283457357332
