61 610 52.755405514293
63 630 53.655457611987
95 950 69.955669501092
60 600 74.155550327469
85 850 74.156904327469
71 710 74.160992327469
65 650 76.655561876212
79 790 76.656889876212
87 870 76.658282876212
69 690 78.755351967687
62 620 78.756770967687
77 770 79.260213954039
78 780 83.160649328413
84 840 83.164828328413
92 920 83.166195328413
83 830 85.658991171136
86 860 85.668384843805
96 960 85.669803843805
73 730 85.671157843805
66 660 85.672498843805
94 940 87.658221548477
82 820 92.369354177766
70 700 103.656927344713
81 810 103.659700344713
76 760 103.663827344713
90 900 103.666574344713
75 751 103.667967344713
61 611 105.877986550251
69 691 116.755442855712
88 881 118.18680146254
72 720 124.159184612392
74 740 124.160577612392
68 680 124.163337612392
99 990 124.182605612392
89 890 125.166436419636
98 980 125.167764419636
80 800 125.169092419636
75 750 125.170511419636
91 910 125.171891419636
80 801 125.176057419636
68 681 125.177385419636
97 971 128.17444600944
64 641 128.17583900944
60 601 130.169611938594
88 880 130.183307938594
70 701 130.184713938594
73 731 131.267900244184
86 861 131.269293244184
64 640 132.672770229005
67 670 132.675517229005
97 970 132.676923229005
93 930 134.656146586094
66 661 134.665832586094
93 931 134.667225586094
65 651 134.668579586094
99 991 134.679567586094
87 871 136.697484089414
76 761 136.70017927531
63 631 136.756837977995
77 771 136.771706972875
82 821 136.775756171851
85 851 136.782448370827
83 831 136.783789386008
72 721 136.79190078396
71 711 145.664119892596
90 901 145.665447892596
89 891 145.67597617131
79 791 152.785120724044
74 741 152.793322724044
96 961 164.66050776394
93 932 167.773391237797
94 941 176.691969116665
78 781 177.178877929094
66 662 181.259460445749
67 671 181.681479663728
99 992 181.682872663728
95 951 187.272015594734
84 841 187.280308594734
95 952 187.281675594734
88 882 187.291218594734
62 621 187.294030594734
81 811 194.177892324552
85 852 194.193150324552
97 972 194.194556324552
70 702 196.394003079206
91 911 196.395383079206
79 792 196.462278074701
86 862 196.463697074701
62 622 207.256842549197
71 712 207.263716549197
81 812 207.265096549197
98 981 207.272061549197
92 921 207.273415549197
89 892 207.276136549197
74 742 207.277516549197
73 732 207.285796549197
69 692 207.287163549197
91 912 207.289871549197
64 642 208.159480005298
67 672 211.298467404069
63 632 216.686550497398
82 822 216.696029826524
60 602 216.762253823263
84 842 216.764909823263
98 982 216.767604823263
90 902 217.170831288108
94 942 219.670974117031
77 772 219.673708117031
78 782 219.677835117031
80 802 219.680504117031
68 682 219.688654117031
61 612 234.670795798458
75 752 234.672136798458
73 733 234.677552798458
74 743 235.170596583674
76 762 236.980467089986
87 872 236.981873089986
96 962 236.987380089986
69 693 237.055409092078
88 883 242.188465667635
62 623 242.198190667635
65 652 247.18143032248
80 803 247.18964532248
76 763 247.19244432248
96 963 247.258259319657
72 722 250.17621931571
95 953 250.19125631571
77 773 250.19262331571
92 922 250.19402931571
92 923 250.19677631571
67 673 254.87609100247
78 783 254.87751000247
83 832 260.180562801399
64 643 265.781342515503
98 983 269.163130828437
61 613 269.171371828437
63 633 269.179612828437
84 843 269.182333828437
75 753 269.190457828437
89 893 299.668136138869
99 993 299.669503138869
93 933 299.674854727319
60 603 299.693670669569
67 674 299.762118290404
84 844 299.775763793162
68 683 299.788222793162
68 684 299.789615793162
82 823 305.157417430983
83 833 305.655522831465
85 853 305.656850831465
87 873 305.685726831465
94 943 305.687054831465
76 764 305.688473831465
96 964 305.689866831465
82 824 305.696792831465
71 713 308.191965762391
63 634 308.194660762391
78 784 308.197433762391
65 653 308.200206762391
90 903 309.156685222181
66 663 309.17741894631
77 774 309.182783763007
72 723 309.188188159799
79 794 309.192172862657
83 834 309.356737231179
71 714 309.765208912087
92 924 309.767916912087
66 664 309.795672912087
79 793 309.869335912085
70 703 310.27063040871
64 644 310.28014740871
81 813 330.655483096582
81 814 330.659649096582
89 894 330.662357096582
86 864 331.67568463202
98 984 335.160936349899
95 954 335.25541634545
70 704 335.258739882432
73 734 335.270343419414
86 863 350.398975286704
65 654 350.46268190773
85 854 350.46683490773
80 804 350.46962090773
74 744 356.370913674693
60 604 356.372280674693
98 985 357.195804362404
74 745 357.262225136963
73 735 360.271671751773
88 884 360.272999751773
69 694 377.159515446343
67 675 377.165009446343
77 775 377.167795446343
94 945 377.169136446343
85 855 377.173289446343
76 765 377.174669446343
82 825 377.176049446343
97 974 377.177416446343
62 624 377.180150446343
62 625 377.181556446343
72 725 377.184316446343
79 795 377.185683446343
70 705 377.187063446343
68 685 377.188443446343
88 885 377.191190446343
61 614 382.260695055616
61 615 382.263390839734
99 994 382.266060623852
81 815 384.655431154838
97 973 384.671044274066
80 805 384.673830274066
89 895 386.25539610621
65 655 386.28142110621
90 905 389.155382938383
78 785 392.762353614305
84 845 392.763759614305
94 944 393.67735075434
75 754 393.68418575434
95 955 393.69249175434
60 605 404.155602300917
71 715 404.163830300917
69 695 404.192758300917
60 606 404.261070297911
75 756 410.266549576279
72 724 415.168017993637
69 696 415.172157993637
67 676 433.763654259703
91 914 433.764995259703
91 915 433.766362259703
78 786 435.163810702678
63 635 435.165216702678
66 665 435.166557702678
87 875 435.167898702678
64 646 435.169226702678
64 645 435.171960702678
87 876 435.174616702678
86 865 435.175983702678
81 816 435.178743702678
93 934 435.181516702678
93 935 435.182844702678
89 896 435.184172702678
80 806 435.189051023102
77 776 435.190444023102
87 874 435.194454023102
97 975 435.195782023102
95 956 435.255387698862
97 976 435.264956698862
99 995 445.672369758236
74 746 445.689033758236
65 656 445.693173758236
83 836 454.676173113138
72 726 454.685781113138
88 886 454.689869113138
76 766 454.691197113138
70 706 462.687093683464
73 736 466.395528615317
83 835 466.399604385077
86 866 466.463524624911
77 777 466.478422512161
84 847 466.694356201822
68 686 474.156741030465
82 826 495.764012002849
61 616 495.765353002849
79 796 495.776185002849
62 627 495.777513002849
70 707 495.778919002849
85 856 495.780286002849
91 916 495.781614002849
84 846 495.798057002849
68 687 495.856929007077
63 636 495.861056007077
96 966 498.159725835574
66 666 498.161092835574
73 737 498.169372835574
99 996 498.170778835574
62 626 498.174853835574
95 957 498.183263835574
61 617 498.184643835574
78 787 498.186049835574
79 797 498.187377835574
72 727 516.17166977133
65 657 529.168366684601
85 857 529.173912684601
63 637 529.185004684601
87 877 529.186410684601
76 767 529.187790684601
64 647 529.190602684601
96 965 529.194625684601
96 967 529.200080684601
86 868 541.291048689274
97 978 541.292467689274
88 888 542.180977229066
75 757 542.183698229066
73 738 542.185039229066
66 668 543.260936924981
89 897 543.287421776743
60 607 543.291548776743
83 837 543.292941776743
69 697 543.295714776743
82 827 543.299815776743
65 658 543.356835920476
64 648 543.358254920476
78 788 543.359634920476
88 887 544.17574745421
67 677 544.185148978459
67 678 544.195878118999
68 688 544.198586689269
71 717 544.277011853839
81 817 544.278352853839
71 718 544.281035437041
97 977 544.283744020243
86 867 544.285098020243
74 747 544.290605603445
99 997 546.684265771851
99 998 555.281677911329
90 907 559.155370215076
66 667 559.173138552914
90 908 559.175872552914
94 947 561.15541430771
94 948 561.15810930771
60 608 563.777460446853
63 638 563.781600446853
74 748 563.783019446853
70 708 563.784412446853
75 758 575.184547275166
60 609 575.190093275166
80 808 586.19464357251
80 807 586.25819956811
72 728 604.155585950064
83 838 604.156913950064
79 798 604.158280950064
72 729 604.159660950064
