46 460 45.155387942658
61 610 52.755450721338
63 630 53.655619906036
45 450 53.658366906036
57 570 53.659772906036
71 710 57.655478448251
47 470 57.656819448251
49 490 57.658199448251
60 600 68.658239543473
44 440 74.156898805873
65 650 76.65567661651
79 790 76.65703061651
48 480 76.65837161651
69 690 78.755356340571
62 620 78.759496340571
53 530 78.767685340571
78 780 83.868973175867
73 730 86.176893016719
67 670 86.178273016719
52 520 92.156888600304
40 400 92.158255600304
43 430 92.159609600304
55 550 92.160989600304
58 580 92.162369600304
70 700 92.163788600304
50 500 92.165194600304
59 590 92.166613600304
77 770 92.168032600304
56 560 92.169399600304
66 660 92.170740600304
68 680 101.273179472658
75 750 103.655589645855
51 510 103.656982645855
76 760 103.673321645855
75 751 103.681484645855
61 611 105.875451757296
72 720 109.675732225557
74 740 109.677073225557
40 401 109.678427225557
54 541 109.679794225557
54 540 115.160673193802
69 691 115.179889193802
42 420 115.188117193802
42 421 115.189523193802
70 701 123.291820505654
60 601 123.297275505654
43 431 125.175951934272
53 531 125.184127934272
73 731 125.185481934272
49 491 128.656823709068
41 410 130.659955122838
56 561 130.679028122838
68 681 130.683168122838
58 581 130.691344122838
64 640 132.282402212098
64 641 132.285123441002
50 501 135.158168078297
46 461 135.162321078297
52 521 135.163740078297
55 551 139.16650516308
76 761 139.19555016308
78 781 139.759645134536
71 711 145.67952745775
66 661 145.769366456859
65 651 145.776266456859
45 451 145.777672456859
48 481 156.25557285448
48 482 156.25831985448
54 542 159.19679183237
79 791 159.25550883082
45 452 159.25690183082
77 771 168.671909900228
72 721 168.692440900228
59 591 168.696606900228
67 671 168.698012900228
43 432 176.783392398531
56 562 176.784785398531
67 672 176.787532398531
51 511 179.655422784892
44 441 179.658130784892
57 571 182.655609621267
62 621 182.656963621267
57 572 182.661077621267
42 422 187.274432153299
66 662 187.277127713983
51 512 187.362151749736
41 411 188.158362713268
69 692 198.755408344681
62 622 207.256818500256
64 642 208.157083905891
65 652 208.158502905891
55 552 208.159869905891
77 772 208.163957905891
78 782 208.166769905891
53 532 208.172302905891
72 722 208.176377905891
61 612 208.177744905891
52 522 208.179072905891
79 792 208.180452905891
49 492 208.183225905891
71 712 211.272598355128
74 741 211.276647355128
41 412 211.283547355128
74 742 211.284888355128
46 462 219.66785849754
47 472 219.67060549754
63 631 219.67198549754
63 632 219.67336549754
46 463 224.173466709133
48 483 229.289620487956
73 732 234.655539930976
58 582 234.656945930976
50 502 234.659653930976
40 402 234.67185441384
70 702 234.681294195039
44 442 234.682622402416
73 733 234.685356896704
50 503 235.177315980335
74 743 235.178682980335
58 583 244.275400473247
57 573 244.287560473247
68 682 245.686329568459
60 602 245.688998871378
62 623 245.69841330173
59 592 245.774164375516
76 762 245.778187848934
75 753 245.78628679577
69 693 245.787653974028
42 423 248.167277741399
68 683 248.172784741399
66 663 254.797435156494
76 763 254.859740223884
52 523 254.868059223884
55 553 254.870806223884
75 752 254.873605223884
49 493 254.876300223884
59 593 254.881807223884
51 513 256.758245539024
77 773 256.782968539024
63 633 267.276285745597
64 643 269.695438831115
43 433 269.696792831115
55 554 269.699474831115
56 564 278.259792147395
64 644 278.261211147395
52 524 292.194353506424
45 453 292.195694506424
77 774 292.197061506424
56 563 294.262372275259
50 504 299.175226219233
68 684 299.179405219233
73 734 299.184925219233
67 674 299.194559219233
51 514 299.195887219233
65 653 300.18269633666
72 723 300.188061079902
78 783 300.255383623947
60 603 300.256724623947
61 613 300.264772131711
67 673 300.685632253853
71 713 300.689642253853
42 424 300.692363253853
78 784 300.693717253853
63 634 300.756842255446
75 754 300.758261255446
71 714 302.971909372187
79 793 302.974578372187
70 703 302.980111372187
58 584 303.167238333419
66 664 304.684457889922
76 764 309.794209862343
47 471 311.273421554974
54 544 311.274775554974
70 704 311.276129554974
43 434 312.983396474853
54 543 312.995699474853
79 794 314.192726430715
47 473 324.188308857906
53 533 324.189636857906
53 534 324.191029857906
57 574 324.192370857906
65 654 324.193724857906
47 474 333.169237552255
46 464 333.261016547738
46 465 333.265182547738
74 744 346.967823546238
60 604 346.969216546238
61 614 346.971885546238
45 454 346.973265546238
72 724 350.19402435209
49 494 350.19544335209
69 694 350.19677135209
59 594 350.19819035209
74 745 356.989540911775
48 484 360.28014046568
73 735 360.28152046568
65 655 363.373260502084
59 595 363.392450502084
41 414 373.666487531857
41 415 373.667893531857
63 635 373.669312531857
64 645 373.670640531857
75 755 376.299877807401
62 625 376.35829880305
76 765 376.35969180305
45 455 378.197941075803
62 624 385.272812106591
61 615 385.274205106591
67 675 385.293551106591
58 585 388.199628057734
50 505 388.262567210681
52 525 388.263934210681
57 575 388.266733210681
53 535 388.268087210681
42 425 391.170697396203
58 586 391.191436396203
52 526 392.178916360472
54 545 397.759376647378
68 685 397.762045647378
56 565 397.766198647378
79 795 397.771679647378
49 495 397.777173647378
77 775 397.781378647378
72 725 397.782719647378
54 546 399.766587899263
69 695 399.767954899263
47 475 399.770649899263
70 705 399.773435899263
59 596 403.681659209269
60 605 404.155531779321
71 715 404.290880423774
45 456 404.297547240631
55 555 409.6659056344
66 665 409.6700586344
75 756 409.6755916344
69 696 423.176803735872
67 676 423.182284735872
41 416 424.690710381112
50 506 434.962515936708
77 776 434.963921936708
78 785 434.999853936708
78 786 435.055654941208
57 576 435.173362451021
40 405 435.181733451021
40 406 435.183100451021
56 566 435.185821451021
64 646 435.198280451021
48 485 444.192546547961
46 466 444.255520550393
49 496 444.258267550393
65 656 444.265089550393
70 706 444.271976550393
47 476 444.273395550393
62 626 454.271784306244
79 796 463.761531854228
76 766 463.762911854228
72 726 463.765671854228
74 746 463.767090854228
48 486 463.771165854228
47 477 463.772532854228
51 515 465.77047575778
51 516 465.77182975778
40 407 465.77589175778
68 686 474.157538494494
43 436 474.272985382075
43 437 474.274352382075
71 716 474.275732382075
60 606 474.277086382075
77 777 480.95569372485
66 666 482.165259425944
73 736 482.172107425944
55 556 491.685438351778
42 426 491.689565351778
55 557 491.696439351778
70 707 491.697845351778
45 457 491.756997346327
74 747 491.758416346327
53 537 491.767894346327
72 727 498.173095811445
61 616 498.175830369577
52 527 498.178512927709
67 677 498.179840927709
43 435 498.183890780634
53 536 498.185271043973
73 737 498.189294602105
63 637 498.191989896898
63 636 498.264958498091
61 617 498.266338752166
79 797 498.27034929186
51 517 501.165009762066
46 467 501.173120762066
58 587 519.175542895593
73 738 519.189290895593
65 657 526.169452580514
69 697 526.173605580514
48 487 541.181610812077
55 558 541.184279812077
43 438 541.187065812077
54 547 541.188406812077
71 718 541.189747812077
76 767 541.192481812077
41 417 542.199284615161
52 528 544.991731850785
68 688 544.993111850785
49 497 551.787864290223
78 787 551.789283290223
59 597 551.798906254449
66 667 553.256729346249
75 757 553.260830346249
66 668 553.270425346249
62 627 553.274552346249
44 446 553.275880346249
44 447 553.277273346249
65 658 553.279994346249
49 498 553.289051530111
51 518 553.290418530111
64 647 553.291746530111
50 507 553.293139530111
60 607 553.294545530111
69 698 553.295899530111
57 577 553.297305530111
56 567 553.298685530111
57 578 553.355512346905
46 468 553.362373346905
56 568 558.256827706884
67 678 563.199595671783
54 548 563.255659312115
47 478 563.257078312115
74 748 578.162881103202
70 708 578.168336103202
60 608 578.169716103202
72 728 604.155505251539
53 538 604.158278251539
47 479 604.159632251539
72 729 604.160999251539
45 458 605.260192357332
61 618 605.262978357332
62 628 605.264345357332
76 768 605.267053357332
