15 80 48.157510571187
69 30 78.756746705934
69 530 78.763581705934
53 180 78.764922705934
69 180 78.764922705934
19 480 80.667551092336
29 480 80.667551092336
30 330 89.665089444597
40 330 89.665089444597
27 330 89.665089444597
96 730 102.659644532419
24 580 111.689306020844
15 580 111.689306020844
30 31 112.178821424238
69 31 112.178821424238
12 780 112.188481081292
30 780 112.188481081292
69 780 112.188481081292
78 281 112.19254333888
12 281 112.19254333888
69 281 112.19254333888
54 680 112.197933596468
69 680 112.197933596468
78 280 114.97949529306
12 280 114.97949529306
35 280 114.97949529306
17 531 114.99873729306
35 531 114.99873729306
84 181 124.168390664376
80 181 124.168390664376
80 681 124.176644664376
16 430 124.178011664376
80 430 124.178011664376
80 431 124.184976664376
16 631 124.187788664376
80 631 124.187788664376
19 381 124.189168664376
43 381 124.189168664376
80 381 124.189168664376
80 130 124.194701664376
58 131 124.197396664376
80 131 124.197396664376
20 980 124.255465661644
58 980 124.255465661644
80 980 124.255465661644
50 331 124.256819661644
14 331 124.256819661644
80 331 124.256819661644
21 830 134.658152852144
93 830 134.658152852144
99 731 134.673254852144
93 731 134.673254852144
13 831 138.69406936811
57 880 166.757780316055
53 231 166.786625808227
45 231 166.786625808227
93 231 166.786625808227
45 182 166.787979808227
93 182 166.787979808227
98 781 178.689221679329
43 781 178.689221679329
38 781 178.689221679329
14 981 178.694663679329
43 981 178.694663679329
38 981 178.694663679329
38 432 178.696004679329
30 682 200.163910247242
17 481 200.180315843417
30 481 200.180315843417
0 232 202.671794442087
67 232 202.671794442087
69 732 210.770595606799
69 582 210.771975606799
67 482 210.856798610889
69 482 210.856798610889
84 982 221.691717339792
62 982 221.691717339792
84 832 222.178107306348
90 832 222.178107306348
46 832 222.178107306348
46 383 222.198885306348
32 632 222.255478571156
46 632 222.255478571156
33 32 224.968632203131
12 32 224.968632203131
95 282 229.666278362123
15 282 229.666278362123
52 82 229.670405362123
15 82 229.670405362123
15 881 229.674467362123
15 882 229.675821362123
95 532 229.678555362123
15 532 229.678555362123
3 782 229.682760362123
41 782 229.682760362123
15 782 229.682760362123
77 33 229.684179362123
41 33 229.684179362123
15 33 229.684179362123
58 133 234.658088838013
73 133 234.658088838013
73 583 234.659416838013
88 483 242.183463063632
50 633 256.170245347919
80 633 256.170245347919
84 83 268.685281787822
40 83 268.685281787822
40 983 268.689331511736
84 433 276.173242171603
40 433 276.173242171603
32 433 276.173242171603
43 34 285.663951650822
34 184 300.165044192593
17 184 300.165044192593
8 834 310.295864286271
92 683 310.299939286271
8 683 310.299939286271
13 984 317.169329590406
10 984 317.169329590406
76 984 317.169329590406
82 634 334.662045762421
82 783 334.666211762421
78 84 334.667630762421
82 84 334.667630762421
82 784 334.669036762421
50 234 334.671770762421
82 234 334.671770762421
93 533 334.675923762421
82 533 334.675923762421
23 734 334.677277762421
93 734 334.677277762421
82 734 334.677277762421
23 384 334.690843762421
82 384 334.690843762421
82 235 334.692184762421
58 134 334.694879762421
82 134 334.694879762421
82 584 334.696233762421
46 684 335.18477399429
11 684 335.18477399429
98 684 335.18477399429
25 183 354.196527208338
46 183 354.196527208338
35 183 354.196527208338
24 534 354.257090200636
46 534 354.257090200636
35 534 354.257090200636
59 884 354.262220543787
35 884 354.262220543787
88 933 354.263600543787
59 933 354.263600543787
35 933 354.263600543787
88 934 354.264941543787
59 934 354.264941543787
35 934 354.264941543787
35 435 354.270396543787
27 385 354.283975543787
35 385 354.283975543787
98 285 357.180808444025
86 233 371.671222118094
10 233 371.671222118094
7 233 371.671222118094
81 585 376.690164679833
25 335 395.755531810721
52 335 395.755531810721
3 335 395.755531810721
46 685 398.16926553744
36 685 398.16926553744
62 185 405.197383781928
22 185 405.197383781928
60 185 405.197383781928
62 186 405.198711781928
22 186 405.198711781928
60 186 405.198711781928
18 835 424.67731539756
62 835 424.67731539756
22 835 424.67731539756
33 135 424.68014039756
47 135 424.68014039756
22 135 424.68014039756
94 334 424.68430639756
47 334 424.68430639756
22 334 424.68430639756
77 785 430.181060569267
11 286 430.182427569267
15 286 430.182427569267
77 286 430.182427569267
21 786 430.188064569267
77 786 430.188064569267
87 586 430.189392569267
77 586 430.189392569267
10 635 432.668357382464
13 635 432.668357382464
80 935 432.676572382464
77 935 432.676572382464
13 935 432.676572382464
15 885 435.270270037242
11 885 435.270270037242
78 885 435.270270037242
16 485 441.695140195574
32 485 441.695140195574
40 535 464.293564939699
40 936 464.360979937086
15 986 464.365158937086
40 986 464.365158937086
40 437 464.366538937086
68 636 474.162309407384
37 87 474.163663407384
68 87 474.163663407384
35 735 476.699529591169
35 736 476.758418416768
35 886 476.766711416768
45 486 476.769471416768
88 486 476.769471416768
35 486 476.769471416768
76 37 481.665902115796
17 37 481.665902115796
92 536 489.165495136627
0 737 498.690046136309
51 737 498.690046136309
31 187 507.67430995777
73 187 507.67430995777
76 336 526.1814037889
32 336 526.1814037889
46 336 526.1814037889
2 287 537.161368562041
28 537 537.162761562041
2 537 537.162761562041
2 288 537.164167562041
81 237 537.171041562041
0 237 537.171041562041
2 237 537.171041562041
16 587 537.172460562041
0 587 537.172460562041
2 587 537.172460562041
16 487 537.173853562041
0 487 537.173853562041
2 487 537.173853562041
52 386 537.175272562041
0 386 537.175272562041
2 386 537.175272562041
52 387 537.176600562041
0 387 537.176600562041
2 387 537.176600562041
0 887 537.177993562041
2 887 537.177993562041
86 836 537.179386562041
0 836 537.179386562041
2 836 537.179386562041
0 388 537.180727562041
2 388 537.180727562041
2 738 537.182107562041
7 238 549.67232361426
21 987 549.67776561426
7 987 549.67776561426
81 436 549.67914561426
21 436 549.67914561426
7 436 549.67914561426
21 438 549.68195761426
7 438 549.68195761426
67 688 562.284181422745
69 38 562.288282422745
60 38 562.288282422745
67 38 562.288282422745
69 637 574.2674767926
60 637 574.2674767926
60 638 574.2730357926
60 88 574.2744027926
8 538 574.2758217926
60 538 574.2758217926
21 588 574.2910537926
16 588 574.2910537926
60 588 574.2910537926
50 837 596.163956426663
72 837 596.163956426663
50 838 596.165349426663
72 838 596.165349426663
