61 610 52.755405514293
63 630 53.655457611987
95 950 69.955669501092
60 600 74.155550327469
85 850 74.156904327469
71 710 74.160992327469
65 650 76.655561876212
79 790 76.656889876212
87 870 76.658282876212
69 690 78.755351967687
62 620 78.756770967687
77 770 79.260213954039
78 780 83.160649328413
84 840 83.164828328413
92 920 83.166195328413
83 830 85.658991171136
86 860 85.668384843805
96 960 85.669803843805
73 730 85.671157843805
66 660 85.672498843805
94 940 87.658221548477
70 700 103.656901344713
81 810 103.659661344713
76 760 103.663736344713
90 900 103.667954344713
75 751 103.669347344713
61 611 105.878077550251
69 691 116.755429855712
88 881 118.18680146254
82 820 119.286134756152
72 720 124.159184612392
74 740 124.160603612392
68 680 124.163285612392
99 990 124.182553612392
60 601 124.196340612392
89 890 125.166449419636
98 980 125.167868419636
80 800 125.169222419636
75 750 125.170641419636
91 910 125.171969419636
80 801 125.176057419636
68 681 125.177424419636
97 971 125.178778419636
64 641 128.175443783054
88 880 130.183333938594
70 701 130.184661938594
73 731 131.267874244184
86 861 131.269293244184
97 970 132.675343462639
64 640 132.676749462639
67 670 132.679522462639
93 930 134.656120586094
66 661 134.669358668061
93 931 134.670725668061
65 651 134.672105668061
99 991 134.683223668061
87 871 136.693317673792
76 761 136.770313773899
83 831 136.775677988056
72 721 136.777031988056
77 771 136.781055187032
63 631 136.783828386008
85 851 136.787825584984
82 821 137.256919359813
71 711 145.664171892596
90 901 145.665538892596
89 891 145.671084892596
79 791 152.785120724044
74 741 152.793309724044
62 621 164.66197876394
96 961 164.66333276394
93 932 167.759747237797
94 941 173.186826378115
78 781 177.166509929094
66 662 181.195763447054
88 882 187.278824594734
81 811 194.161341324552
71 712 194.169686324552
74 742 194.171014324552
85 852 194.172381324552
62 622 207.256933549197
81 812 207.263833549197
84 841 207.272074549197
92 921 207.273402549197
83 832 207.276188549197
91 911 207.277594549197
89 892 207.278987549197
98 981 207.287254549197
84 842 207.290014549197
90 902 207.299492549197
67 671 207.355527544747
98 982 207.356907544747
97 972 207.358300544747
73 732 207.359654544747
70 702 207.360995544747
91 912 207.362388544747
64 642 208.159649005298
79 792 208.166653005298
86 862 208.181716005298
75 752 208.184463005298
61 612 208.185817005298
69 692 208.665010794473
67 672 211.36929732881
95 951 216.675834611314
60 602 219.665558117031
94 942 219.672497117031
78 782 219.676728117031
77 772 219.678134117031
68 682 219.691622117031
73 733 234.678958798458
80 802 235.166482583674
63 632 235.171937583674
74 743 235.181506583674
76 762 236.983089089986
87 872 236.984482089986
88 883 242.182815667635
62 623 242.190978667635
82 822 247.174601736737
92 922 247.180056736737
65 652 247.181462736737
72 722 250.16816031571
78 783 254.86786300247
84 843 262.167702506826
80 803 262.180122506826
98 983 262.181489506826
64 643 262.182817506826
76 763 263.69980856696
63 633 263.759584411238
61 613 275.762232679648
79 794 294.199299332821
89 893 299.665532138869
77 773 299.670922138869
92 923 299.673708138869
60 603 299.677913138869
67 673 299.679241138869
67 674 299.683368138869
84 844 299.690294138869
75 753 299.695723138869
90 903 299.697129138869
68 683 299.698535138869
68 684 299.699863138869
82 823 305.155972430983
66 663 305.157300430983
83 833 305.655561831465
85 853 305.656941831465
71 713 305.659688831465
66 664 306.197255834925
63 634 306.198648834925
78 784 306.200028834925
83 834 306.256013595722
82 824 307.76524687051
87 873 309.162258028939
69 693 309.167596766769
77 774 309.179667945285
86 863 309.193040534781
72 723 309.197064193743
71 714 309.761029912087
92 924 309.762370912087
80 804 309.778930912087
65 653 309.865208912085
79 793 309.870702912085
76 764 324.158403483561
94 943 324.161137483561
70 703 329.763840942436
70 704 329.765233942436
81 813 330.655470096582
81 814 330.660938096582
97 973 331.68379563202
86 864 331.68646463202
98 984 331.691854968742
85 854 356.359808674693
74 744 356.370796674693
60 604 356.372137674693
64 644 356.374910674693
74 745 356.772016695064
69 694 360.181624451231
94 944 360.183004451231
65 654 360.191336451231
82 825 360.270713454485
88 884 370.659050589285
97 974 370.674048589285
63 635 379.17107410622
83 835 382.197824675674
66 665 382.199179048829
81 815 384.655509154838
73 734 384.656889154838
61 614 384.662474154838
89 894 384.663880154838
61 615 384.665273154838
80 805 384.666601154838
62 624 384.670715154838
62 625 384.672108154838
76 765 386.189748187092
65 655 392.681795664351
78 785 392.698277664351
84 845 392.699683664351
69 695 393.66382375434
67 675 393.67332775434
77 775 393.67470775434
85 855 393.67610075434
72 725 393.67751975434
79 795 393.68297475434
70 705 393.68706275434
75 754 393.69116375434
60 605 404.155615300917
71 715 404.163817300917
73 735 404.178893300917
94 945 407.7850590867
64 645 409.679545360186
75 756 410.199420453626
68 685 415.177807993637
67 676 415.179161993637
77 776 434.962469895891
86 865 434.969421895891
97 975 434.972155895891
87 876 434.980370895891
78 786 434.981789895891
87 875 435.177376702678
89 895 435.189718702678
65 656 439.681290663631
70 706 439.690937663631
89 896 462.656850683464
97 976 462.666445683464
83 836 462.677472683464
84 846 462.678800683464
81 816 462.680167683464
80 806 462.681560683464
86 866 466.166415698983
62 626 466.177546698983
73 736 466.178965698983
77 777 466.183066698983
84 847 466.681650201822
68 686 474.156871030465
71 716 474.161024092252
96 966 482.355502050068
66 666 482.356895050068
72 726 482.373338050068
88 885 482.374731050068
88 886 482.376137050068
76 766 482.377478050068
96 967 482.378858050068
79 796 485.688822531111
62 627 485.695722531111
85 856 485.697115531111
63 636 485.757032935297
70 707 485.761172935297
82 826 485.762552935297
61 616 485.763880935297
69 696 488.960937050813
74 746 488.967681050813
73 737 498.161183835574
79 797 498.167241477118
61 617 498.168582477118
74 747 498.169988477118
95 956 498.171407477118
95 957 498.176927477118
88 887 498.189994786328
67 677 498.191400786328
85 857 529.171088740535
63 637 529.182037740535
87 877 529.183417740535
76 767 529.184823740535
64 647 529.186164740535
89 897 529.193090740535
72 727 540.256776265936
60 607 540.277437265936
86 867 540.278791265936
71 717 540.286902265936
80 807 540.288308265936
71 718 540.289688265936
86 868 540.291042265936
82 827 542.179788547864
75 757 542.182561547864
68 688 542.183889547864
65 657 542.185243547864
88 888 542.186662547864
67 678 542.188003547864
73 738 542.189370547864
69 698 543.281363924981
60 608 543.285490924981
83 837 543.286857924981
69 697 543.288250924981
65 658 543.293796924981
78 788 543.295137924981
64 646 544.971078554001
64 648 551.194489085033
66 668 582.172435148418
80 808 582.183501148418
70 708 582.184920148418
63 638 582.186326148418
81 817 582.194554148418
79 798 582.200048148418
75 758 582.256878356368
60 609 582.265223356368
72 728 604.155585950064
72 729 604.163761950064
