60 850 74.156904327469
85 710 74.160992327469
60 710 74.160992327469
65 790 76.656889876212
65 870 76.658282876212
69 620 78.756770967687
24 770 79.260213954039
53 780 83.160649328413
53 840 83.164828328413
29 830 85.658991171136
29 860 85.668384843805
29 960 85.669803843805
29 730 85.671157843805
73 660 85.672498843805
29 660 85.672498843805
1 820 92.369354177766
96 820 92.369354177766
75 700 103.656927344713
70 810 103.659700344713
75 810 103.659700344713
75 760 103.663827344713
79 881 118.18680146254
4 720 124.159184612392
4 740 124.160577612392
4 680 124.163337612392
45 990 124.182605612392
4 990 124.182605612392
33 890 125.166436419636
0 890 125.166436419636
33 980 125.167764419636
0 980 125.167764419636
0 800 125.169092419636
80 750 125.170511419636
0 750 125.170511419636
0 801 125.176057419636
80 681 125.177385419636
0 681 125.177385419636
58 971 128.17444600944
80 971 128.17444600944
13 641 128.17583900944
58 641 128.17583900944
80 641 128.17583900944
88 601 130.169611938594
18 601 130.169611938594
11 880 130.183307938594
70 880 130.183307938594
18 880 130.183307938594
18 701 130.184713938594
86 731 131.267900244184
97 640 132.672770229005
13 640 132.672770229005
16 640 132.672770229005
98 670 132.675517229005
58 670 132.675517229005
16 670 132.675517229005
98 970 132.676923229005
58 970 132.676923229005
16 970 132.676923229005
93 661 134.665832586094
93 651 134.668579586094
93 991 134.679567586094
13 871 136.697484089414
97 761 136.70017927531
43 631 136.756837977995
76 631 136.756837977995
97 631 136.756837977995
36 771 136.771706972875
97 771 136.771706972875
83 821 136.775756171851
97 821 136.775756171851
7 851 136.782448370827
83 851 136.782448370827
97 851 136.782448370827
13 831 136.783789386008
83 721 136.79190078396
13 721 136.79190078396
17 711 145.664119892596
91 891 145.67597617131
17 891 145.67597617131
45 791 152.785120724044
22 741 152.793322724044
45 741 152.793322724044
48 961 164.66050776394
12 781 177.178877929094
4 781 177.178877929094
38 781 177.178877929094
20 662 181.259460445749
99 671 181.681479663728
66 951 187.272015594734
28 841 187.280308594734
95 841 187.280308594734
66 841 187.280308594734
66 952 187.281675594734
66 882 187.291218594734
57 621 187.294030594734
88 621 187.294030594734
66 621 187.294030594734
11 811 194.177892324552
30 811 194.177892324552
90 852 194.193150324552
12 852 194.193150324552
30 852 194.193150324552
12 972 194.194556324552
30 972 194.194556324552
69 702 196.394003079206
22 792 196.462278074701
69 792 196.462278074701
22 862 196.463697074701
69 862 196.463697074701
62 712 207.263716549197
62 812 207.265096549197
14 981 207.272061549197
62 981 207.272061549197
14 892 207.276136549197
62 892 207.276136549197
12 742 207.277516549197
62 742 207.277516549197
21 732 207.285796549197
50 732 207.285796549197
62 732 207.285796549197
21 692 207.287163549197
50 692 207.287163549197
62 692 207.287163549197
29 672 211.298467404069
32 632 216.686550497398
46 822 216.696029826524
32 822 216.696029826524
85 602 216.762253823263
90 602 216.762253823263
32 602 216.762253823263
85 842 216.764909823263
90 842 216.764909823263
32 842 216.764909823263
90 982 216.767604823263
32 982 216.767604823263
2 772 219.673708117031
41 772 219.673708117031
77 782 219.677835117031
41 782 219.677835117031
35 802 219.680504117031
11 802 219.680504117031
41 802 219.680504117031
41 682 219.688654117031
73 612 234.670795798458
61 752 234.672136798458
73 752 234.672136798458
3 762 236.980467089986
76 872 236.981873089986
3 872 236.981873089986
69 962 236.987380089986
3 962 236.987380089986
3 693 237.055409092078
88 623 242.198190667635
28 652 247.18143032248
27 652 247.18143032248
27 803 247.18964532248
80 763 247.19244432248
27 763 247.19244432248
27 963 247.258259319657
48 722 250.17621931571
29 722 250.17621931571
29 953 250.19125631571
95 773 250.19262331571
29 773 250.19262331571
56 673 254.87609100247
17 673 254.87609100247
56 783 254.87751000247
17 783 254.87751000247
36 832 260.180562801399
80 832 260.180562801399
28 832 260.180562801399
98 643 265.781342515503
84 643 265.781342515503
10 643 265.781342515503
32 983 269.163130828437
9 613 269.171371828437
32 613 269.171371828437
36 633 269.179612828437
76 633 269.179612828437
32 633 269.179612828437
32 843 269.182333828437
10 753 269.190457828437
32 753 269.190457828437
51 893 299.668136138869
89 993 299.669503138869
51 993 299.669503138869
11 603 299.693670669569
51 603 299.693670669569
51 674 299.762118290404
52 683 299.788222793162
50 683 299.788222793162
84 683 299.788222793162
52 684 299.789615793162
50 684 299.789615793162
84 684 299.789615793162
83 853 305.656850831465
96 873 305.685726831465
83 873 305.685726831465
96 764 305.688473831465
83 764 305.688473831465
83 964 305.689866831465
8 824 305.696792831465
83 824 305.696792831465
43 713 308.191965762391
52 713 308.191965762391
50 713 308.191965762391
82 634 308.194660762391
50 634 308.194660762391
82 784 308.197433762391
50 784 308.197433762391
64 653 308.200206762391
82 653 308.200206762391
50 653 308.200206762391
6 663 309.17741894631
19 663 309.17741894631
17 774 309.182783763007
65 723 309.188188159799
19 723 309.188188159799
17 794 309.192172862657
90 834 309.356737231179
92 714 309.765208912087
14 714 309.765208912087
83 664 309.795672912087
14 664 309.795672912087
17 793 309.869335912085
14 793 309.869335912085
54 703 310.27063040871
30 703 310.27063040871
92 703 310.27063040871
92 644 310.28014740871
81 894 330.662357096582
10 864 331.67568463202
46 954 335.25541634545
98 954 335.25541634545
98 704 335.258739882432
38 734 335.270343419414
11 734 335.270343419414
98 734 335.270343419414
4 863 350.398975286704
27 863 350.398975286704
4 654 350.46268190773
27 654 350.46268190773
42 854 350.46683490773
4 854 350.46683490773
27 854 350.46683490773
6 804 350.46962090773
27 804 350.46962090773
7 744 356.370913674693
74 604 356.372280674693
7 604 356.372280674693
98 745 357.262225136963
35 735 360.271671751773
79 884 360.272999751773
59 884 360.272999751773
35 884 360.272999751773
49 694 377.159515446343
94 694 377.159515446343
94 675 377.165009446343
94 775 377.167795446343
94 855 377.173289446343
70 765 377.174669446343
94 765 377.174669446343
76 825 377.176049446343
70 825 377.176049446343
94 825 377.176049446343
37 974 377.177416446343
94 974 377.177416446343
31 624 377.180150446343
37 624 377.180150446343
94 624 377.180150446343
31 625 377.181556446343
37 625 377.181556446343
94 625 377.181556446343
73 725 377.184316446343
37 725 377.184316446343
94 725 377.184316446343
73 795 377.185683446343
37 795 377.185683446343
94 795 377.185683446343
47 705 377.187063446343
94 705 377.187063446343
46 685 377.188443446343
36 685 377.188443446343
94 685 377.188443446343
15 885 377.191190446343
36 885 377.191190446343
94 885 377.191190446343
81 614 382.260695055616
21 614 382.260695055616
81 615 382.263390839734
21 615 382.263390839734
8 994 382.266060623852
81 994 382.266060623852
21 994 382.266060623852
62 973 384.671044274066
81 973 384.671044274066
42 805 384.673830274066
29 805 384.673830274066
81 805 384.673830274066
3 895 386.25539610621
12 655 386.28142110621
8 655 386.28142110621
3 655 386.28142110621
52 785 392.762353614305
7 785 392.762353614305
17 845 392.763759614305
52 845 392.763759614305
7 845 392.763759614305
33 754 393.68418575434
47 754 393.68418575434
36 754 393.68418575434
49 955 393.69249175434
36 955 393.69249175434
60 715 404.163830300917
48 695 404.192758300917
73 695 404.192758300917
60 695 404.192758300917
54 756 410.266549576279
48 724 415.168017993637
1 724 415.168017993637
1 696 415.172157993637
64 635 435.165216702678
81 635 435.165216702678
78 635 435.165216702678
64 665 435.166557702678
81 665 435.166557702678
78 665 435.166557702678
64 875 435.167898702678
81 875 435.167898702678
78 875 435.167898702678
81 646 435.169226702678
78 646 435.169226702678
63 645 435.171960702678
87 645 435.171960702678
78 645 435.171960702678
78 876 435.174616702678
25 865 435.175983702678
87 865 435.175983702678
78 865 435.175983702678
87 816 435.178743702678
78 816 435.178743702678
78 896 435.184172702678
89 806 435.189051023102
78 806 435.189051023102
57 776 435.190444023102
78 776 435.190444023102
26 874 435.194454023102
56 874 435.194454023102
78 874 435.194454023102
56 975 435.195782023102
78 975 435.195782023102
56 956 435.255387698862
78 956 435.255387698862
40 976 435.264956698862
78 976 435.264956698862
32 995 445.672369758236
32 746 445.689033758236
32 656 445.693173758236
47 836 454.676173113138
48 726 454.685781113138
47 726 454.685781113138
48 886 454.689869113138
47 886 454.689869113138
88 766 454.691197113138
47 766 454.691197113138
5 706 462.687093683464
9 706 462.687093683464
89 706 462.687093683464
19 736 466.395528615317
84 736 466.395528615317
77 736 466.395528615317
84 835 466.399604385077
77 835 466.399604385077
84 866 466.463524624911
77 866 466.463524624911
97 847 466.694356201822
14 826 495.764012002849
18 616 495.765353002849
14 616 495.765353002849
95 796 495.776185002849
14 796 495.776185002849
24 627 495.777513002849
14 627 495.777513002849
14 707 495.778919002849
17 856 495.780286002849
14 856 495.780286002849
83 846 495.798057002849
1 846 495.798057002849
14 846 495.798057002849
1 687 495.856929007077
14 687 495.856929007077
17 636 495.861056007077
14 636 495.861056007077
72 966 498.159725835574
96 666 498.161092835574
72 666 498.161092835574
72 737 498.169372835574
49 996 498.170778835574
48 996 498.170778835574
72 996 498.170778835574
45 626 498.174853835574
55 626 498.174853835574
72 626 498.174853835574
72 957 498.183263835574
31 617 498.184643835574
72 617 498.184643835574
31 787 498.186049835574
72 787 498.186049835574
95 797 498.187377835574
72 797 498.187377835574
73 727 516.17166977133
28 657 529.168366684601
24 657 529.168366684601
24 857 529.173912684601
87 637 529.185004684601
24 637 529.185004684601
24 877 529.186410684601
87 767 529.187790684601
24 767 529.187790684601
87 647 529.190602684601
24 647 529.190602684601
51 965 529.194625684601
24 965 529.194625684601
51 967 529.200080684601
24 967 529.200080684601
7 868 541.291048689274
7 978 541.292467689274
52 888 542.180977229066
26 757 542.183698229066
30 757 542.183698229066
52 757 542.183698229066
52 738 542.185039229066
77 897 543.287421776743
35 897 543.287421776743
66 897 543.287421776743
6 607 543.291548776743
44 607 543.291548776743
66 607 543.291548776743
8 837 543.292941776743
44 837 543.292941776743
66 837 543.292941776743
53 697 543.295714776743
44 697 543.295714776743
66 697 543.295714776743
89 827 543.299815776743
65 827 543.299815776743
66 827 543.299815776743
66 658 543.356835920476
3 648 543.358254920476
65 648 543.358254920476
66 648 543.358254920476
1 788 543.359634920476
65 788 543.359634920476
66 788 543.359634920476
52 887 544.17574745421
55 887 544.17574745421
88 677 544.185148978459
2 677 544.185148978459
88 678 544.195878118999
2 678 544.195878118999
88 688 544.198586689269
2 688 544.198586689269
55 717 544.277011853839
23 817 544.278352853839
71 817 544.278352853839
55 817 544.278352853839
55 718 544.281035437041
81 977 544.283744020243
23 977 544.283744020243
55 977 544.283744020243
55 867 544.285098020243
27 747 544.290605603445
66 747 544.290605603445
55 747 544.290605603445
54 997 546.684265771851
67 997 546.684265771851
88 997 546.684265771851
9 998 555.281677911329
99 667 559.173138552914
90 667 559.173138552914
67 608 563.777460446853
39 638 563.781600446853
60 638 563.781600446853
67 638 563.781600446853
39 748 563.783019446853
60 748 563.783019446853
67 748 563.783019446853
39 708 563.784412446853
60 708 563.784412446853
67 708 563.784412446853
48 758 575.184547275166
60 758 575.184547275166
70 808 586.19464357251
63 808 586.19464357251
21 808 586.19464357251
85 807 586.25819956811
44 807 586.25819956811
21 807 586.25819956811
50 838 604.156913950064
72 838 604.156913950064
40 798 604.158280950064
72 798 604.158280950064
