15 200 51.658402677708
3 320 56.65682756995
25 320 56.65682756995
32 240 56.65824656995
3 240 56.65824656995
25 240 56.65824656995
7 0 63.658298030819
39 0 63.658298030819
7 160 63.659652030819
39 160 63.659652030819
7 230 63.661058030819
39 230 63.661058030819
7 310 63.662438030819
39 310 63.662438030819
49 100 63.665237030819
39 100 63.665237030819
69 120 72.160768081738
18 20 72.162122081738
53 20 72.162122081738
69 20 72.162122081738
48 110 75.665014487684
79 110 75.665014487684
79 260 75.666433487684
62 30 75.673398487684
79 30 75.673398487684
29 170 80.656881207676
29 210 80.658300207676
29 1 80.662349207676
96 171 80.673285207676
29 171 80.673285207676
17 290 96.659537503749
17 10 96.674561503749
1 140 96.677360503749
17 140 96.677360503749
1 220 96.678766503749
17 220 96.678766503749
17 11 96.680172503749
1 40 96.681565503749
17 40 96.681565503749
1 41 96.682971503749
17 41 96.682971503749
31 161 96.685705503749
1 161 96.685705503749
17 161 96.685705503749
1 311 96.687124503749
17 311 96.687124503749
32 370 97.192343605922
70 370 97.192343605922
75 370 97.192343605922
32 270 97.193749605922
70 270 97.193749605922
75 270 97.193749605922
70 31 97.196444605922
75 31 97.196444605922
27 300 101.660989023543
30 350 101.663723023543
27 350 101.663723023543
54 340 101.670597023543
35 340 101.670597023543
27 340 101.670597023543
35 130 101.676104023543
3 130 101.676104023543
27 130 101.676104023543
3 351 101.677523023543
27 351 101.677523023543
75 181 101.689839023543
27 181 101.689839023543
43 141 105.684194324357
54 141 105.684194324357
35 141 105.684194324357
53 180 105.688217324357
12 180 105.688217324357
35 180 105.688217324357
35 121 105.689623324357
15 241 111.775759040208
52 381 112.178979286104
4 381 112.178979286104
80 280 124.161068029006
80 281 124.162435029006
80 321 124.174634029006
56 301 124.178670029006
80 301 124.178670029006
31 191 124.257001026274
0 191 124.257001026274
80 191 124.257001026274
13 201 124.258407026274
80 201 124.258407026274
58 131 124.265333026274
16 131 124.265333026274
80 131 124.265333026274
58 221 124.266752026274
16 221 124.266752026274
80 221 124.266752026274
13 101 138.658641690002
5 360 138.775709675058
58 360 138.775709675058
5 331 138.781112919994
58 331 138.781112919994
5 361 138.789198226878
13 361 138.789198226878
13 42 138.856844123774
10 330 140.18778867256
13 330 140.18778867256
16 330 140.18778867256
70 111 154.19844732617
18 111 154.19844732617
45 111 154.19844732617
45 182 154.25556032978
33 32 170.670315679907
94 222 170.685508679907
33 222 170.685508679907
34 231 170.688255679907
6 231 170.688255679907
33 231 170.688255679907
20 190 170.689635679907
33 190 170.689635679907
33 202 170.690963679907
57 371 172.656791864111
88 312 172.771456915408
51 312 172.771456915408
31 352 172.774126079052
88 352 172.774126079052
51 352 172.774126079052
31 142 172.788931738462
37 142 172.788931738462
51 142 172.788931738462
88 172 172.797044260986
93 341 172.855427466636
51 341 172.855427466636
76 21 173.762373652204
15 21 173.762373652204
66 21 173.762373652204
76 22 173.763740652204
15 22 173.763740652204
66 22 173.763740652204
76 122 173.767919652204
15 122 173.767919652204
66 122 173.767919652204
38 272 180.180839534338
99 242 184.770609573083
11 362 191.256837247455
67 362 191.256837247455
68 302 193.161277103929
31 372 193.176431103929
50 372 193.176431103929
68 372 193.176431103929
30 292 193.177850103929
68 292 193.177850103929
79 12 207.767715075803
22 12 207.767715075803
69 12 207.767715075803
12 112 207.771868075803
62 112 207.771868075803
69 112 207.771868075803
62 123 207.773222075803
69 123 207.773222075803
62 251 212.658234938653
29 251 212.658234938653
29 252 212.659562938653
81 391 212.665082938653
29 391 212.665082938653
5 392 212.676005938653
14 392 212.676005938653
29 392 212.676005938653
63 262 214.165027198795
32 262 214.165027198795
90 232 214.180259198795
32 232 214.180259198795
77 3 214.183006198795
3 3 214.183006198795
32 3 214.183006198795
3 342 225.671802331565
41 342 225.671802331565
41 33 225.673182331565
52 153 225.682790331565
41 153 225.682790331565
41 113 225.684209331565
11 163 225.686956331565
41 163 225.686956331565
41 303 225.693765331565
59 282 227.180868631755
56 282 227.180868631755
40 282 227.180868631755
52 152 227.182235631755
40 152 227.182235631755
60 102 227.198808631755
11 102 227.198808631755
40 102 227.198808631755
73 211 228.157849438684
73 212 228.159229438684
96 133 230.66465668616
46 192 230.67556668616
96 192 230.67556668616
59 243 231.69273079016
1 243 231.69273079016
3 243 231.69273079016
59 393 231.69409779016
1 393 231.69409779016
3 393 231.69409779016
48 13 237.672033709727
15 13 237.672033709727
77 23 237.674767709727
48 23 237.674767709727
15 23 237.674767709727
88 203 238.66945962226
27 253 242.275388232729
29 103 247.797176933479
17 223 250.663586452609
91 313 250.667765452609
17 313 250.667765452609
4 353 251.283016678072
92 353 251.283016678072
75 353 251.283016678072
4 383 251.284383678072
92 383 251.284383678072
75 383 251.284383678072
75 104 251.297936678072
80 363 256.179807614444
63 373 256.19458613794
50 373 256.19458613794
80 373 256.19458613794
55 43 256.260915083323
80 43 256.260915083323
84 263 271.173207593923
40 263 271.173207593923
76 14 271.182659593923
40 14 271.182659593923
40 324 271.184078593923
21 143 271.185471593923
9 143 271.185471593923
40 143 271.185471593923
97 44 271.679333688543
55 44 271.679333688543
97 194 271.680713688543
55 194 271.680713688543
43 314 277.67119112917
43 34 277.67251912917
63 233 280.17817974727
76 233 280.17817974727
32 233 280.17817974727
45 333 280.19179774727
9 333 280.19179774727
32 333 280.19179774727
75 183 280.19585974727
10 183 280.19585974727
32 183 280.19585974727
63 214 292.678535200323
64 214 292.678535200323
51 184 292.681191200323
90 184 292.681191200323
64 184 292.681191200323
18 343 292.689523200323
65 343 292.689523200323
64 343 292.689523200323
65 344 292.690890200323
64 344 292.690890200323
64 193 292.692283200323
90 244 300.183125457082
17 244 300.183125457082
63 213 300.256855457518
64 213 300.256855457518
17 213 300.256855457518
50 254 303.669136115633
50 234 303.671792115633
51 114 303.673211115633
50 114 303.673211115633
51 294 303.674604115633
50 294 303.674604115633
51 204 303.677312115633
50 204 303.677312115633
30 164 309.171804508963
92 164 309.171804508963
92 144 309.182753508963
83 134 309.260962507098
66 134 309.260962507098
92 134 309.260962507098
83 264 311.66914303694
87 364 311.69507703694
96 364 311.69507703694
83 364 311.69507703694
92 304 311.77231004071
83 304 311.77231004071
46 15 322.291827713283
23 15 322.291827713283
81 15 322.291827713283
23 45 322.293181713283
81 45 322.293181713283
81 235 322.294574713283
23 115 322.295941713283
81 115 322.295941713283
70 4 323.159407449377
70 124 323.174301498385
98 255 340.174862892883
98 215 340.178924892883
82 275 341.681299471583
16 394 341.69793087583
31 394 341.69793087583
27 394 341.69793087583
31 165 341.69933687583
27 165 341.69933687583
27 315 341.755495318323
88 205 341.756901318323
38 205 341.756901318323
27 205 341.756901318323
44 274 344.171270258595
81 274 344.171270258595
7 305 355.759586963997
28 305 355.759586963997
61 334 357.187191616159
28 334 357.187191616159
74 334 357.187191616159
72 355 361.192447727077
11 355 361.192447727077
75 355 361.192447727077
45 224 361.193827727077
85 224 361.193827727077
75 224 361.193827727077
85 335 361.197941727077
75 335 361.197941727077
62 5 361.273382722714
79 5 361.273382722714
75 5 361.273382722714
21 265 361.274736722714
79 265 361.274736722714
75 265 361.274736722714
72 384 361.667853256974
35 384 361.667853256974
95 245 362.26110991609
35 245 362.26110991609
98 245 362.26110991609
89 225 373.662617846313
19 225 373.662617846313
3 225 373.662617846313
36 155 374.173964512089
94 155 374.173964512089
94 365 374.175305512089
37 154 374.183585512089
94 154 374.183585512089
94 375 374.184913512089
16 25 374.193154512089
37 25 374.193154512089
94 25 374.193154512089
16 395 374.194560512089
37 395 374.194560512089
94 395 374.194560512089
31 385 374.197385512089
37 385 374.197385512089
94 385 374.197385512089
19 285 381.265073253429
3 285 381.265073253429
80 285 381.265073253429
61 295 384.760868521923
58 295 384.760868521923
23 226 385.756738235401
22 46 385.758105235401
23 46 385.758105235401
1 345 388.182167254164
81 345 388.182167254164
39 166 392.19827752622
54 166 392.19827752622
36 166 392.19827752622
39 16 392.19969652622
54 16 392.19969652622
36 16 392.19969652622
54 396 392.256929523174
36 396 392.256929523174
78 175 401.694708940686
84 175 401.694708940686
60 175 401.694708940686
47 296 401.769210411262
60 296 401.769210411262
52 176 401.770616411262
60 176 401.770616411262
12 24 407.18049104617
65 24 407.18049104617
22 24 407.18049104617
4 185 407.261119041772
22 185 407.261119041772
62 186 407.263775041772
22 186 407.263775041772
16 374 418.677587681101
1 374 418.677587681101
9 26 418.688484681101
1 26 418.688484681101
1 266 418.692494681101
26 286 418.693822681101
1 286 418.693822681101
68 116 423.17448392399
67 116 423.17448392399
13 106 428.693153204022
10 276 428.75944820145
13 276 428.75944820145
40 306 430.17133875046
56 306 430.17133875046
77 306 430.17133875046
32 206 432.164705258686
19 346 459.671752878364
47 346 459.671752878364
83 135 459.675827878364
27 135 459.675827878364
47 135 459.675827878364
65 125 459.681308878364
48 125 459.681308878364
47 125 459.681308878364
96 196 459.684055878364
47 196 459.684055878364
96 356 459.685435878364
47 356 459.685435878364
96 357 459.686776878364
47 357 459.686776878364
77 327 464.256799819233
23 156 464.259495464637
58 156 464.259495464637
77 156 464.259495464637
23 256 464.262204110041
58 256 464.262204110041
77 256 464.262204110041
58 107 464.263623110041
77 107 464.263623110041
34 386 464.663670725882
84 386 464.663670725882
1 386 464.663670725882
40 157 469.18198836711
40 257 469.18332936711
43 126 469.18605036711
40 126 469.18605036711
12 336 469.18746936711
43 336 469.18746936711
40 336 469.18746936711
43 177 469.19170036711
40 177 469.19170036711
55 146 487.665325643641
35 146 487.665325643641
55 207 487.666692643641
35 207 487.666692643641
55 316 487.668072643641
35 316 487.668072643641
31 246 487.670780643641
55 246 487.670780643641
35 246 487.670780643641
55 317 487.672147643641
35 317 487.672147643641
55 147 487.673475643641
35 147 487.673475643641
55 197 487.674829643641
35 197 487.674829643641
82 187 487.676183643641
55 187 487.676183643641
35 187 487.676183643641
95 267 487.678943643641
55 267 487.678943643641
35 267 487.678943643641
76 37 487.698263643641
17 37 487.698263643641
35 37 487.698263643641
3 247 487.699591643641
17 247 487.699591643641
35 247 487.699591643641
92 307 499.199890433874
92 27 499.25550743449
92 18 499.28158443449
73 367 514.163408209378
86 8 529.187656086964
88 8 529.187656086964
2 8 529.187656086964
52 277 536.676446728138
55 277 536.676446728138
55 388 536.677787728138
55 237 536.688892728138
55 238 536.690220728138
23 218 536.695818728138
55 218 536.695818728138
49 28 551.659913037047
85 127 551.664105259421
49 127 551.664105259421
49 138 551.666262792449
13 188 551.667655792449
49 188 551.667655792449
66 167 551.668996792449
49 167 551.668996792449
66 7 551.670350792449
49 7 551.670350792449
66 278 551.674360792449
49 278 551.674360792449
87 337 551.678435792449
49 337 551.678435792449
87 376 551.679828792449
49 376 551.679828792449
49 358 551.682549792449
1 348 551.683890792449
49 348 551.683890792449
65 38 551.685270792449
1 38 551.685270792449
49 38 551.685270792449
65 377 551.686650792449
1 377 551.686650792449
49 377 551.686650792449
65 378 551.688056792449
1 378 551.688056792449
49 378 551.688056792449
69 397 551.689384792449
66 397 551.689384792449
49 397 551.689384792449
44 198 551.693433792449
49 198 551.693433792449
44 208 551.694852792449
49 208 551.694852792449
57 117 551.697586792449
44 117 551.697586792449
49 117 551.697586792449
57 227 551.75551737335
44 227 551.75551737335
49 227 551.75551737335
57 228 551.75687137335
44 228 551.75687137335
49 228 551.75687137335
57 328 551.75821237335
44 328 551.75821237335
49 328 551.75821237335
64 268 551.76097237335
46 268 551.76097237335
49 268 551.76097237335
74 288 551.76235237335
46 288 551.76235237335
49 288 551.76235237335
2 308 553.75541253276
94 308 553.75541253276
2 287 553.75677953276
94 287 553.75677953276
9 118 554.660893619343
9 158 554.662273619343
14 168 554.671829619343
92 168 554.671829619343
9 168 554.671829619343
30 298 555.67338301241
52 298 555.67338301241
11 298 555.67338301241
9 338 555.69280701241
11 338 555.69280701241
52 387 560.18813457797
97 387 560.18813457797
79 318 560.755430908871
67 318 560.755430908871
67 169 560.771964908871
80 48 579.178490320403
60 48 579.178490320403
5 398 579.181250320403
60 398 579.181250320403
60 399 579.186822320403
58 219 579.189543320403
60 219 579.189543320403
47 368 591.691304354612
72 368 591.691304354612
53 148 591.692671354612
72 148 591.692671354612
36 129 591.759646351405
47 129 591.759646351405
72 129 591.759646351405
36 179 591.760974351405
47 179 591.760974351405
72 179 591.760974351405
47 369 591.762302351405
72 369 591.762302351405
