62 450 53.658366906036
63 450 53.658366906036
71 470 57.656819448251
71 490 57.658199448251
0 440 74.156898805873
60 440 74.156898805873
65 790 76.65703061651
79 480 76.65837161651
65 480 76.65837161651
53 780 78.769039340571
69 780 78.769039340571
56 730 86.176817977147
27 730 86.176817977147
52 400 92.158255600304
24 400 92.158255600304
52 430 92.159661600304
24 430 92.159661600304
24 700 92.163762600304
24 770 92.167850600304
75 760 103.673256645855
72 740 109.675901225557
54 740 109.675901225557
35 740 109.675901225557
74 720 109.677229225557
54 720 109.677229225557
35 720 109.677229225557
54 401 109.678635225557
35 401 109.678635225557
12 421 115.188208193802
69 421 115.188208193802
79 701 121.87027523999
0 431 125.174649934272
4 431 125.174649934272
45 731 125.184374934272
4 731 125.184374934272
80 410 130.659955122838
80 420 130.662754122838
13 761 139.758447134536
44 411 154.156925493589
93 451 154.192649493589
44 451 154.192649493589
37 711 154.26847471061
44 711 154.26847471061
48 491 156.25699185448
91 781 159.17212083237
54 781 159.17212083237
54 452 159.19944783237
33 771 168.691138900228
6 771 168.691138900228
85 721 168.693950900228
33 721 168.693950900228
6 721 168.693950900228
27 432 176.782116398531
99 432 176.782116398531
69 442 198.763779344681
29 712 211.272741355128
12 741 211.275475355128
29 741 211.275475355128
12 742 211.282323355128
29 742 211.282323355128
40 752 218.159897459123
61 722 218.162644459123
40 722 218.162644459123
52 492 218.164050459123
40 492 218.164050459123
15 422 218.179139459123
40 422 218.179139459123
77 782 218.685525276714
41 782 218.685525276714
32 461 219.66649149754
32 462 219.66919949754
46 472 219.67190749754
32 472 219.67190749754
3 772 219.68684049754
32 772 219.68684049754
73 423 234.671710919552
29 483 243.861031305302
88 792 243.874753305302
29 792 243.874753305302
10 762 243.955550300987
77 762 243.955550300987
29 762 243.955550300987
29 773 243.956943300987
0 471 245.684100184539
51 471 245.684100184539
88 471 245.684100184539
80 763 254.797666228092
55 493 254.863997223884
80 493 254.863997223884
17 443 254.873735223884
80 443 254.873735223884
61 702 267.183304050278
84 702 267.183304050278
40 702 267.183304050278
84 433 267.186051050278
40 433 267.186051050278
43 713 285.661154729319
31 783 285.674876729319
27 783 285.674876729319
43 783 285.674876729319
78 424 300.682677253853
82 424 300.682677253853
82 784 300.684096253853
42 454 300.691048253853
82 454 300.691048253853
92 714 302.980176372187
14 714 302.980176372187
6 453 304.670826889922
82 453 304.670826889922
8 453 304.670826889922
96 764 304.680551889922
8 764 304.680551889922
96 473 304.686110889922
58 473 304.686110889922
8 473 304.686110889922
65 723 304.688779889922
64 723 304.688779889922
8 723 304.688779889922
9 753 306.6839317539
32 753 306.6839317539
23 484 306.6907407539
52 484 306.6907407539
32 484 306.6907407539
17 774 309.795395579307
30 703 312.979152474853
92 703 312.979152474853
98 474 333.170656552255
95 464 333.192363449441
53 464 333.192363449441
98 464 333.192363449441
53 734 333.193704449441
98 734 333.193704449441
81 425 337.279691611422
28 744 346.967793546238
27 444 352.16666739419
98 465 355.190353824999
35 494 355.193113824999
98 494 355.193113824999
70 755 376.295973968981
94 755 376.295973968981
37 724 376.297392968981
94 724 376.297392968981
59 435 376.37075780305
49 435 376.37075780305
94 435 376.37075780305
59 725 376.37213780305
49 725 376.37213780305
94 725 376.37213780305
13 415 385.267110170849
3 415 385.267110170849
98 455 391.062370549874
60 445 391.066497549874
45 445 391.066497549874
98 445 391.066497549874
45 715 391.067916549874
98 715 391.067916549874
98 456 391.069309549874
84 414 391.173617164669
84 785 391.174984164669
92 765 394.265208138385
9 765 394.265208138385
54 765 394.265208138385
82 754 394.266614138385
9 754 394.266614138385
54 754 394.266614138385
46 485 397.767643647378
36 485 397.767643647378
46 405 397.769049647378
36 405 397.769049647378
36 495 397.771809647378
49 475 397.773150647378
36 475 397.773150647378
49 775 397.775923647378
36 775 397.775923647378
85 436 435.162296451021
78 436 435.162296451021
8 406 435.178674451021
78 406 435.178674451021
32 466 445.18076157574
89 407 454.191540871313
87 437 454.197099871313
9 437 454.197099871313
89 437 454.197099871313
62 735 463.758143344568
47 735 463.758143344568
62 736 463.759510344568
47 736 463.759510344568
88 795 463.764926854228
47 795 463.764926854228
47 705 463.767648602731
84 705 463.767648602731
77 705 463.767648602731
72 426 463.772987385664
88 426 463.772987385664
47 426 463.772987385664
88 726 463.77835240744
47 726 463.77835240744
88 746 463.78504580505
47 746 463.78504580505
88 446 463.793106578494
47 446 463.793106578494
87 416 463.86199134426
97 416 463.86199134426
84 416 463.86199134426
34 716 474.16430538293
88 766 474.255498871866
47 766 474.255498871866
34 766 474.255498871866
46 486 487.666462643207
0 486 487.666462643207
51 486 487.666462643207
0 467 487.670641643207
51 467 487.670641643207
0 737 487.673401643207
51 737 487.673401643207
14 707 489.275712327679
31 457 489.279852327679
70 457 489.279852327679
14 457 489.279852327679
92 427 489.289551327679
14 427 489.289551327679
92 447 489.292389327679
14 447 489.292389327679
31 796 498.169214137049
95 796 498.169214137049
72 796 498.169214137049
82 747 498.171961137049
95 747 498.171961137049
72 747 498.171961137049
95 797 498.173341137049
72 797 498.173341137049
95 787 498.174669137049
72 787 498.174669137049
72 496 508.266700024676
73 496 508.266700024676
2 706 509.177825554973
92 706 509.177825554973
86 408 541.665595716523
86 717 541.672404716523
86 718 541.677846716523
99 487 550.163844757348
97 487 550.163844757348
99 488 550.166656757348
97 488 550.166656757348
90 417 550.173621757348
99 417 550.173621757348
97 417 550.173621757348
21 478 561.461140327272
90 478 561.461140327272
9 478 561.461140327272
21 767 561.462520327272
90 767 561.462520327272
9 767 561.462520327272
39 708 578.160215067398
48 758 578.171320067398
39 758 578.171320067398
21 798 578.172674067398
39 798 578.172674067398
94 468 578.174093067398
39 468 578.174093067398
46 728 578.175421067398
94 728 578.175421067398
39 728 578.175421067398
53 448 578.176749067398
94 448 578.176749067398
39 448 578.176749067398
88 738 578.182204067398
94 738 578.182204067398
39 738 578.182204067398
93 458 605.260166357332
93 418 605.261546357332
93 788 605.264306357332
25 438 605.268407357332
93 438 605.268407357332
