15 200 51.658402677708
3 320 56.65682756995
25 320 56.65682756995
32 240 56.65824656995
3 240 56.65824656995
25 240 56.65824656995
7 160 63.659639030819
39 160 63.659639030819
7 230 63.661019030819
39 230 63.661019030819
7 310 63.662360030819
39 310 63.662360030819
49 100 63.665159030819
39 100 63.665159030819
69 120 72.160768081738
48 110 75.664988487684
79 110 75.664988487684
79 260 75.666316487684
53 180 79.195974133167
26 180 79.195974133167
29 170 80.656881207676
29 210 80.658274207676
17 290 96.659628503749
1 140 96.678354049385
17 140 96.678354049385
1 220 96.679708049385
17 220 96.679708049385
1 161 96.687988049385
17 161 96.687988049385
1 311 96.689316049385
17 311 96.689316049385
30 350 97.189620605922
70 350 97.189620605922
75 350 97.189620605922
32 270 97.195088605922
70 270 97.195088605922
75 270 97.195088605922
24 370 101.659804023543
27 370 101.659804023543
27 300 101.661210023543
54 340 101.670896023543
35 340 101.670896023543
27 340 101.670896023543
35 130 101.676390023543
3 130 101.676390023543
27 130 101.676390023543
3 351 101.677796023543
27 351 101.677796023543
75 181 101.691544023543
27 181 101.691544023543
43 141 105.682931324357
54 141 105.682931324357
35 141 105.682931324357
35 121 105.688386324357
79 111 119.673203650346
80 280 124.161068029006
80 281 124.162422029006
80 321 124.174725029006
56 301 124.178826029006
80 301 124.178826029006
31 190 124.255504026274
0 190 124.255504026274
80 190 124.255504026274
31 191 124.256910026274
0 191 124.256910026274
80 191 124.256910026274
13 101 124.258303026274
14 101 124.258303026274
80 101 124.258303026274
58 131 124.265190026274
16 131 124.265190026274
80 131 124.265190026274
58 221 138.66011074121
13 221 138.66011074121
13 201 138.668195988442
5 360 138.779824042462
58 360 138.779824042462
5 361 138.78387316493
58 361 138.78387316493
5 331 138.786594287398
58 331 138.786594287398
5 381 138.789328409866
58 381 138.789328409866
10 330 142.178375063991
13 330 142.178375063991
97 330 142.178375063991
45 222 154.25976532978
53 231 154.26118432978
22 231 154.26118432978
45 231 154.26118432978
48 151 163.66193768211
33 202 170.692618683203
57 371 172.656752864111
31 142 172.763526530209
37 142 172.763526530209
51 142 172.763526530209
88 312 172.772928125855
51 312 172.772928125855
88 172 172.790402712143
45 182 172.793072244025
17 182 172.793072244025
88 182 172.793072244025
97 241 172.873070062462
51 241 172.873070062462
93 341 172.874424062462
97 341 172.874424062462
51 341 172.874424062462
2 122 173.759808652204
15 122 173.759808652204
66 122 173.759808652204
88 372 173.762555652204
66 372 173.762555652204
38 272 180.188833534338
43 392 180.197009534338
56 392 180.197009534338
38 392 180.197009534338
16 242 184.758384573083
99 242 184.758384573083
68 112 193.159897103929
68 302 193.176470103929
61 342 207.764994075803
22 342 207.764994075803
69 342 207.764994075803
62 123 207.780057075803
69 123 207.780057075803
11 352 212.265389249411
12 352 212.265389249411
81 352 212.265389249411
62 251 212.656802938653
29 251 212.656802938653
29 252 212.658221938653
81 391 212.663728938653
29 391 212.663728938653
5 362 212.673219938653
14 362 212.673219938653
29 362 212.673219938653
63 262 214.165131198795
32 262 214.165131198795
82 192 214.171953198795
32 192 214.171953198795
90 232 214.188409198795
32 232 214.188409198795
2 152 214.191221198795
3 152 214.191221198795
32 152 214.191221198795
52 153 225.680004331565
41 153 225.680004331565
41 303 225.692359331565
59 102 227.188797631755
56 102 227.188797631755
40 102 227.188797631755
59 282 227.191557631755
56 282 227.191557631755
40 282 227.191557631755
96 211 230.66194868616
73 212 230.66332868616
96 212 230.66332868616
48 163 237.682852709727
62 163 237.682852709727
15 163 237.682852709727
27 253 242.275377232729
51 183 242.755574564936
88 183 242.755574564936
48 353 247.194453825084
29 353 247.194453825084
95 203 247.260968944709
48 203 247.260968944709
29 203 247.260968944709
29 103 247.285782944709
17 223 250.665135452609
91 313 250.667947452609
17 313 250.667947452609
31 133 250.669288452609
91 133 250.669288452609
17 133 250.669288452609
92 393 251.276272678072
75 393 251.276272678072
95 113 251.290020678072
75 113 251.290020678072
92 193 251.294160678072
95 193 251.294160678072
75 193 251.294160678072
75 104 251.295527678072
80 363 256.177151614444
84 263 271.171801593923
40 263 271.171801593923
40 324 271.174548593923
45 333 271.177308593923
9 333 271.177308593923
40 333 271.177308593923
19 243 271.683343688543
97 243 271.683343688543
55 243 271.683343688543
97 194 271.684684688543
55 194 271.684684688543
43 314 277.677293892548
63 233 280.180116158968
76 233 280.180116158968
32 233 280.180116158968
63 373 280.181483158968
76 373 280.181483158968
32 373 280.181483158968
9 213 280.184230158968
32 213 280.184230158968
21 143 280.185636158968
9 143 280.185636158968
32 143 280.185636158968
90 184 292.674122200323
64 184 292.674122200323
90 244 292.675528200323
64 244 292.675528200323
19 344 292.685175200323
64 344 292.685175200323
51 114 295.171435491507
51 294 295.174221491507
51 204 295.178374491507
50 254 295.192213491507
51 254 295.192213491507
50 234 295.195038491507
51 234 295.195038491507
23 384 295.196418491507
50 384 295.196418491507
51 384 295.196418491507
17 343 300.172448457082
64 214 300.184868457082
17 214 300.184868457082
65 383 300.187628457082
17 383 300.187628457082
30 164 309.167742508963
92 164 309.167742508963
92 304 309.169122508963
83 134 311.66366203694
58 144 311.66500303694
83 144 311.66500303694
83 264 311.66633103694
87 364 311.69365803694
96 364 311.69365803694
83 364 311.69365803694
87 374 311.69506403694
96 374 311.69506403694
83 374 311.69506403694
86 154 317.682939696785
19 154 317.682939696785
45 224 322.165784284633
42 224 322.165784284633
81 275 322.277061652251
81 235 322.279770167509
23 115 322.282504682767
81 115 322.282504682767
70 394 323.170213522889
0 124 323.172895547393
70 124 323.172895547393
82 274 332.192953986445
98 255 340.167962892883
6 165 341.695645322866
27 165 341.695645322866
6 345 341.698353322866
27 345 341.698353322866
88 205 357.182341340377
43 205 357.182341340377
35 205 357.182341340377
43 385 357.183734340377
35 385 357.183734340377
43 215 357.185153340377
35 215 357.185153340377
5 265 374.169969512089
94 265 374.169969512089
94 334 374.183756512089
94 335 374.186529512089
33 135 374.190643512089
94 135 374.190643512089
46 245 374.198884512089
56 245 374.198884512089
94 245 374.198884512089
36 155 374.256766534747
94 155 374.256766534747
94 365 374.258159534747
94 375 374.260893534747
16 395 374.264942534747
37 395 374.264942534747
94 395 374.264942534747
80 295 384.67190822634
21 295 384.67190822634
45 225 384.759462445163
29 225 384.759462445163
21 225 384.759462445163
58 125 388.265181258609
81 125 388.265181258609
12 185 388.266587258609
58 185 388.266587258609
81 185 388.266587258609
98 226 398.261135878411
78 175 398.263869878411
84 175 398.263869878411
98 175 398.263869878411
47 296 401.763833411262
60 296 401.763833411262
62 186 407.19818404617
22 186 407.19818404617
54 396 413.175156232151
71 356 428.662299204022
13 356 428.662299204022
13 106 428.663666204022
40 266 430.16999775046
77 266 430.16999775046
40 305 430.17411175046
77 305 430.17411175046
30 176 430.17691075046
40 176 430.17691075046
77 176 430.17691075046
40 306 430.17830375046
77 306 430.17830375046
64 276 430.18102475046
77 276 430.18102475046
26 286 430.18509975046
97 286 430.18509975046
77 286 430.18509975046
68 116 433.168271943333
67 116 433.168271943333
67 376 433.175340943333
32 166 442.199469044759
32 206 442.258153045745
25 156 455.190957302209
89 156 455.190957302209
89 157 455.255695160508
40 257 455.257036160508
89 257 455.257036160508
94 196 459.674525878364
47 196 459.674525878364
40 256 469.17386436711
33 126 469.18080336711
43 126 469.18080336711
40 126 469.18080336711
43 177 469.18219636711
40 177 469.18219636711
58 107 472.794553694185
77 107 472.794553694185
89 146 477.26536822339
89 147 477.26669622339
19 386 477.26808922339
14 386 477.26808922339
89 386 477.26808922339
14 197 477.26946922339
89 197 477.26946922339
17 127 477.27088822339
14 127 477.27088822339
89 127 477.27088822339
76 315 487.667131302204
48 315 487.667131302204
35 315 487.667131302204
95 247 487.676518703313
55 247 487.676518703313
35 247 487.676518703313
17 227 487.687532703313
35 227 487.687532703313
12 336 487.691581703313
17 336 487.691581703313
35 336 487.691581703313
92 307 508.195172689742
30 287 508.196591689742
92 287 508.196591689742
42 267 508.199338689742
92 267 508.199338689742
0 167 514.670675213479
73 167 514.670675213479
79 207 514.677549213479
73 207 514.677549213479
79 317 514.678877213479
73 317 514.678877213479
95 246 514.682978213479
79 246 514.682978213479
73 246 514.682978213479
82 187 514.687105213479
79 187 514.687105213479
73 187 514.687105213479
73 316 514.698145213479
94 277 514.699525213479
73 277 514.699525213479
74 297 514.755574214272
94 297 514.755574214272
73 297 514.755574214272
2 268 529.163628581993
2 298 529.165034581993
83 117 536.687862815856
90 117 536.687862815856
55 117 536.687862815856
56 118 536.69053200921
90 118 536.69053200921
55 118 536.69053200921
56 158 536.693240202564
90 158 536.693240202564
55 158 536.693240202564
43 337 536.698630395918
90 337 536.698630395918
55 337 536.698630395918
68 238 536.75946202444
16 238 536.75946202444
86 238 536.75946202444
23 218 536.764878223379
55 218 536.764878223379
66 278 547.659256460488
13 188 551.668121273872
49 188 551.668121273872
87 377 551.676181076634
49 377 551.676181076634
49 358 551.684280682158
69 397 551.689672287682
66 397 551.689672287682
49 397 551.689672287682
69 378 551.693722090444
66 378 551.693722090444
49 378 551.693722090444
69 348 551.696404893206
66 348 551.696404893206
49 348 551.696404893206
44 198 551.697771893206
49 198 551.697771893206
57 237 551.756820343397
44 237 551.756820343397
49 237 551.756820343397
57 228 551.759555162831
44 228 551.759555162831
49 228 551.759555162831
57 208 551.763591982265
44 208 551.763591982265
49 208 551.763591982265
46 178 551.768995801699
24 178 551.768995801699
49 178 551.768995801699
46 328 551.771730621133
24 328 551.771730621133
49 328 551.771730621133
46 128 551.773123621133
24 128 551.773123621133
49 128 551.773123621133
97 119 560.19644257797
71 168 561.181676268997
43 168 561.181676268997
94 168 561.181676268997
43 217 561.183004268997
94 217 561.183004268997
55 387 561.189904268997
14 387 561.189904268997
94 387 561.189904268997
43 338 561.191284268997
94 338 561.191284268997
55 388 561.194031268997
14 388 561.194031268997
94 388 561.194031268997
63 398 577.675357306802
60 398 577.675357306802
60 318 577.684978306802
60 319 577.690472306802
60 169 577.694677306802
60 399 577.696096306802
58 219 577.758222307499
60 219 577.758222307499
93 258 598.175261992649
93 149 598.183437992649
93 259 598.184843992649
83 199 598.187564992649
93 199 598.187564992649
83 339 598.188892992649
93 339 598.188892992649
