61 610 52.755405514293
63 630 53.655457611987
95 950 69.955669501092
60 600 74.155550327469
85 850 74.156904327469
71 710 74.160992327469
65 650 76.655561876212
79 790 76.656889876212
87 870 76.658282876212
69 690 78.755351967687
62 620 78.756770967687
77 770 79.260213954039
78 780 83.160649328413
84 840 83.164828328413
92 920 83.166195328413
83 830 85.6597493367
86 860 85.6679643367
96 960 85.6693313367
73 730 85.6707243367
66 660 85.6721043367
94 940 87.658169548477
70 700 103.656927344713
81 810 103.659674344713
76 760 103.663775344713
90 900 103.666496344713
75 751 103.667863344713
61 611 105.878116550251
69 691 116.755377855712
82 820 116.770453855712
88 881 118.18686646254
79 791 123.288757282363
72 720 124.159184612392
74 740 124.160538612392
68 680 124.163311612392
99 990 124.182605612392
89 890 125.166501419636
98 980 125.167868419636
80 800 125.169209419636
75 750 125.170563419636
91 910 125.171943419636
80 801 125.176044419636
68 681 125.177450419636
97 971 125.178778419636
64 641 128.176368313602
60 601 130.171017938594
88 880 130.184778938594
70 701 130.186184938594
97 970 132.676832077641
64 640 132.678251077641
67 670 132.681024077641
93 930 134.655524523278
93 931 134.66698227561
65 651 134.66832327561
99 991 134.67946727561
89 891 136.769128590104
87 871 136.77183678908
83 831 136.785273584984
63 631 136.78795578396
72 721 136.791991982936
85 851 136.795989181912
76 761 137.191946360311
82 821 137.256997359813
66 661 145.356846961177
71 711 145.664158892596
90 901 145.665499892596
73 731 152.779600724044
86 861 152.780980724044
74 741 152.791942724044
62 621 164.66188776394
96 961 164.66324176394
77 771 173.194781378115
94 941 173.196187378115
93 932 175.76653015768
78 781 177.163775929094
66 662 181.259551445749
81 811 194.162524324552
71 712 194.173629324552
62 622 194.174970324552
81 812 207.265161549197
84 841 207.274717549197
98 981 207.276097549197
92 921 207.277477549197
83 832 207.280237549197
91 911 207.281565549197
89 892 207.282971549197
74 742 207.284325549197
90 902 207.285679549197
84 842 207.287007549197
85 852 207.293998549197
98 982 207.295378549197
73 732 207.298099549197
70 702 207.299427549197
91 912 207.355540544747
64 642 208.159584005298
65 652 208.160925005298
69 692 208.664880794473
79 792 208.692337794473
61 612 208.693704794473
67 671 209.755575652232
67 672 209.756955652232
82 822 216.691967383482
60 602 219.665324117031
80 802 219.670792117031
95 951 219.672159117031
77 772 219.674893117031
78 782 219.677679117031
94 942 219.681767117031
68 682 219.687248117031
95 952 219.691362117031
75 752 234.667996798458
72 722 234.669389798458
86 862 234.670782798458
96 962 234.673542798458
73 733 234.681822798458
63 632 235.163761583674
74 743 235.170596583674
76 762 236.987307089986
62 623 250.16277031571
80 803 254.259587357242
76 763 254.260954357242
63 633 254.262334357242
96 963 254.269221357242
67 673 254.87930500247
78 783 254.88336700247
92 922 260.157198671193
97 972 260.167344465671
98 983 269.173991828437
64 643 269.175358828437
84 843 269.178131828437
61 613 269.188950828437
75 753 269.262382824465
77 773 269.265090824465
92 923 269.266470824465
65 653 308.165914762391
90 903 308.167294762391
68 683 308.170054762391
68 684 308.171447762391
60 603 308.178386762391
67 674 308.179740762391
71 713 308.187903762391
66 663 309.170843832473
72 723 309.181495932122
77 774 309.188202293942
79 793 309.190897372809
89 893 309.762409912087
71 714 309.763737912087
92 924 309.765117912087
79 794 309.788603912087
82 823 312.779844376832
66 664 312.781172376832
63 634 312.785273376832
78 784 312.786627376832
83 834 312.788020376832
82 824 312.796144376832
76 764 312.856932379468
87 872 324.159835483561
87 873 324.161163483561
70 704 331.256969017322
85 853 331.67051563202
62 624 331.68024063202
65 654 331.68156863202
98 984 331.68298763202
89 894 351.667110311901
81 813 351.671185311901
70 703 351.672552311901
81 814 351.673958311901
73 734 351.682147311901
60 604 356.372088585409
73 735 360.258150454485
80 804 360.275947454485
61 614 370.16999014593
74 744 370.18231914593
64 644 370.18510514593
74 745 370.18643314593
62 625 382.184537618432
65 655 382.187336618432
84 844 392.186264306341
78 785 392.188985356391
68 685 393.66373275434
69 695 393.66511275434
72 725 393.66787275434
79 795 393.66923975434
76 765 393.67056775434
70 705 393.67198675434
94 944 393.67331475434
85 854 393.67742875434
86 863 393.67884775434
86 864 393.68017575434
75 754 393.68154275434
67 675 393.68569575434
77 775 393.68706275434
85 855 393.68844275434
60 605 404.155576300917
71 715 404.159742300917
61 615 404.161148300917
60 606 404.187173300917
75 756 409.668676360186
69 694 415.162614993637
67 676 415.177573993637
78 786 435.160907702678
64 645 435.162248702678
63 635 435.163589702678
77 776 435.164956702678
66 665 435.167729702678
64 646 435.169083702678
89 895 435.170463702678
89 896 435.171804702678
65 656 444.393083718775
87 874 444.394463718775
70 706 444.395791718775
68 686 474.156165030465
77 777 480.955621684033
71 716 480.958394684033
96 966 482.355528050068
73 736 482.356947050068
96 967 482.361009050068
85 856 485.771211920455
63 636 485.772630920455
62 627 485.775390920455
62 626 485.776770920455
63 637 485.778098920455
79 796 485.780884920455
70 707 485.782212920455
61 616 485.783579920455
74 746 485.784959920455
72 726 485.787732920455
92 926 492.2775639023
65 657 492.2788919023
72 727 498.159673835574
73 737 498.169138835574
69 696 498.171911835574
79 797 498.174658835574
61 617 498.176012835574
67 677 541.290238263382
68 687 541.295745263382
71 718 541.297125263382
71 717 541.359723686202
75 757 543.256809924981
74 747 543.259556924981
66 668 543.260923924981
85 857 543.276116924981
69 698 543.277457924981
76 766 543.278785924981
69 697 543.280152924981
64 647 543.281480924981
60 607 543.282808924981
61 618 543.285568924981
65 658 543.286987924981
78 787 544.159563127109
67 678 563.759624446853
68 688 563.762371446853
73 738 563.763712446853
60 608 563.766511446853
66 667 563.767865446853
70 708 563.774739446853
63 638 563.778853446853
75 758 573.791588049361
79 798 573.795741049361
74 748 573.798449049361
85 858 573.799777049361
76 767 573.855550299462
60 609 573.856930299462
66 666 586.184982146637
