61 610 52.755463721338
63 630 53.655684906036
71 710 57.655465448251
95 950 69.955705938848
60 600 74.155505805873
85 850 74.156833805873
65 650 76.65563761651
79 790 76.65699161651
87 870 76.65833261651
69 690 78.755343340571
62 620 78.756762340571
78 780 83.157467106678
84 840 83.161464106678
92 920 83.162870106678
83 830 85.660569670479
86 860 85.667625670479
96 960 85.670411670479
73 730 85.671765670479
66 660 85.673132670479
82 820 92.369143283206
70 700 103.656878645855
77 770 103.658297645855
81 810 103.659703645855
76 760 103.662463645855
90 900 103.666512645855
75 751 103.667853645855
94 940 105.865609757296
61 611 105.880763757296
69 691 116.755330228596
72 720 124.156917904622
74 740 124.158310904622
68 680 124.161109904622
99 990 124.180039904622
89 890 125.167045716037
98 980 125.168399716037
80 800 125.169766716037
75 750 125.171094716037
91 910 125.172448716037
80 801 125.176575716037
68 681 125.177955716037
87 871 125.197002716037
88 881 130.180247214724
93 930 134.656145481582
66 661 134.662941481582
93 931 134.664360481582
65 651 134.669893481582
99 991 134.678134481582
77 771 134.695957481582
83 831 134.697376481582
97 970 136.655572165738
64 640 136.656926165738
67 670 136.662355165738
97 971 136.665024165738
88 880 136.681519165738
76 761 136.682899165738
78 781 136.684279165738
63 631 136.693861165738
89 891 142.181159176452
91 911 142.182552176452
84 841 145.66567145775
73 731 152.776266284998
86 861 152.778974284998
85 851 152.783088284998
96 961 164.660932748687
90 901 164.671946748687
62 621 166.763560845959
93 932 167.790824831092
72 721 168.690063526864
64 641 168.695544526864
67 671 168.696885526864
82 821 177.169180065743
74 741 177.177356065743
92 921 177.184282065743
98 981 177.185675065743
94 941 177.266465065762
66 662 187.260954349879
95 951 187.281446349879
84 842 207.298140500256
64 642 208.164570641719
77 772 208.168658641719
78 782 208.171379641719
95 952 208.175506641719
75 752 208.176899641719
72 722 208.181104641719
60 601 209.282228301102
71 711 209.290456301102
85 852 209.295885301102
97 972 209.297239301102
98 982 209.298593301102
74 742 209.299999301102
67 672 209.756975711383
81 811 209.759670711383
73 732 211.279723621756
91 912 211.281077621756
61 612 211.287977621756
90 902 211.363441266354
82 822 216.685298569882
60 602 217.756904343094
94 942 223.171947096293
68 682 223.185643096293
60 603 223.188377096293
62 622 223.191150096293
81 812 223.193845096293
69 692 231.277964797993
87 872 234.76083501021
63 632 234.76220201021
89 892 234.76355601021
71 712 234.76636801021
62 623 239.696084492755
76 762 239.758310488239
77 773 239.761044488239
80 802 242.698473567186
92 922 242.755468562783
65 652 242.756822562783
92 923 247.700148850187
67 673 256.666657806551
78 783 256.669456806551
68 683 256.673609806551
97 973 268.67558382986
69 693 268.67696382986
91 913 268.67974982986
75 753 268.68668882986
98 983 269.17041166257
64 643 269.17177866257
61 613 269.17310666257
63 633 269.18948466257
76 763 275.780808321389
67 674 300.198378796112
72 723 302.982962372187
65 653 309.166394038136
90 903 309.179779741472
77 774 309.194481692791
71 713 309.28252690751
71 714 309.28385490751
92 924 309.28524790751
83 833 318.164677387549
85 853 318.166031387549
82 823 318.172115236885
66 664 318.173469236885
78 784 318.174823236885
83 834 318.176164236885
85 854 318.180330236885
82 824 318.187321236885
89 893 318.266739391996
63 634 331.664719683178
66 663 346.992175641147
62 624 347.058124437997
65 654 347.059478437997
68 684 347.062225437997
65 655 347.063592437997
72 724 349.667491258522
98 984 349.670264258522
76 764 367.177923584447
62 625 382.160824301209
61 615 382.162152301209
61 614 382.163480301209
60 605 382.165624742071
71 715 382.167529311921
89 894 384.15910514442
97 974 384.16586214442
78 785 388.16154438953
68 685 393.666276640457
69 695 393.669010640457
85 855 393.670377640457
67 675 407.761432274558
60 604 407.768176403531
97 975 407.770858416174
94 945 407.77486855779
60 606 409.679466167052
94 944 415.160324862054
69 694 415.163045862054
67 676 415.172692862054
89 895 459.165805940875
89 896 459.167211940875
64 645 462.758682615406
63 635 462.760088615406
97 976 462.767053615406
68 686 474.156269494494
85 856 474.157688494494
68 687 474.160461494494
77 775 474.165851814669
66 665 474.173963331445
64 646 474.175317331445
77 776 474.176710331445
64 644 476.695265388016
69 696 476.755475483614
62 626 476.756829483614
65 656 476.758157483614
72 726 476.759511483614
63 636 476.760839483614
78 786 481.163110905308
71 716 497.266639117177
72 727 542.670732843634
60 607 542.673505843634
71 718 542.678960843634
88 887 550.155539337669
67 677 550.156906337669
67 678 550.161046337669
88 888 550.162374337669
66 667 563.278891206605
66 668 563.282914951557
71 717 563.285649696509
68 688 563.289686441461
62 628 563.356899236264
65 658 563.35960799143
65 657 563.763901506004
60 608 576.697456759007
61 617 576.756963759821
63 638 576.758356759821
62 627 576.759775759821
60 609 576.768016759821
