39 490 63.656959561879
69 240 78.767812705934
14 90 78.769166705934
24 90 78.769166705934
69 90 78.769166705934
44 190 97.665057001392
61 190 97.665057001392
87 440 97.671905001392
61 440 97.671905001392
87 940 97.673246001392
61 940 97.673246001392
30 40 112.186089117118
69 40 112.186089117118
70 590 112.194200374706
30 590 112.194200374706
69 590 112.194200374706
69 540 112.199733374706
68 340 112.256759533434
54 340 112.256759533434
69 340 112.256759533434
72 740 112.264923281474
54 740 112.264923281474
69 740 112.264923281474
54 91 112.267592655494
69 91 112.267592655494
69 541 112.270301029514
15 241 112.274415248199
9 140 114.99063329306
54 140 114.99063329306
35 140 114.99063329306
70 290 115.063808296603
35 290 115.063808296603
35 691 115.069484296603
80 840 124.168442664376
43 141 124.180628664376
80 141 124.180628664376
63 191 124.190353664376
43 191 124.190353664376
80 191 124.190353664376
20 890 124.198568664376
58 890 124.198568664376
80 890 124.198568664376
13 640 124.255400661644
14 640 124.255400661644
80 640 124.255400661644
93 341 134.663685852144
93 990 134.666458852144
93 991 134.674647852144
22 591 142.193111434927
83 591 142.193111434927
97 591 142.193111434927
22 741 142.194478434927
83 741 142.194478434927
97 741 142.194478434927
54 442 159.197901233007
20 641 176.67702247306
20 941 176.69625147306
56 391 181.67207827686
27 391 181.67207827686
99 391 181.67207827686
43 142 181.67349727686
27 142 181.67349727686
99 142 181.67349727686
43 392 181.67625727686
27 392 181.67625727686
99 392 181.67625727686
38 42 181.68311827686
99 42 181.68311827686
23 592 181.759580277192
0 592 181.759580277192
99 592 181.759580277192
30 891 200.161098247242
12 742 200.176331843417
30 742 200.176331843417
35 92 202.681688442087
67 92 202.681688442087
61 342 208.174608475552
86 342 208.174608475552
64 342 208.174608475552
98 841 212.660856455155
14 841 212.660856455155
29 841 212.660856455155
14 892 212.670412455155
29 892 212.670412455155
36 842 212.671779455155
14 842 212.671779455155
29 842 212.671779455155
46 192 222.1697816878
44 692 234.686449079228
96 692 234.686449079228
52 491 235.188510291842
40 491 235.188510291842
74 491 235.188510291842
41 942 235.193991291842
74 942 235.193991291842
55 493 256.179647252289
80 493 256.179647252289
55 593 256.182329633163
80 593 256.182329633163
10 43 258.664249025225
92 393 258.669730168905
10 393 258.669730168905
92 193 258.690053863176
75 193 258.690053863176
98 643 262.182644519791
84 643 262.182644519791
40 843 262.190704152103
55 492 268.672037373371
49 792 268.673391373371
55 792 268.673391373371
97 44 268.761225888778
55 44 268.761225888778
55 93 268.769518888778
19 344 278.262288253562
64 344 278.262288253562
65 343 288.2833478493
90 343 288.2833478493
79 444 290.97348180466
19 243 300.171837568693
17 243 300.171837568693
19 693 300.178556400893
17 693 300.178556400893
17 194 300.181213233093
90 244 300.259768193029
17 244 300.259768193029
50 94 302.678304103807
67 893 304.158026997229
20 893 304.158026997229
84 893 304.158026997229
20 294 304.159367997229
84 294 304.159367997229
92 443 306.164294708936
92 143 306.175529708936
70 543 334.694380735906
82 543 334.694380735906
70 394 334.695786735906
82 394 334.695786735906
39 594 334.697205735906
70 594 334.697205735906
82 594 334.697205735906
23 45 334.766752759746
82 45 334.766752759746
76 595 339.196192853336
35 694 353.665860648258
35 494 353.66987082525
35 944 353.67121182525
46 245 369.179779999887
56 245 369.179779999887
75 245 369.179779999887
94 495 377.158172262769
16 395 377.170921882573
37 395 377.170921882573
94 395 377.170921882573
31 95 377.172262882573
37 95 377.172262882573
94 95 377.172262882573
80 894 381.162897644254
80 295 381.180490444044
90 993 381.184513572477
61 993 381.184513572477
81 993 381.184513572477
1 345 381.260765770381
62 345 381.260765770381
81 345 381.260765770381
54 396 397.758116117287
36 544 398.16112853744
54 695 398.16529453744
36 695 398.16529453744
36 795 398.16809353744
49 945 398.17225953744
36 945 398.17225953744
2 96 398.19271253744
36 96 398.19271253744
52 845 403.180907629923
7 845 403.180907629923
36 545 403.195931629923
7 545 403.195931629923
25 943 403.662215786558
41 943 403.662215786558
59 943 403.662215786558
1 296 422.670462119751
60 445 430.182531569267
77 445 430.182531569267
22 46 430.185278569267
60 46 430.185278569267
77 46 430.185278569267
27 645 457.176629265008
84 645 457.176629265008
84 346 457.17932450057
87 646 462.662330339185
89 646 462.662330339185
89 97 462.680049339185
89 347 462.681403339185
47 946 464.162802481901
94 196 464.164143481901
47 196 464.164143481901
12 796 478.681201201935
17 796 478.681201201935
12 696 478.682594201935
17 696 478.682594201935
29 496 478.686747201935
76 496 478.686747201935
17 496 478.686747201935
29 994 478.688166201935
76 994 478.688166201935
17 994 478.688166201935
29 995 478.689559201935
76 995 478.689559201935
17 995 478.689559201935
76 746 478.690926201935
17 746 478.690926201935
76 446 478.693673201935
17 446 478.693673201935
70 147 478.699063201935
17 147 478.699063201935
31 246 491.680623513863
92 246 491.680623513863
14 246 491.680623513863
53 447 491.684815513863
92 447 491.684815513863
14 447 491.684815513863
7 847 494.169865845284
76 146 494.171245845284
84 146 494.171245845284
7 146 494.171245845284
0 47 508.158371652318
72 47 508.158371652318
94 797 517.170384121117
74 197 517.171777121117
79 197 517.171777121117
94 197 517.171777121117
79 747 517.173170121117
94 747 517.173170121117
19 497 517.175917121117
79 497 517.175917121117
94 497 517.175917121117
30 597 517.177284121117
94 597 517.177284121117
30 297 517.180044121117
94 297 517.180044121117
2 298 537.169265765951
0 997 537.179463016983
2 997 537.179463016983
16 996 547.659025479116
86 996 547.659025479116
1 348 547.762152911391
49 348 547.762152911391
86 348 547.762152911391
1 648 547.763493911391
49 648 547.763493911391
86 648 547.763493911391
39 598 563.662362856163
63 897 563.665174856163
39 897 563.665174856163
39 748 563.673272856163
60 448 563.678714856163
39 448 563.678714856163
53 647 563.680133856163
60 647 563.680133856163
39 647 563.680133856163
53 198 563.682932856163
60 198 563.682932856163
39 198 563.682932856163
60 698 563.684351856163
39 698 563.684351856163
60 498 563.685679856163
39 498 563.685679856163
31 548 563.687007856163
67 548 563.687007856163
39 548 563.687007856163
67 547 563.688374856163
39 547 563.688374856163
56 98 563.691147856163
21 98 563.691147856163
39 98 563.691147856163
60 948 572.689500980931
72 199 596.162472426663
