6 60 25.155505426954
38 380 41.155587784658
15 150 51.655655677708
8 80 51.657035677708
20 200 51.658402677708
25 250 56.65547356995
32 320 56.65682756995
24 240 56.65824656995
39 390 63.655525030819
7 70 63.656879030819
0 0 63.658298030819
16 160 63.659652030819
23 230 63.661058030819
31 310 63.662438030819
10 100 63.665237030819
12 120 72.160768081738
2 20 72.162122081738
11 110 75.665014487684
26 260 75.666433487684
3 30 75.673398487684
26 261 79.188058133167
17 170 80.656881207676
21 210 80.658300207676
0 1 80.662349207676
29 291 80.665031207676
7 71 80.669145207676
17 171 80.673285207676
29 290 96.659537503749
1 10 96.674561503749
9 90 96.675980503749
14 140 96.677360503749
22 220 96.678766503749
1 11 96.680172503749
4 40 96.681565503749
4 41 96.682971503749
16 161 96.685705503749
31 311 96.687124503749
37 370 97.192343605922
27 270 97.193749605922
3 31 97.196444605922
30 300 101.660989023543
35 350 101.663723023543
27 271 101.669204023543
34 340 101.670597023543
13 130 101.676104023543
35 351 101.677523023543
18 181 101.689839023543
14 141 105.684194324357
18 180 105.688217324357
12 121 105.689623324357
15 151 111.658256936873
8 81 111.666303466097
24 241 111.775759040208
9 91 112.167965286104
38 381 112.178979286104
28 280 124.161068029006
28 281 124.162435029006
32 321 124.174634029006
30 301 124.178670029006
19 191 124.257001026274
20 201 124.258407026274
13 131 124.265333026274
22 221 124.266752026274
0 2 132.188935442151
10 101 138.658641690002
36 360 138.775709675058
33 331 138.781112919994
5 51 138.783821042462
36 361 138.789198226878
13 132 138.793914349346
4 42 138.856844123774
33 330 140.18778867256
16 162 140.255529296016
11 111 154.19844732617
18 182 154.25556032978
6 62 154.25838532978
33 332 170.668948679907
3 32 170.670315679907
6 61 170.671721679907
22 222 170.685508679907
23 231 170.688255679907
19 190 170.689635679907
20 202 170.690963679907
37 371 172.656791864111
31 312 172.771456915408
35 352 172.774126079052
5 52 172.780858142816
14 142 172.788931738462
17 172 172.797044260986
34 341 172.855427466636
2 21 173.762373652204
2 22 173.763740652204
7 72 173.766552652204
12 122 173.767919652204
38 382 180.171114534338
27 272 180.180839534338
24 242 184.770609573083
36 362 191.256837247455
30 302 193.161277103929
37 372 193.176431103929
29 292 193.177850103929
1 12 207.767715075803
11 112 207.771868075803
12 123 207.773222075803
25 251 212.658234938653
25 252 212.659562938653
39 391 212.665082938653
39 392 212.676005938653
29 293 212.691211938653
32 322 214.155458198795
26 262 214.165027198795
32 323 214.169141198795
23 232 214.180259198795
0 3 214.183006198795
9 92 224.675212785079
34 342 225.671802331565
3 33 225.673182331565
8 82 225.681423331565
15 153 225.682790331565
11 113 225.684209331565
16 163 225.686956331565
30 303 225.693765331565
28 282 227.180868631755
15 152 227.182235631755
10 102 227.198808631755
21 211 228.157849438684
21 212 228.159229438684
13 133 230.66465668616
19 192 230.67556668616
24 243 231.69273079016
39 393 231.69409779016
1 13 237.672033709727
2 23 237.674767709727
20 203 238.66945962226
27 273 242.272602232729
5 53 242.273969232729
25 253 242.275388232729
10 103 247.797176933479
17 173 250.656764452609
22 223 250.663586452609
8 83 250.666398452609
31 313 250.667765452609
17 174 250.687007452609
35 353 251.283016678072
38 383 251.284383678072
10 104 251.297936678072
28 283 256.155537846458
36 363 256.179807614444
37 373 256.19458613794
4 43 256.260915083323
28 284 256.272997966602
26 263 271.173207593923
1 14 271.182659593923
32 324 271.184078593923
14 143 271.185471593923
9 93 271.192332593923
6 63 271.193686593923
9 94 271.195014593923
4 44 271.679333688543
19 194 271.680713688543
31 314 277.67119112917
3 34 277.67251912917
23 233 280.17817974727
33 333 280.19179774727
18 183 280.19585974727
6 64 292.670229200323
21 214 292.678535200323
18 184 292.681191200323
34 343 292.689523200323
34 344 292.690890200323
19 193 292.692283200323
24 244 300.183125457082
21 213 300.256855457518
25 254 303.669136115633
23 234 303.671792115633
11 114 303.673211115633
29 294 303.674604115633
20 204 303.677312115633
16 164 309.171804508963
14 144 309.182753508963
13 134 309.260962507098
8 84 309.262316507098
7 74 309.263709507098
7 73 311.65820703694
26 264 311.66914303694
36 364 311.69507703694
30 304 311.77231004071
14 145 315.196432940147
19 195 317.698249696785
5 54 322.165771284633
1 15 322.291827713283
4 45 322.293181713283
23 235 322.294574713283
11 115 322.295941713283
0 4 323.159407449377
12 124 323.174301498385
32 325 324.18696407055
10 105 335.170462902873
25 255 340.174862892883
21 215 340.178924892883
27 275 341.681299471583
39 394 341.69793087583
16 165 341.69933687583
31 315 341.755495318323
20 205 341.756901318323
27 274 344.171270258595
7 75 355.670497007344
30 305 355.759586963997
33 334 357.187191616159
35 355 361.192447727077
22 224 361.193827727077
33 335 361.197941727077
0 5 361.273382722714
26 265 361.274736722714
35 354 361.666473256974
38 384 361.667853256974
24 245 362.26110991609
3 35 373.657045846313
22 225 373.662617846313
3 36 373.672199846313
5 55 374.168483512089
15 155 374.173964512089
36 365 374.175305512089
15 154 374.183585512089
37 375 374.184913512089
2 25 374.193154512089
39 395 374.194560512089
38 385 374.197385512089
28 285 381.265073253429
6 65 384.755491222861
29 295 384.760868521923
21 216 384.774422112069
23 236 385.691069239915
22 226 385.756738235401
4 46 385.758105235401
34 345 388.182167254164
36 366 392.18873452622
16 166 392.19827752622
1 16 392.19969652622
9 96 392.255562523174
39 396 392.256929523174
17 175 401.694708940686
9 95 401.763781411262
29 296 401.769210411262
17 176 401.770616411262
7 76 403.269426843572
2 24 407.18049104617
18 185 407.261119041772
18 186 407.263775041772
37 374 418.677587681101
2 26 418.688484681101
26 266 418.692494681101
28 286 418.693822681101
11 116 423.17448392399
13 136 428.691825204022
10 106 428.693153204022
27 276 428.75944820145
13 137 428.77740120145
8 85 430.16588375046
30 306 430.17133875046
32 326 432.163325258686
20 206 432.164705258686
34 346 459.671752878364
13 135 459.675827878364
12 125 459.681308878364
19 196 459.684055878364
35 356 459.685435878364
35 357 459.686776878364
32 327 464.256799819233
15 156 464.259495464637
25 256 464.262204110041
10 107 464.263623110041
1 17 464.655572725882
38 386 464.663670725882
7 77 469.17085736711
9 97 469.18056936711
15 157 469.18198836711
25 257 469.18332936711
12 126 469.18605036711
33 336 469.18746936711
5 57 469.19028136711
17 177 469.19170036711
8 86 472.174477832103
5 56 484.658183501175
14 146 487.665325643641
20 207 487.666692643641
31 316 487.668072643641
24 246 487.670780643641
31 317 487.672147643641
14 147 487.673475643641
19 197 487.674829643641
18 187 487.676183643641
26 267 487.678943643641
3 37 487.698263643641
24 247 487.699591643641
30 307 499.199890433874
2 27 499.25550743449
1 18 499.28158443449
36 367 514.163408209378
24 248 518.165060013244
0 8 529.187656086964
27 277 536.676446728138
38 388 536.677787728138
6 67 536.684726728138
23 237 536.688892728138
23 238 536.690220728138
21 218 536.695818728138
2 28 551.659913037047
12 127 551.664105259421
13 138 551.666262792449
18 188 551.667655792449
16 167 551.668996792449
0 7 551.670350792449
27 278 551.674360792449
33 337 551.678435792449
37 376 551.679828792449
35 358 551.682549792449
34 348 551.683890792449
3 38 551.685270792449
37 377 551.686650792449
37 378 551.688056792449
39 397 551.689384792449
5 58 551.690738792449
19 198 551.693433792449
20 208 551.694852792449
11 117 551.697586792449
22 227 551.75551737335
22 228 551.75687137335
32 328 551.75821237335
26 268 551.76097237335
28 288 551.76235237335
30 308 553.75541253276
28 287 553.75677953276
11 118 554.660893619343
15 158 554.662273619343
16 168 554.671829619343
9 99 554.674641619343
11 119 555.67202901241
29 298 555.67338301241
9 98 555.69138801241
33 338 555.69280701241
38 387 560.18813457797
31 318 560.755430908871
16 169 560.771964908871
7 78 560.774737908871
4 48 579.178490320403
39 398 579.181250320403
39 399 579.186822320403
21 219 579.189543320403
36 368 591.691304354612
14 148 591.692671354612
12 129 591.759646351405
17 179 591.760974351405
36 369 591.762302351405
