6 60 25.155505426954
38 380 41.155587784658
15 150 51.655655677708
8 80 51.657035677708
20 200 51.658402677708
25 250 56.65547356995
32 320 56.65682756995
24 240 56.65824656995
39 390 63.655538030819
7 70 63.656905030819
0 0 63.658259030819
16 160 63.659639030819
23 230 63.660980030819
31 310 63.662373030819
10 100 63.665198030819
12 120 72.160768081738
2 20 72.162096081738
11 110 75.665001487684
26 260 75.666420487684
3 30 75.670469487684
9 90 75.684087487684
14 140 75.685493487684
26 261 79.186496010135
17 170 80.656868207676
21 210 80.658222207676
29 291 80.665187207676
7 71 80.666554207676
17 171 80.670668207676
35 350 97.189503605922
27 270 97.194945605922
3 31 97.197627605922
29 290 98.664643686001
1 10 98.681281686001
4 40 98.686658686001
4 41 98.688025686001
9 91 98.689405686001
31 311 98.690759686001
37 370 101.659609023543
30 300 101.660976023543
12 121 101.669360023543
27 271 101.670740023543
34 340 101.672159023543
1 11 101.673539023543
13 130 101.676247023543
35 351 101.677588023543
18 181 101.678981023543
22 220 105.679090324357
14 141 105.683269324357
15 151 111.658334936873
24 241 111.698697847605
18 180 116.162159136275
11 111 119.671875650346
28 280 124.161068029006
28 281 124.162474029006
32 321 124.176170029006
30 301 124.180323029006
0 1 124.192639029006
16 161 124.193967029006
19 190 124.258355026274
19 191 124.259709026274
38 381 124.262495026274
13 131 124.263836026274
20 201 124.269356026274
5 51 138.78921116493
36 361 138.79053916493
33 331 138.794575287398
36 360 140.283985289397
33 330 142.178620063991
4 42 142.28549853644
13 132 142.28685253644
10 101 149.17683127559
34 341 149.693586317614
23 231 163.66335668211
33 332 170.671024683203
3 32 170.672417683203
6 61 170.673823683203
6 62 170.679265683203
22 222 170.682025683203
20 202 170.686126683203
37 371 172.656739864111
14 142 172.762146457087
31 312 172.764828530209
5 52 172.766169988969
15 152 173.696490656733
2 21 173.697909656733
2 22 173.699289656733
7 72 173.755590652204
12 122 173.756957652204
18 182 173.758337652204
22 221 180.167013534338
38 382 180.171140534338
27 272 180.180839534338
39 391 180.184992534338
39 392 180.189093534338
24 242 184.776090573083
9 92 191.269205247455
11 112 191.270546247455
30 302 193.164011103929
37 372 193.173658103929
8 81 207.688059075369
8 82 207.689426075369
5 53 207.758237075803
12 123 207.767897075803
29 292 212.656880938653
25 252 212.658286938653
25 251 212.659679938653
36 362 212.666462938653
29 293 212.687188938653
32 322 214.155393198795
19 192 214.174273286021
28 282 214.176968981763
35 352 214.183714373247
32 323 214.186449068989
23 232 214.255458194455
10 102 214.287803266665
26 262 225.666256331565
34 342 225.671620331565
3 33 225.673013331565
1 12 225.678533331565
30 303 225.689469331565
15 153 225.690823331565
8 83 228.682349147716
21 211 230.66194868616
21 212 230.66334168616
28 283 242.194368237163
36 363 242.195735237163
20 203 242.668272562291
35 353 242.676539562291
1 13 242.677945562291
2 23 242.679299562291
11 113 242.693034562291
18 183 247.270424319923
19 193 247.282727319923
39 393 247.284094319923
10 103 247.285435319923
27 273 256.159664846458
25 253 256.163701227332
28 284 256.17044598908
0 2 256.18810023357
38 383 256.19503923357
1 14 271.175798593923
23 233 271.177139593923
32 324 271.181227593923
10 104 271.185380593923
31 314 271.189520593923
14 143 271.190874593923
0 3 271.193595593923
26 263 277.664867769858
31 313 277.666247769858
33 333 280.196650158968
9 94 280.197991158968
37 373 292.670648628473
21 214 292.673395628473
18 184 292.684227628473
24 244 292.685646628473
34 344 292.693835628473
19 194 292.695228628473
16 162 295.179664177158
34 343 295.183726765344
11 114 295.195914529902
20 204 295.255492488177
16 163 295.271665993284
25 254 295.277082605479
12 124 295.2946745224
23 234 295.356917315556
9 93 295.359625315556
30 304 309.169122508963
21 213 309.191150508963
26 264 309.192556508963
3 34 309.193897508963
5 54 309.195290508963
7 74 309.196618508963
14 144 311.66228203694
22 224 311.66777603694
24 243 311.67739703694
36 364 311.68005303694
37 374 311.68140703694
39 394 323.186448645409
29 294 324.168375295
27 275 324.187617295
23 235 324.190377295
11 115 324.191770295
27 274 332.185871553249
31 315 332.25542898222
21 215 340.163848892883
20 205 341.688732322866
32 325 341.690112322866
28 285 354.179562052846
35 354 357.163183340377
35 355 357.165930340377
17 172 357.167323340377
24 245 357.170005340377
1 15 357.171359340377
17 173 357.178272340377
7 75 357.190666340377
5 55 374.168572746951
25 255 374.169965746951
26 265 374.172738746951
33 334 374.174079746951
38 385 374.190509746951
36 365 374.191863746951
7 73 374.697599419305
22 225 374.698927419305
37 375 374.76102831752
33 335 383.159894037126
38 384 384.65952722634
29 295 384.68245533821
21 216 384.70007145008
22 226 385.691565255574
2 24 392.186601739181
2 25 392.188020739181
39 395 392.189439739181
34 345 392.190858739181
1 16 392.192199739181
2 26 392.193592739181
39 396 392.195011739181
29 296 407.18323804617
11 116 423.18008492399
37 376 423.18280592399
28 286 423.18414692399
33 336 423.19514792399
30 305 441.160597277404
32 326 448.155484225685
20 206 448.156903225685
36 366 448.169180225685
32 327 448.170534225685
34 346 457.157442529121
38 386 463.173029301137
35 356 463.174357336576
27 276 463.175711336576
25 256 463.179734846232
35 357 463.181075846232
34 347 463.193509320449
30 306 469.16130136711
11 117 469.17105236711
5 57 469.17383836711
31 316 469.17517936711
14 147 491.155383918279
26 267 491.156724918279
2 27 491.158130918279
31 317 491.162218918279
1 17 491.175979918279
1 18 491.177385918279
5 56 493.163837907297
36 367 493.167873907297
28 287 493.184802508237
14 148 493.186143508237
24 246 508.176304612438
20 207 514.665991213479
26 266 514.675638213479
27 277 514.676979213479
31 318 514.678307213479
24 247 518.155452013244
30 307 529.160870236145
29 297 529.167589890297
29 298 529.168943890297
30 308 529.176991544449
28 288 529.181106371525
33 337 535.164608773388
37 377 535.165949773388
22 227 535.167303773388
22 228 535.168683773388
38 388 545.672192990785
7 78 545.673572990785
11 118 550.273007885916
38 387 550.274387885916
2 28 551.659878668348
35 358 551.676516668348
34 348 551.677909668348
25 257 551.679250668348
5 58 551.680578668348
20 208 551.681919668348
23 237 551.683338668348
37 378 551.687413668348
24 248 551.688741668348
23 238 555.678825253239
16 167 561.174999268997
16 168 561.176366268997
21 217 561.177759268997
21 218 561.179178268997
33 338 561.183253268997
26 268 561.192783268997
