38 380 41.155552226136
8 80 48.160775127201
63 630 53.655455608368
39 390 63.655400180115
49 490 63.656793180115
8 81 70.1596991874
69 690 78.755634045805
3 30 78.756988045805
24 241 78.771009045805
19 190 80.662190398871
18 180 80.667607977643
19 191 80.671657767029
79 790 83.855571151487
48 480 83.856912151487
94 940 90.271750468124
53 530 90.273104468124
9 91 100.785838157158
54 541 100.787244157158
69 691 100.788624157158
38 381 102.671907834007
58 580 111.656969079842
3 31 111.658388079842
59 590 111.687674227807
78 780 111.693116292529
28 281 111.697126357251
68 680 111.699808421973
54 540 111.76507573877
4 41 112.15696584113
79 791 121.85553221561
29 290 121.85693821561
4 40 122.769304182358
33 330 122.770645182358
28 280 122.773366182358
34 340 122.778886182358
73 730 122.785656182358
84 840 124.168594298335
18 181 124.169987298335
74 740 124.175520298335
39 391 124.176861298335
43 430 124.178241298335
43 431 124.179582298335
68 681 124.183735298335
14 141 124.187940298335
63 631 124.193421298335
33 331 124.194775298335
44 440 124.197561298335
13 130 124.198980298335
98 980 124.258393637516
58 581 124.259734637516
64 640 124.261319876861
89 890 124.262686876861
64 641 124.264040876861
13 131 132.193239960827
93 930 134.655649811653
83 830 134.658318811653
34 341 134.663825811653
93 931 134.665205811653
99 990 134.669280811653
73 731 134.670647811653
99 991 134.673394811653
53 531 134.674748811653
13 132 138.699448596674
74 741 138.759662595676
83 831 142.259555101625
14 140 163.265430688273
23 231 163.266784688273
18 182 163.269531688273
9 90 171.281220866674
78 781 171.290789866674
84 841 171.292156866674
98 981 171.293536866674
89 891 171.294942866674
14 142 171.296361866674
29 291 171.297715866674
88 880 171.299056866674
88 881 171.355662862901
48 481 171.361299862901
48 482 171.362718862901
44 441 171.366832862901
93 932 171.368251862901
59 591 173.260877079069
94 941 173.266267135663
24 240 173.273076248851
68 682 200.165947901038
43 432 200.167288901038
9 92 200.168694901038
74 742 200.170074901038
4 42 200.171402901038
44 442 200.186582901038
38 382 200.187975901038
69 692 210.75838094667
33 332 210.882766446917
3 32 210.884146446917
84 842 210.888260446917
29 292 212.655470551076
39 392 212.667838551076
89 892 212.670520551076
29 293 212.693993551076
23 232 212.755405551913
59 592 212.756759551913
98 982 212.763620551913
19 192 224.66100037231
28 282 224.663682689642
63 632 224.671755324306
54 542 224.698694833249
94 942 224.759551001824
58 582 224.763574032824
64 642 231.65831005965
78 782 231.66109605965
3 33 231.66251505965
99 992 231.67208405965
73 732 232.159721796523
8 82 232.174604043499
88 882 236.666461546916
53 532 236.669195546916
49 491 236.676121546916
49 492 236.677462546916
79 792 236.678842546916
48 483 236.699425546916
4 43 247.669088455377
59 593 247.678735455377
39 393 247.681521455377
8 83 251.161506871866
24 243 256.173075680834
23 233 256.178505061708
63 633 256.181174442582
28 283 256.193283585204
34 342 258.670014066144
19 193 258.675417066144
9 93 268.69272986902
83 832 268.69408386902
18 183 288.258830675485
89 893 300.169555863189
24 244 300.170922863189
53 533 300.173708863189
49 493 300.176403863189
18 184 300.179215863189
69 693 300.183329863189
19 194 300.184657863189
34 344 300.186050863189
23 234 300.187378863189
98 983 302.680549715674
9 94 302.683309715674
34 343 303.265620816184
13 133 305.656812943392
13 134 305.658153943392
39 394 310.187935103652
8 85 310.370934263386
83 833 310.372288263386
83 834 310.375074263386
59 594 310.380607263386
8 84 312.676347424529
78 783 312.679133424529
63 634 312.680526424529
78 784 312.681893424529
43 433 315.162334684523
14 145 315.285277225122
69 694 317.1687980971
19 195 317.677614236585
94 944 334.671173079375
98 984 334.672579079375
4 44 334.673985079375
53 534 334.686301079375
89 894 337.160374305625
38 383 337.167313305625
4 45 337.175606305625
23 235 337.177012305625
14 143 337.181022305625
59 595 339.182156219603
3 34 353.659528512269
9 95 353.671870512269
24 245 354.262250724314
43 434 356.66915407999
34 345 364.886474692306
3 35 373.658388115803
89 895 373.662580115803
3 36 373.665327115803
39 395 378.969209148759
8 86 378.981694148759
23 236 385.673280061994
69 695 393.659430474264
9 96 408.766665770074
4 46 408.770883770074
18 185 408.772276770074
48 484 422.661379634106
39 396 422.668175634106
13 136 432.670849611028
63 635 432.676291611028
13 137 432.680340611028
34 346 459.664841997344
78 785 463.67268557611
13 135 471.665203732852
89 896 471.668002732852
69 696 474.166183904441
14 146 474.171548604191
3 37 474.178359003691
48 486 476.698082299629
19 197 476.699488299629
14 147 486.276123234356
19 196 486.277464234356
53 536 486.282971234356
24 246 486.288556234356
24 247 486.289962234356
18 186 486.292774234356
18 187 486.294154234356
53 537 493.170599584266
3 38 526.198981599556
24 248 526.255698877295
9 98 526.261192877295
78 786 526.262520877295
19 198 526.263887877295
53 538 526.265228877295
4 47 537.160864360087
48 487 537.162283360087
23 237 542.68869865078
23 238 542.69010465078
14 148 542.69695265078
8 87 544.676937858426
9 99 554.663775820534
39 397 573.680853720385
69 697 573.682246720385
63 637 573.685006720385
69 698 573.686412720385
63 638 573.687766720385
39 398 573.689185720385
8 88 573.693338720385
39 399 573.756788717214
4 49 584.87049186361
19 199 596.161369890654
