38 380 41.155535929681
8 80 48.157510571187
63 630 53.655461068769
39 390 63.655592561879
49 490 63.656959561879
3 30 68.659720340942
48 480 68.661061340942
8 81 70.159595967434
69 690 78.755457705934
53 530 78.765078705934
18 180 78.766419705934
24 240 78.767812705934
9 90 78.769166705934
29 291 80.658089464986
79 790 83.855538834552
19 190 97.665057001392
44 440 97.671905001392
94 940 97.673246001392
4 41 112.156942441902
4 40 112.186089117118
33 330 112.190086374706
58 580 112.191479374706
3 31 112.192872374706
59 590 112.194200374706
78 780 112.195567374706
28 280 112.196934374706
28 281 112.198353374706
54 540 112.199733374706
68 680 112.255431533434
34 340 112.256759533434
73 730 112.260795907454
74 740 112.264923281474
9 91 112.267592655494
54 541 112.270301029514
24 241 112.274415248199
38 381 112.281276248199
14 140 114.99063329306
88 880 115.062415296603
29 290 115.063808296603
69 691 115.069484296603
79 791 121.855512898675
84 840 124.168442664376
68 681 124.173884664376
43 430 124.179248664376
14 141 124.180628664376
43 431 124.183388664376
63 631 124.188960664376
19 191 124.190353664376
13 130 124.197201664376
89 890 124.198568664376
13 131 124.199896664376
64 640 124.255400661644
98 980 124.256767661644
93 930 134.655392852144
83 830 134.658217852144
34 341 134.663685852144
93 931 134.665065852144
99 990 134.666458852144
73 731 134.673228852144
99 991 134.674647852144
58 581 139.165412243052
83 831 142.187630434927
33 331 142.189036434927
59 591 142.193111434927
74 741 142.194478434927
24 242 144.18157349681
44 441 154.158190063605
54 542 159.173113233007
44 442 159.197901233007
88 881 166.799229808227
3 32 166.858127100152
53 531 166.859546100152
23 231 166.860874100152
93 932 166.876002100152
64 641 176.67702247306
94 941 176.69625147306
53 532 176.69763147306
39 391 181.67207827686
14 142 181.67349727686
43 432 181.67489027686
39 392 181.67625727686
38 382 181.67899127686
98 981 181.68172527686
4 42 181.68311827686
48 481 181.68578727686
23 232 181.758213277192
59 592 181.759580277192
99 992 181.760934277192
89 891 200.161098247242
68 682 200.166566247242
74 742 200.176331843417
9 92 202.681688442087
64 642 208.165026475552
34 342 208.174608475552
88 882 208.188213475552
29 292 212.655375455155
78 781 212.659437455155
84 841 212.660856455155
83 832 212.667691455155
89 892 212.670412455155
84 842 212.671779455155
33 332 212.688326455155
29 293 212.755414455992
98 982 212.765126455992
19 192 222.1697816878
28 282 222.1724506878
63 632 222.1737916878
69 692 234.686449079228
74 743 235.187143291842
49 491 235.188510291842
94 942 235.193991291842
8 82 235.195397291842
73 732 251.16396720127
58 583 251.16536020127
63 633 256.170233109667
28 283 256.172954490541
49 493 256.179647252289
59 593 256.182329633163
4 43 258.664249025225
39 393 258.669730168905
19 193 258.690053863176
64 643 262.182644519791
43 433 262.189324152103
84 843 262.190704152103
58 582 262.193386471469
23 233 262.196055471469
49 492 268.672037373371
79 792 268.673391373371
18 181 268.674758373371
18 182 268.676138373371
78 782 268.682922778627
4 44 268.761225888778
9 93 268.769518888778
98 983 276.167920733682
64 644 278.256807253562
34 344 278.262288253562
34 343 288.2833478493
79 793 290.96242880466
43 434 290.97076080466
78 783 290.97212780466
44 444 290.97348180466
79 794 290.98043380466
24 243 300.171837568693
69 693 300.178556400893
19 194 300.181213233093
24 244 300.259768193029
9 94 302.678304103807
84 844 304.156646997229
89 893 304.158026997229
29 294 304.159367997229
23 234 304.175043286962
44 443 306.164294708936
14 143 306.175529708936
8 83 306.176857708936
14 144 315.155438531239
14 145 315.195367589191
19 195 317.676128850724
78 784 334.683275735906
54 543 334.694380735906
39 394 334.695786735906
59 594 334.697205735906
53 533 334.765333759746
4 45 334.766752759746
23 235 334.768132759746
59 595 339.196192853336
74 744 350.169092285807
74 745 350.180145285807
69 694 353.665860648258
49 494 353.66987082525
94 944 353.67121182525
83 834 369.168242301884
53 534 369.175586079558
24 245 369.179779999887
49 495 377.158172262769
98 984 377.163588262769
39 395 377.170921882573
9 95 377.172262882573
89 894 381.162897644254
29 295 381.180490444044
63 634 381.181844444044
99 993 381.184513572477
34 345 381.260765770381
39 396 397.758116117287
54 544 398.16112853744
69 695 398.16529453744
79 795 398.16809353744
94 945 398.17225953744
9 96 398.19271253744
84 845 403.180907629923
78 785 403.182261629923
54 545 403.195931629923
94 943 403.662215786558
59 596 403.666329786558
53 535 403.669050786558
29 296 422.670462119751
44 445 430.182531569267
4 46 430.185278569267
84 846 457.175262265008
64 645 457.176629265008
34 346 457.17932450057
63 635 460.167244088461
89 895 462.655456339185
89 896 462.656849339185
64 646 462.662330339185
9 97 462.680049339185
34 347 462.681403339185
94 946 464.162802481901
19 196 464.164143481901
79 796 478.681201201935
69 696 478.682594201935
49 496 478.686747201935
99 994 478.688166201935
99 995 478.689559201935
74 746 478.690926201935
44 446 478.693673201935
14 147 478.699063201935
53 536 491.679295513863
24 246 491.680623513863
53 537 491.683435513863
44 447 491.684815513863
14 148 491.686195513863
84 847 494.169865845284
14 146 494.171245845284
4 47 508.158371652318
94 947 517.156740121117
79 797 517.170384121117
19 197 517.171777121117
74 747 517.173170121117
49 497 517.175917121117
59 597 517.177284121117
29 297 517.180044121117
24 248 518.16109038418
73 737 520.655419806593
73 738 520.673203806593
29 298 537.169265765951
99 997 537.179463016983
99 996 547.659025479116
34 348 547.762152911391
64 648 547.763493911391
9 99 554.656934622257
39 398 563.655644856163
59 598 563.662362856163
63 637 563.663781856163
89 897 563.665174856163
63 638 563.666528856163
74 748 563.673272856163
44 448 563.678714856163
64 647 563.680133856163
53 538 563.681526856163
19 198 563.682932856163
69 698 563.684351856163
49 498 563.685679856163
54 548 563.687007856163
54 547 563.688374856163
39 399 563.689780856163
9 98 563.691147856163
43 437 563.692488856163
43 438 563.693855856163
94 948 572.689500980931
19 199 596.162472426663
