15 80 48.157510571187
69 30 78.756863705934
69 530 78.763854705934
53 180 78.765260705934
69 180 78.765260705934
69 240 78.766679705934
24 580 78.769491705934
69 580 78.769491705934
19 480 80.664413972406
29 480 80.664413972406
30 40 89.666456444597
40 40 89.666456444597
27 40 89.666456444597
87 440 97.671840001392
61 440 97.671840001392
87 940 97.673233001392
61 940 97.673233001392
96 730 102.658292532419
70 590 111.667900571263
3 590 111.667900571263
12 780 111.670634835875
3 780 111.670634835875
78 281 111.673304100487
12 281 111.673304100487
3 281 111.673304100487
72 740 111.676012365099
54 740 111.676012365099
3 740 111.676012365099
15 481 111.67734049162
3 541 111.681363894323
40 140 111.682692020844
24 140 111.682692020844
15 140 111.682692020844
17 531 111.689410550068
15 531 111.689410550068
30 330 112.174860632624
69 330 112.174860632624
30 31 112.178949771823
69 31 112.178949771823
78 280 112.194003060778
12 280 112.194003060778
69 280 112.194003060778
69 540 112.198117318366
54 680 112.199484318366
69 680 112.199484318366
68 340 112.255379533434
54 340 112.255379533434
69 340 112.255379533434
80 840 124.166971664376
84 181 124.168390664376
80 181 124.168390664376
80 681 124.175199664376
16 430 124.179339664376
80 430 124.179339664376
43 141 124.180706664376
16 141 124.180706664376
80 141 124.180706664376
80 431 124.182047664376
16 631 124.189012664376
80 631 124.189012664376
19 381 124.193126664376
43 381 124.193126664376
80 381 124.193126664376
50 331 124.194480664376
43 331 124.194480664376
80 331 124.194480664376
58 131 124.198607664376
80 131 124.198607664376
20 980 124.200026664376
58 980 124.200026664376
80 980 124.200026664376
80 581 124.255439661644
14 130 124.256832661644
80 130 124.256832661644
13 640 124.258212661644
58 640 124.258212661644
80 640 124.258212661644
13 641 124.259592661644
14 641 124.259592661644
80 641 124.259592661644
21 830 134.658217852144
93 830 134.658217852144
93 341 134.663815852144
93 990 134.666562852144
99 731 134.672004852144
93 731 134.672004852144
93 991 134.673423852144
13 890 138.66109236811
22 591 138.69512436811
83 591 138.69512436811
13 591 138.69512436811
22 741 138.69650436811
83 741 138.69650436811
13 741 138.69650436811
11 880 159.163596233007
70 880 159.163596233007
54 880 159.163596233007
38 831 159.185611233007
50 831 159.185611233007
54 831 159.185611233007
54 482 159.256683231457
91 841 166.788233808227
93 841 166.788233808227
91 891 166.790941808227
93 891 166.790941808227
53 231 166.795159808227
45 231 166.795159808227
93 231 166.795159808227
45 182 166.796539808227
93 182 166.796539808227
33 941 170.687101261846
80 241 178.683311679329
38 241 178.683311679329
43 981 178.688896679329
38 981 178.688896679329
16 242 178.691617679329
38 242 178.691617679329
38 432 178.693023679329
38 42 178.698621679329
57 441 200.273224017774
6 441 200.273224017774
30 441 200.273224017774
33 32 200.285306886424
6 32 200.285306886424
30 32 200.285306886424
31 142 202.671833442087
35 142 202.671833442087
67 142 202.671833442087
64 232 208.163815475552
23 592 208.180271475552
56 592 208.180271475552
64 592 208.180271475552
95 882 208.181690475552
56 882 208.181690475552
64 882 208.181690475552
61 342 208.184346475552
86 342 208.184346475552
64 342 208.184346475552
86 82 208.185713475552
64 82 208.185713475552
98 781 212.663772455155
14 781 212.663772455155
29 781 212.663772455155
14 892 212.671974455155
29 892 212.671974455155
36 842 212.673315455155
14 842 212.673315455155
29 842 212.673315455155
30 682 212.682897455155
17 682 212.682897455155
29 682 212.682897455155
29 332 212.688339455155
85 742 221.688754512332
84 742 221.688754512332
62 742 221.688754512332
74 982 221.698427512332
84 982 221.698427512332
62 982 221.698427512332
32 632 224.989462203131
46 632 224.989462203131
12 632 224.989462203131
32 33 224.990881203131
46 33 224.990881203131
12 33 224.990881203131
96 732 230.273998497409
96 582 230.275417497409
13 692 230.278203497409
96 692 230.278203497409
96 442 230.279583497409
96 83 230.283697497409
41 942 231.672221757235
1 942 231.672221757235
3 942 231.672221757235
48 532 231.674929757235
3 532 231.674929757235
66 881 231.685865757235
89 881 231.685865757235
3 881 231.685865757235
73 583 234.672280062539
88 792 236.683085773327
15 792 236.683085773327
88 483 242.17903254453
54 782 247.672169001211
75 782 247.672169001211
51 183 247.678978001211
75 183 247.678978001211
10 43 247.688456001211
75 43 247.688456001211
10 343 247.689875001211
75 343 247.689875001211
92 593 247.692544001211
75 593 247.692544001211
1 383 256.163436103429
28 383 256.163436103429
98 233 256.171548109667
80 233 256.171548109667
80 633 261.67309214231
28 633 261.67309214231
56 633 261.67309214231
59 282 268.685450886511
55 282 268.685450886511
97 44 268.763860666269
55 44 268.763860666269
84 433 268.768052666269
55 433 268.768052666269
32 983 276.184204071277
98 643 276.185584071277
32 643 276.185584071277
98 843 276.188305071277
32 843 276.188305071277
6 333 278.260844032176
64 333 278.260844032176
21 143 278.26489381079
6 143 278.26489381079
64 143 278.26489381079
43 34 285.666516650822
44 783 285.670604650822
43 783 285.670604650822
43 444 285.671997650822
82 634 290.99524980466
79 634 290.99524980466
78 84 290.99661680466
82 84 290.99661680466
79 84 290.99661680466
82 784 290.99794480466
79 784 290.99794480466
19 243 300.175718400893
17 243 300.175718400893
51 893 302.672940103807
50 893 302.672940103807
51 184 302.674307103807
50 184 302.674307103807
51 244 302.675726103807
50 244 302.675726103807
50 234 302.677106103807
14 133 303.358290242212
64 133 303.358290242212
51 133 303.358290242212
14 832 303.361024242212
58 832 303.361024242212
51 832 303.361024242212
58 144 303.362378242212
51 144 303.362378242212
13 833 303.363719242212
58 833 303.363719242212
51 833 303.363719242212
58 134 303.365073242212
51 134 303.365073242212
51 584 303.366414242212
58 834 303.367768242212
51 834 303.367768242212
92 683 306.164294708936
92 443 306.165687708936
52 684 308.760774344776
32 684 308.760774344776
19 693 317.656743850724
21 944 334.680459890344
10 944 334.680459890344
97 344 334.68721750764
86 344 334.68721750764
10 344 334.68721750764
49 484 334.68854550764
86 484 334.68854550764
10 484 334.68854550764
10 533 334.755455039152
70 543 334.762212484767
82 543 334.762212484767
70 544 334.764933784167
82 544 334.764933784167
3 894 334.775805682367
81 894 334.775805682367
82 894 334.775805682367
23 534 334.781247981767
82 534 334.781247981767
20 933 334.782601981767
23 933 334.782601981767
82 933 334.782601981767
20 934 334.783981981767
23 934 334.783981981767
82 934 334.783981981767
23 384 334.785335981767
82 384 334.785335981767
23 45 334.786741981767
82 45 334.786741981767
82 235 334.788147981767
76 984 339.26646445401
76 594 339.27464045401
59 884 339.282422308418
76 884 339.282422308418
76 595 339.283802308418
22 334 350.188720414739
64 334 350.188720414739
74 334 350.188720414739
27 385 353.755578649722
35 435 354.277806708796
6 345 361.671790934241
8 835 369.366535254247
81 585 375.187009746622
58 994 375.188428746622
81 994 375.188428746622
58 995 375.189847746622
81 995 375.189847746622
81 86 375.192542746622
33 135 377.164994262769
94 135 377.164994262769
85 335 377.169108262769
94 335 377.169108262769
57 245 377.170475262769
85 245 377.170475262769
94 245 377.170475262769
14 795 377.171881262769
94 795 377.171881262769
23 935 381.187853884296
80 935 381.187853884296
62 734 388.695157310583
42 734 388.695157310583
21 734 388.695157310583
60 445 391.377919505088
98 445 391.377919505088
22 46 391.379338505088
60 46 391.379338505088
98 46 391.379338505088
36 485 398.16254753744
36 545 398.16391453744
36 286 398.191545652279
94 35 399.194987831697
94 36 399.196380831697
36 745 399.269186148464
94 745 399.269186148464
54 885 401.15811524883
46 685 401.16219024883
54 685 401.16219024883
41 785 403.667774786558
59 785 403.667774786558
33 535 403.669102786558
56 535 403.669102786558
59 535 403.669102786558
60 845 405.262293780738
1 694 422.663588119751
1 695 422.664955119751
48 446 427.177711444386
32 446 427.177711444386
67 446 427.177711444386
77 645 430.186697569267
64 635 430.188038569267
77 635 430.188038569267
77 646 430.189366569267
93 895 430.193402569267
77 895 430.193402569267
77 936 430.194756569267
77 986 430.197594569267
32 37 437.692894196321
34 386 457.161327140336
27 836 460.186489138826
84 836 460.186489138826
84 347 460.19187999553
58 896 460.265159949234
1 896 460.265159949234
1 587 460.266552949234
2 336 462.671899339185
15 336 462.671899339185
89 336 462.671899339185
89 846 462.677458339185
84 346 462.681533339185
89 346 462.681533339185
90 236 471.675250863198
40 236 471.675250863198
40 437 471.679403863198
47 946 471.691758863198
40 946 471.691758863198
68 636 474.162989407384
76 146 481.657071197637
17 146 481.657071197637
17 147 481.659805197637
70 796 481.661224197637
14 796 481.661224197637
17 796 481.661224197637
96 735 481.662643254469
96 736 481.664010254469
35 547 481.672024612665
96 547 481.672024612665
35 486 481.769523210941
35 487 481.773611210941
59 996 481.774991210941
48 996 481.774991210941
35 996 481.774991210941
79 536 491.662865513863
70 536 491.662865513863
14 536 491.662865513863
95 247 491.675415513863
19 247 491.675415513863
14 247 491.675415513863
7 87 493.755652863152
15 436 493.759844863152
7 436 493.759844863152
7 337 493.762578863152
0 47 494.287349015692
36 47 494.287349015692
51 47 494.287349015692
82 746 508.287374931713
95 746 508.287374931713
73 746 508.287374931713
73 947 508.292803931713
94 747 508.294157931713
73 747 508.294157931713
74 597 508.295485931713
94 597 508.295485931713
73 597 508.295485931713
92 447 511.164045746037
92 537 511.165425746037
74 886 517.161508816199
94 886 517.161508816199
82 187 517.182052816199
31 187 517.182052816199
94 187 517.182052816199
31 797 517.183393816199
94 797 517.183393816199
31 737 517.186140816199
94 737 517.186140816199
13 287 518.16239238418
24 287 518.16239238418
61 186 537.165462720947
2 186 537.165462720947
59 787 537.172388720947
2 787 537.172388720947
2 288 537.177843720947
0 887 537.183246720947
2 887 537.183246720947
0 387 537.185980720947
2 387 537.185980720947
0 388 537.187308720947
2 388 537.187308720947
2 738 537.194182720947
99 688 537.780232845397
7 688 537.780232845397
9 338 554.658392622257
16 237 554.662506622257
90 237 554.662506622257
9 237 554.662506622257
16 238 554.663912622257
90 238 554.663912622257
9 238 554.663912622257
21 837 554.665279622257
90 837 554.665279622257
9 837 554.665279622257
21 438 554.666607622257
90 438 554.666607622257
9 438 554.666607622257
21 997 554.668013622257
90 997 554.668013622257
9 997 554.668013622257
21 588 554.669419622257
90 588 554.669419622257
9 588 554.669419622257
49 138 568.658184655401
60 538 568.662311655401
49 538 568.662311655401
87 748 568.663704655401
49 748 568.663704655401
63 598 568.671932655401
74 598 568.671932655401
49 598 568.671932655401
74 638 568.673351655401
49 638 568.673351655401
50 838 596.163891426663
72 838 596.163891426663
74 348 605.760911791677
36 348 605.760911791677
74 349 605.762252791677
36 349 605.762252791677
21 449 605.786793470157
36 449 605.786793470157
