15 200 51.658402677708
3 320 56.65682756995
25 320 56.65682756995
32 240 56.65824656995
3 240 56.65824656995
25 240 56.65824656995
7 230 63.660980030819
39 230 63.660980030819
7 310 63.662373030819
39 310 63.662373030819
79 260 75.666420487684
29 210 80.658222207676
30 350 97.189503605922
70 350 97.189503605922
75 350 97.189503605922
32 270 97.194945605922
70 270 97.194945605922
75 270 97.194945605922
96 290 98.664643686001
1 311 98.690759686001
96 311 98.690759686001
24 370 101.659609023543
27 370 101.659609023543
27 300 101.660976023543
54 340 101.672159023543
35 340 101.672159023543
27 340 101.672159023543
3 351 101.677588023543
27 351 101.677588023543
1 220 105.679090324357
54 220 105.679090324357
35 220 105.679090324357
15 241 111.698697847605
80 280 124.161068029006
80 281 124.162474029006
80 321 124.176170029006
56 301 124.180323029006
80 301 124.180323029006
19 381 124.262495026274
14 381 124.262495026274
80 381 124.262495026274
13 201 124.269356026274
16 201 124.269356026274
80 201 124.269356026274
58 361 138.79053916493
36 331 138.794575287398
58 331 138.794575287398
50 360 140.283985289397
93 360 140.283985289397
10 330 142.178620063991
13 330 142.178620063991
97 330 142.178620063991
93 341 149.693586317614
61 341 149.693586317614
50 341 149.693586317614
53 231 163.66335668211
45 231 163.66335668211
48 231 163.66335668211
94 222 170.682025683203
33 222 170.682025683203
33 202 170.686126683203
57 371 172.656739864111
88 312 172.764828530209
51 312 172.764828530209
38 221 180.167013534338
38 272 180.180839534338
56 391 180.184992534338
38 391 180.184992534338
43 392 180.189093534338
56 392 180.189093534338
38 392 180.189093534338
99 242 184.776090573083
68 302 193.164011103929
31 372 193.173658103929
50 372 193.173658103929
68 372 193.173658103929
62 252 212.658286938653
29 252 212.658286938653
81 251 212.659679938653
29 251 212.659679938653
5 362 212.666462938653
14 362 212.666462938653
29 362 212.666462938653
82 282 214.176968981763
32 282 214.176968981763
67 352 214.183714373247
57 352 214.183714373247
32 352 214.183714373247
90 232 214.255458194455
32 232 214.255458194455
67 262 225.666256331565
41 262 225.666256331565
3 342 225.671620331565
41 342 225.671620331565
41 303 225.689469331565
96 211 230.66194868616
96 212 230.66334168616
27 283 242.194368237163
80 363 242.195735237163
27 363 242.195735237163
88 203 242.668272562291
48 353 242.676539562291
88 353 242.676539562291
92 393 247.284094319923
75 393 247.284094319923
29 393 247.284094319923
80 273 256.159664846458
28 273 256.159664846458
80 253 256.163701227332
28 253 256.163701227332
99 383 256.19503923357
55 383 256.19503923357
80 383 256.19503923357
63 233 271.177139593923
76 233 271.177139593923
40 233 271.177139593923
40 324 271.181227593923
75 314 271.189520593923
40 314 271.189520593923
43 263 277.664867769858
44 313 277.666247769858
71 313 277.666247769858
43 313 277.666247769858
45 333 280.196650158968
9 333 280.196650158968
32 333 280.196650158968
63 373 292.670648628473
64 373 292.670648628473
64 214 292.673395628473
90 244 292.685646628473
64 244 292.685646628473
65 344 292.693835628473
64 344 292.693835628473
18 343 295.183726765344
51 343 295.183726765344
51 204 295.255492488177
50 254 295.277082605479
51 254 295.277082605479
68 234 295.356917315556
50 234 295.356917315556
84 234 295.356917315556
92 304 309.169122508963
83 213 309.191150508963
66 213 309.191150508963
92 213 309.191150508963
58 264 309.192556508963
66 264 309.192556508963
92 264 309.192556508963
45 224 311.66777603694
42 224 311.66777603694
83 224 311.66777603694
87 243 311.67739703694
96 243 311.67739703694
83 243 311.67739703694
87 364 311.68005303694
96 364 311.68005303694
83 364 311.68005303694
87 374 311.68140703694
96 374 311.68140703694
83 374 311.68140703694
70 394 323.186448645409
81 294 324.168375295
81 275 324.187617295
81 235 324.190377295
82 274 332.185871553249
82 315 332.25542898222
98 215 340.163848892883
38 205 341.688732322866
27 205 341.688732322866
27 325 341.690112322866
74 285 354.179562052846
95 245 357.170005340377
35 245 357.170005340377
5 255 374.169965746951
94 255 374.169965746951
5 265 374.172738746951
94 265 374.172738746951
94 334 374.174079746951
31 385 374.190509746951
37 385 374.190509746951
94 385 374.190509746951
37 365 374.191863746951
94 365 374.191863746951
80 225 374.698927419305
81 225 374.698927419305
21 375 374.76102831752
81 375 374.76102831752
84 335 383.159894037126
57 384 384.65952722634
21 384 384.65952722634
80 295 384.68245533821
21 295 384.68245533821
23 226 385.691565255574
54 395 392.189439739181
36 395 392.189439739181
39 345 392.190858739181
54 345 392.190858739181
36 345 392.190858739181
54 396 392.195011739181
36 396 392.195011739181
47 296 407.18323804617
22 296 407.18323804617
67 376 423.18280592399
37 286 423.18414692399
67 286 423.18414692399
2 336 423.19514792399
67 336 423.19514792399
97 305 441.160597277404
57 305 441.160597277404
78 305 441.160597277404
32 206 448.156903225685
22 366 448.169180225685
32 366 448.169180225685
34 386 463.173029301137
84 386 463.173029301137
96 356 463.174357336576
47 356 463.174357336576
96 276 463.175711336576
47 276 463.175711336576
27 256 463.179734846232
96 256 463.179734846232
47 256 463.179734846232
96 357 463.181075846232
47 357 463.181075846232
84 347 463.193509320449
40 306 469.16130136711
33 316 469.17517936711
43 316 469.17517936711
40 316 469.17517936711
14 267 491.156724918279
55 317 491.162218918279
14 317 491.162218918279
46 367 493.167873907297
71 367 493.167873907297
51 367 493.167873907297
92 287 493.184802508237
14 287 493.184802508237
51 287 493.184802508237
42 246 508.176304612438
92 246 508.176304612438
55 207 514.665991213479
73 207 514.665991213479
95 266 514.675638213479
73 266 514.675638213479
94 277 514.676979213479
73 277 514.676979213479
73 318 514.678307213479
2 307 529.160870236145
2 297 529.167589890297
2 298 529.168943890297
2 308 529.176991544449
2 288 529.181106371525
76 337 535.164608773388
46 337 535.164608773388
76 377 535.165949773388
46 377 535.165949773388
76 227 535.167303773388
46 227 535.167303773388
76 228 535.168683773388
46 228 535.168683773388
40 388 545.672192990785
55 388 545.672192990785
99 387 550.274387885916
97 387 550.274387885916
86 387 550.274387885916
49 358 551.676516668348
35 348 551.677909668348
49 348 551.677909668348
91 257 551.679250668348
60 257 551.679250668348
49 257 551.679250668348
62 208 551.681919668348
44 208 551.681919668348
49 208 551.681919668348
57 237 551.683338668348
44 237 551.683338668348
49 237 551.683338668348
65 378 551.687413668348
49 378 551.687413668348
89 248 551.688741668348
65 248 551.688741668348
49 248 551.688741668348
68 238 555.678825253239
99 238 555.678825253239
97 238 555.678825253239
43 217 561.177759268997
94 217 561.177759268997
43 218 561.179178268997
94 218 561.179178268997
43 338 561.183253268997
94 338 561.183253268997
30 268 561.192783268997
52 268 561.192783268997
94 268 561.192783268997
