38 380 41.155522784658
8 80 48.160166701802
63 630 53.655442526344
39 390 63.655512030819
49 490 63.656931030819
8 81 70.159524503682
69 690 78.755437376585
3 30 78.756765376585
53 530 78.764442909319
18 180 78.765770909319
24 240 78.767098909319
29 291 80.656764207676
79 790 83.855484179006
48 480 83.856825179006
58 580 89.663803220158
94 940 97.668330415835
19 190 97.671051415835
44 440 97.672444415835
28 280 111.696195610278
28 281 111.698877694038
68 680 111.756791261137
73 730 111.762168345131
4 41 111.763509345131
9 90 111.767506429125
9 91 111.770214513119
14 141 111.774211597113
54 541 111.775565597113
4 40 112.155597286104
48 481 112.262874706075
14 140 112.268381706075
24 241 112.271206706075
79 791 121.855549243129
3 31 121.859689243129
59 590 121.861056243129
78 780 121.862423243129
84 840 121.863777243129
88 880 121.866524243129
18 181 121.867930243129
29 290 121.869336243129
68 681 124.175836856564
43 430 124.178622856564
43 431 124.180028856564
54 540 124.182840856564
63 631 124.186967856564
33 331 124.188321856564
13 130 124.195182856564
13 131 124.196536856564
64 640 124.197929856564
98 980 124.199270856564
64 641 124.255664853832
89 890 124.257083853832
33 330 131.683047311325
34 340 131.692603311325
58 581 131.696704311325
93 930 134.655635187943
83 830 134.658343187943
34 341 134.663889187943
93 931 134.665295187943
99 990 134.669409187943
73 731 134.672221187943
99 991 134.674929187943
74 740 138.662234125664
13 132 138.690811125664
59 591 138.693584125664
83 831 138.696396125664
38 381 138.697789125664
4 42 138.755438124666
44 441 166.759750508922
88 881 166.791074001094
39 391 166.795201001094
93 932 166.799328001094
69 691 173.758304481488
3 32 173.759723481488
53 531 173.767899481488
23 231 173.769279481488
74 741 173.784615481488
19 191 173.785995481488
94 941 173.788716481488
98 981 181.678559963555
14 142 181.679965963555
43 432 181.681371963555
38 382 181.686826963555
99 992 181.692281963555
89 891 200.161207077461
19 192 224.658398212684
84 841 224.677737448718
74 742 224.684430083382
84 842 224.687138400714
98 982 224.695224035378
23 232 224.758079555896
29 292 224.963717447764
54 542 229.188701987043
9 92 229.190055987043
28 282 229.192789987043
8 82 234.766391852669
94 942 234.775961851685
53 532 236.669663297343
79 792 236.672319297343
88 882 236.675014297343
64 642 236.677787297343
83 832 236.690298297343
39 392 242.169978679132
88 883 242.171345679132
89 892 242.179586679132
4 43 242.186408679132
19 193 247.676814500164
89 893 247.687906500164
23 233 256.173141614444
59 592 256.177190995318
28 283 256.185315376192
63 632 256.186721376192
59 593 256.189455376192
34 342 258.665781886395
34 343 258.668541886395
39 393 268.676008667829
63 633 268.680096667829
4 44 268.681489667829
9 93 268.686905667829
98 983 278.183882852587
84 843 278.185236852587
19 194 288.283170459966
79 793 289.167249126955
43 433 289.171233126955
73 732 289.173889126955
13 133 289.175295126955
58 583 289.176636126955
8 83 289.179370126955
43 434 289.180724126955
79 794 289.186153126955
53 533 293.669968005521
78 782 293.672715005521
99 993 293.676829005521
69 692 293.678235005521
69 693 293.679615005521
23 234 293.681021005521
34 344 300.173746457082
33 332 300.176428457082
33 333 300.177756457082
84 844 304.155377047216
14 144 305.658168250737
9 94 305.675668614545
89 894 328.165291250216
14 143 328.166645250216
83 833 328.177750250216
63 634 334.662533276066
78 783 334.666595276066
78 784 334.668014276066
88 884 334.683259276066
53 534 334.684613276066
4 45 334.685980276066
23 235 334.687308276066
98 984 335.158678200995
13 134 335.162727200995
94 944 335.164068200995
24 243 335.165474200995
24 244 335.166828200995
93 933 339.18999279115
39 394 357.174451340171
98 985 357.175857340171
94 945 377.161068626951
59 594 377.171227296941
59 595 377.175263296941
34 345 378.670422024203
38 383 381.170057076484
78 785 390.677731695154
84 845 390.679124695154
79 795 393.673330497352
4 46 396.680241908645
13 135 396.682975908645
39 396 422.663445417716
53 535 427.168300624771
64 644 435.16382699707
89 895 435.16666499707
93 935 435.16941199707
64 645 435.17076599707
93 936 435.17489299707
99 995 442.159293044759
83 836 459.675442092632
84 846 460.164390141386
83 835 460.167098141386
13 136 460.169832141386
34 346 460.172657141386
93 934 460.176836141386
89 896 462.656933391199
78 786 462.659654391199
98 986 462.662401391199
94 946 464.16083761052
88 885 464.16224361052
88 886 464.16500361052
63 635 488.971309661235
53 536 488.979472661235
4 47 491.667103954529
79 797 511.175326486594
94 947 517.157019485299
79 796 517.158373485299
99 994 517.170624485299
53 537 537.162721251022
88 887 537.168176251022
88 888 537.169504251022
99 998 537.170832251022
83 837 547.669174286072
63 636 547.677428286072
98 987 547.678795286072
84 847 552.175219567009
93 937 552.176573567009
89 897 552.180609567009
78 787 552.182015567009
78 788 552.185248242331
99 997 552.266585998663
94 948 561.159714488318
4 48 572.662555032945
63 637 572.663974032945
63 638 572.669546032945
39 398 572.670900032945
83 838 596.162922921929
53 538 596.164315921929
84 848 596.172440482047
98 988 596.173833482047
93 939 596.179431482047
89 898 599.189119453707
79 798 599.191814453707
79 799 599.193155453707
