22 109 71 56 3.25484 29 15 0.547271 21 0
202 922 282 241 10.116 62 40 1.45765 726 44
463 2032 354 322 11.4617 111 67 2.44158 1906 1181
721 2999 393 372 12.8033 142 93 3.3888 2562 3698
980 4091 436 414 13.5631 168 115 4.18941 3255 6864
1236 5248 473 458 14.3837 210 141 5.13662 3837 12539
1513 6627 527 519 15.1037 240 163 5.93763 4415 18280
1765 7676 556 550 15.6943 271 182 6.63027 4753 23082
2022 8736 590 584 16.3545 297 198 7.21337 5069 26738
2283 9929 614 609 16.8067 324 213 7.76029 5502 32517
