40 214 103 92 5.34504 25 15 0.313217 83 0
252 1234 242 227 9.72618 63 40 0.837654 956 358
510 2302 296 286 10.7298 122 66 1.38154 1881 2032
770 3306 339 337 11.6953 158 92 1.92381 2523 4264
1034 4445 396 400 12.6891 190 114 2.38293 3370 9313
1284 5533 456 470 13.5078 259 139 2.9074 4096 14718
1540 6746 511 529 14.2871 285 161 3.36775 4484 19231
1799 7884 535 561 14.5822 323 180 3.76602 4759 24199
2075 9026 558 589 15.2015 342 196 4.1005 5029 29848
2334 10300 590 624 15.6992 374 210 4.39316 5326 37055
