15 15 8 5 3 14 0.0076 0.0056 0 6 6 130.453
41 41 52 233 29 85 0.024192 0.029192 48 21 21 1927.15
68 68 94 507 49 165 0.0339533 0.0622733 143 35 32 4099.54
92 92 124 859 61 221 0.0426669 0.0827309 228 50 44 5901.25
115 115 166 1126 80 307 0.0783121 0.113717 285 63 56 7980.6
141 141 195 1341 89 368 0.104056 0.135103 416 83 68 9542.14
163 163 217 1519 95 419 0.128041 0.153797 514 96 77 10867.4
182 182 237 1614 98 466 0.146565 0.167956 527 109 89 11924.2
199 199 262 1697 104 522 0.169042 0.186459 531 119 99 13368.7
214 214 282 1786 110 576 0.19128 0.206086 566 129 106 14748.2
