15 15 8 5 2 14 0.0096 0.0056 0 6 6 130.453
41 41 53 256 16 108 0.0643789 0.0441789 22 21 21 1909.75
69 69 97 632 26 213 0.114405 0.090885 49 35 34 4081.99
93 93 127 1076 31 287 0.151067 0.124795 93 50 48 5877.55
119 119 175 1410 39 403 0.207479 0.162366 93 64 62 7906.36
144 144 213 1854 49 478 0.240004 0.18465 155 84 79 9624.96
166 166 242 2163 58 542 0.266388 0.204792 284 101 91 11257
185 185 276 2341 62 623 0.294833 0.225779 285 114 103 13089.3
202 202 307 2455 67 707 0.321679 0.247097 286 124 112 15151.5
218 218 340 2549 69 804 0.352661 0.27297 310 132 119 17014.4
