88 310 115 113 5.32607 35 15 0.689474 190 0
310 1242 228 217 8.64818 75 41 1.88378 1193 14
562 2161 256 251 9.33716 143 69 3.17005 1951 578
825 3078 294 297 10.3799 186 93 4.27221 3013 1180
1093 4041 329 339 11.3155 223 119 5.46573 3747 2409
1348 4978 401 416 13.0191 258 144 6.61392 4652 3533
1602 5982 418 437 13.3249 299 166 7.62507 5307 5493
1866 6956 438 464 13.9222 320 185 8.49726 5742 7546
2141 7964 451 482 14.2944 345 202 9.278 6101 9237
2402 8912 470 504 14.7302 371 218 10.0129 6518 11551
