40 220 104 83 4.79564 24 16 0.463969 79 0
255 1249 241 221 8.84698 69 41 1.19045 850 116
513 2289 335 321 11.1527 116 68 1.97486 2284 680
768 3335 387 374 12.3602 155 95 2.75775 3129 1800
1029 4482 448 444 13.1361 181 117 3.39618 4087 3269
1286 5617 520 525 14.9071 227 142 4.12381 5278 5123
1550 6903 607 618 16.6879 261 165 4.79259 6205 8458
1804 8012 648 665 17.6431 290 184 5.34486 6814 10278
2070 9224 685 703 18.0398 306 200 5.81027 7193 12638
2321 10441 740 758 18.7708 321 215 6.24533 7792 15492
