53 211 94 92 4.48608 42 16 0.480711 73 0
275 1072 227 210 8.46987 79 41 1.23156 795 25
533 1972 262 248 9.35659 142 66 1.98276 1446 512
793 2880 289 282 10.017 182 89 2.67274 2072 2541
1051 3804 323 323 10.6057 216 113 3.39324 2606 4663
1318 4867 351 355 11.2072 262 139 4.17503 3118 7864
1579 5907 386 393 11.9132 310 162 4.86624 3744 12522
1837 6857 421 430 12.5144 366 181 5.43714 4009 15564
2097 7895 436 449 12.7036 399 196 5.88731 4245 19529
2349 8982 483 498 13.3413 426 211 6.33813 4666 25467
