15 15 3 0 2 4 0 0.001 0 3 3 22.1718
43 43 28 67 18 38 0.00088 0.00888 0 18 18 829.935
71 71 83 360 61 119 -0.00944641 0.0310336 129 35 31 4079.05
100 100 119 572 90 168 -0.0779424 0.0420256 299 52 43 6156.42
125 125 141 654 101 209 -0.0646008 0.056084 416 67 52 7395.88
154 154 173 881 119 258 -0.0437093 0.071364 548 84 65 9121.78
179 179 184 1021 123 276 -0.0357977 0.077244 617 98 75 9509.13
197 197 198 1083 131 298 -0.0288566 0.082586 664 109 82 10563.2
213 213 214 1122 136 331 -0.0133648 0.0955796 673 119 90 11553.4
230 230 229 1191 143 358 -0.00265196 0.104764 724 133 101 12506.4
