53 211 94 92 4.48608 42 16 0.480711 73 0
274 1061 229 212 8.56562 79 41 1.23135 765 60
534 1999 267 252 9.50138 134 66 1.9824 1508 993
788 2902 303 294 10.4632 168 91 2.73223 2197 2697
1044 3866 346 340 11.2435 198 114 3.4223 2639 6227
1309 4892 387 381 12.3942 238 140 4.20442 3135 10754
1578 6081 412 411 12.9394 275 163 4.89557 3439 15801
1836 7106 443 449 13.5341 321 182 5.46629 3759 19026
2094 8206 472 485 14.024 345 198 5.94688 4130 22691
2355 9332 515 524 14.6221 360 213 6.39702 4533 28252
