53 211 97 87 4.30795 29 17 0.780802 76 0
275 1091 225 207 8.43724 56 42 1.92821 700 93
533 1989 274 258 9.82426 127 68 3.12308 1637 1454
786 2916 308 299 10.4068 172 92 4.22552 2129 4581
1046 3874 336 333 10.9964 205 116 5.3266 2543 8781
1312 4818 384 383 12.1669 253 141 6.47517 2979 13076
1571 5952 431 437 12.6879 293 163 7.48632 3289 18376
1825 6933 458 471 13.1072 318 182 8.35866 3522 22119
2097 8126 481 501 13.3704 344 198 9.09363 3781 25931
2363 9311 518 549 14.1307 382 214 9.8291 4124 31560
