15 15 7 21 3 8 0.002 0.001 0 4 4 64.9066
40 40 42 176 10 79 0.0523136 0.0311136 0 19 19 1254.09
67 67 74 489 21 147 0.0842896 0.0622096 0 31 31 2980.39
93 93 118 771 30 253 0.127124 0.105844 54 45 43 5615.22
114 114 155 966 39 338 0.177147 0.141506 93 58 54 7486.37
140 140 192 1299 46 412 0.212558 0.163778 135 68 64 9351.26
162 162 231 1595 53 507 0.257266 0.197587 176 79 74 11599.1
181 181 254 1772 56 557 0.277596 0.212648 176 87 82 12708.3
198 198 279 1896 57 616 0.295984 0.225354 176 95 90 14099.6
213 213 318 2029 65 720 0.329212 0.252356 178 105 100 16782
