22 110 71 60 3.45641 24 16 0.464171 23 0
206 969 276 239 9.79574 61 41 1.18946 659 101
470 2137 349 304 11.0234 98 68 1.97371 1737 1542
738 3237 376 338 11.7864 127 93 2.69816 2415 4987
997 4361 427 382 12.5462 167 116 3.36621 3029 9516
1243 5483 464 413 12.9304 207 142 4.12222 3461 17124
1518 6874 513 468 13.3966 240 165 4.78972 3729 23720
1779 7959 549 507 13.9352 265 184 5.34117 4042 29558
2043 9135 575 534 14.2161 283 200 5.80603 4207 34897
2284 10250 606 569 14.9907 302 215 6.24128 4579 41981
