15 15 2 1 0 2 0.002 0 0 2 2 0.110863
40 40 30 162 13 41 0.0142 0.0106 11 18 18 581.823
67 67 74 583 35 127 0.048784 0.047984 81 38 37 2500.59
93 93 117 940 55 203 0.04176 0.075936 206 56 51 4655.76
115 115 133 1139 62 237 0.0537056 0.0896736 313 70 61 5189.24
141 141 170 1351 76 319 0.0920991 0.121109 529 89 74 7416.14
163 163 199 1483 82 387 0.122598 0.143526 631 108 88 9240.16
182 182 213 1542 85 415 0.133756 0.151657 685 122 100 10047.5
198 198 233 1633 89 465 0.15132 0.165263 708 130 107 11079.7
213 213 263 1716 91 547 0.185646 0.194085 751 139 112 12849.1
