89 318 99 100 4.72968 27 15 0.546659 189 0
313 1159 204 200 7.77696 77 39 1.42139 1269 483
567 2092 226 223 8.18926 135 66 2.40507 1765 3458
831 3027 250 252 8.49445 181 90 3.27992 2326 6613
1106 4012 276 283 9.15399 212 113 4.11767 2841 11031
1372 4936 309 325 9.58388 260 139 5.06494 3239 14793
1619 5933 340 361 9.95371 296 161 5.86501 3545 19084
1883 6951 378 406 10.735 327 180 6.55848 3848 23187
2152 8002 397 430 11.0324 347 196 7.14235 4032 27322
2415 9172 422 459 11.4574 366 211 7.6891 4224 32539
