16 16 8 1 4 10 0.002 0.002 0 3 3 35.2551
41 41 44 140 12 80 0.0494234 0.0294234 5 15 14 1335.21
68 68 74 614 17 149 0.0918666 0.0611466 39 37 36 2608.5
95 95 114 867 25 234 0.128942 0.0932944 133 53 50 4754.41
117 117 156 1111 36 321 0.164298 0.119953 145 70 66 6863.61
142 142 188 1592 38 398 0.204072 0.150188 145 89 85 8616.66
165 165 222 1848 44 467 0.226118 0.166422 145 109 105 10223.8
184 184 247 2083 45 532 0.252767 0.18661 156 125 120 11504.1
200 200 269 2148 47 591 0.27419 0.203382 156 135 130 12886.8
215 215 300 2228 48 674 0.30222 0.225593 156 148 143 14818
