40 220 104 83 4.79576 24 16 0.464008 79 0
252 1253 264 233 9.43998 76 41 1.19063 977 0
506 2266 351 328 11.4074 128 67 1.94496 2299 422
761 3263 403 387 12.7498 155 94 2.72799 3292 1042
1024 4390 466 462 14.0253 179 118 3.42455 4473 1706
1280 5511 554 556 15.9361 204 143 4.14998 5858 3249
1544 6733 605 618 17.2614 250 165 4.78992 6725 5176
1802 7786 649 668 18.6216 277 184 5.34204 7399 6085
2068 8921 687 711 19.2244 296 199 5.77734 8042 7710
2323 10078 732 759 20.0016 311 214 6.21263 8796 10110
