15 15 7 6 5 9 -0.001 0.002 0 6 6 107.894
39 39 53 226 42 68 -0.0163107 0.0124893 84 19 18 1920.09
66 66 87 534 65 119 -0.0300707 0.0281693 194 32 28 3809.81
90 90 115 698 84 160 -0.0592467 0.0403693 293 48 40 5655.36
113 113 144 916 104 207 -0.0501814 0.0545034 399 63 52 7039.45
139 139 170 1072 118 257 -0.0243052 0.0754234 560 84 64 8537.11
161 161 190 1218 128 293 -0.0101662 0.0864167 658 100 74 9724.08
180 180 201 1293 132 313 -0.0012976 0.0934503 660 112 85 10262.3
196 196 216 1350 138 346 0.0135408 0.106433 680 120 91 11231.2
211 211 229 1385 140 378 0.0297874 0.120809 696 131 99 11939.4
