15 15 8 5 2 14 0.0096 0.0056 0 6 6 130.453
41 41 55 267 7 132 0.0957587 0.0575587 0 21 21 2002.9
69 69 96 723 12 235 0.160253 0.104173 0 33 33 4004.91
94 94 134 1206 14 339 0.21941 0.14813 0 48 48 6140.17
117 117 173 1584 20 435 0.263593 0.179948 0 62 62 7852.31
143 143 209 2078 25 520 0.303125 0.208011 47 83 80 9316.92
165 165 253 2484 30 640 0.354143 0.246742 136 100 94 11512.1
184 184 283 2716 35 714 0.377405 0.263739 136 109 103 13183.4
201 201 307 2844 37 779 0.392037 0.273673 136 119 113 14606.9
217 217 354 3014 41 917 0.430258 0.304216 141 128 122 17637.1
