16 16 8 1 0 14 0.0134 0.0054 0 3 3 35.2551
41 41 44 187 6 86 0.0652489 0.0336489 0 15 15 1262.28
68 68 80 630 10 170 0.12297 0.0721703 30 37 37 2768.49
95 95 119 840 15 249 0.160961 0.101841 97 52 51 4737.97
119 119 165 1164 18 374 0.22842 0.147976 110 73 71 6545.1
144 144 196 1796 19 465 0.276168 0.182939 110 91 89 8373.61
166 166 235 2105 22 566 0.322462 0.217748 110 107 105 10061.3
185 185 269 2357 28 638 0.346799 0.234653 110 119 117 11724.6
200 200 295 2482 30 703 0.368577 0.251125 110 130 128 13179.5
215 215 331 2604 34 799 0.397029 0.273537 110 142 140 15386.4
