15 15 7 21 2 10 0.006 0.003 0 4 4 64.9066
40 40 39 153 5 73 0.0580816 0.0300816 0 19 19 1116.3
66 66 75 437 11 159 0.113294 0.0700136 0 32 32 3257.43
92 92 115 791 14 252 0.166803 0.106435 14 47 46 5477.11
115 115 157 1094 20 355 0.220463 0.144729 14 60 59 7498.38
141 141 199 1417 25 461 0.273618 0.181699 14 73 72 9751.05
162 162 241 1790 31 569 0.317579 0.213848 46 86 84 11609
182 182 272 2032 32 651 0.350106 0.238602 46 94 92 13229
199 199 291 2175 32 700 0.367517 0.251722 46 101 99 14408.8
214 214 330 2348 33 815 0.401124 0.277758 46 114 112 16921.1
