15 15 2 1 0 2 0.002 0 0 2 2 0.110863
40 40 30 178 3 52 0.0428016 0.0192016 0 18 18 557.423
66 66 73 718 9 159 0.117207 0.0696073 0 39 39 2354.43
90 90 119 1122 14 271 0.182195 0.118979 1 58 57 4421
113 113 147 1521 17 342 0.219311 0.146418 10 74 73 5449.13
140 140 189 2040 20 444 0.271698 0.181848 10 96 95 7506.73
163 163 225 2372 23 546 0.317963 0.216673 10 115 114 9324.13
182 182 260 2526 27 636 0.353805 0.243769 10 129 128 11296.5
198 198 288 2617 28 713 0.379128 0.26284 58 138 135 13038.2
213 213 327 2838 32 825 0.419365 0.296379 84 149 145 14891.8
