16 16 3 0 3 3 -0.003 0 0 2 2 22.1685
41 41 40 85 18 73 0.0291609 0.0255609 3 16 15 1659.01
66 66 77 437 38 134 0.0383321 0.0452121 86 31 27 3348.18
91 91 112 700 52 207 0.0476873 0.0759433 101 45 38 5236.78
114 114 146 863 65 271 0.064392 0.0990544 180 58 49 7147.43
140 140 170 1052 70 316 0.085601 0.112481 258 74 63 8426.77
163 163 194 1209 76 374 0.116341 0.137089 358 90 74 10058.1
182 182 216 1287 77 431 0.141427 0.156366 375 102 84 11640.1
198 198 236 1382 81 479 0.158705 0.170267 377 112 94 12633.3
213 213 260 1468 86 537 0.178826 0.186921 388 121 102 13989
