15 15 2 1 0 2 0.002 0 0 2 2 0.110863
40 40 30 163 5 52 0.039392 0.019792 11 18 18 584.342
66 66 74 689 17 153 0.0997565 0.0661565 12 40 39 2436.89
93 93 115 1123 26 246 0.141887 0.106783 118 57 54 4372.28
115 115 141 1375 30 305 0.171075 0.12783 132 70 66 5514.69
141 141 179 1777 35 386 0.210227 0.1524 259 91 83 7644.85
163 163 212 1969 37 478 0.252803 0.184311 340 112 101 9413.85
182 182 234 2104 39 533 0.273428 0.199454 340 125 114 10440.5
198 198 271 2222 43 633 0.30378 0.228399 374 134 122 12484.1
213 213 294 2351 43 699 0.325483 0.245687 413 143 129 13598
