40 220 104 83 4.79576 24 16 0.464008 79 0
253 1239 257 233 9.45228 70 41 1.19004 985 159
507 2248 331 302 10.6413 124 67 1.94527 2146 606
764 3284 382 354 11.8 165 94 2.72852 2836 2141
1028 4384 432 413 12.672 189 118 3.42566 3717 6071
1285 5451 502 492 13.7495 228 143 4.15201 4803 9721
1539 6576 552 546 14.4612 273 166 4.82145 5265 12723
1797 7637 599 601 15.3889 318 185 5.37357 5814 16455
2063 8736 629 633 15.7209 336 201 5.83853 6226 20575
2314 9942 667 669 16.0859 351 216 6.27351 6631 26365
