17 17 3 0 3 3 -0.003 0 0 2 2 22.1711
42 42 31 64 29 32 -0.0246 0.001 22 17 15 1178.12
68 68 78 360 61 103 -0.024488 0.022072 113 32 27 3710.84
92 92 101 439 74 146 -0.038688 0.040192 212 49 40 5193.17
116 116 138 584 102 198 -0.0499344 0.052824 311 62 49 7519.16
141 141 159 720 113 232 -0.0374883 0.063816 371 79 62 8803.03
163 163 169 814 119 245 -0.0337738 0.066056 465 97 73 9413.4
182 182 189 889 125 286 -0.012505 0.0828192 508 108 81 10895.6
198 198 200 941 129 310 0.000188338 0.0938112 534 121 92 11758.4
214 214 222 1027 135 357 0.0194614 0.109909 556 133 104 13160.1
