88 310 115 113 5.32607 35 15 0.689474 190 0
307 1195 238 229 8.95374 73 41 1.88329 1422 242
560 2108 265 261 9.53573 126 68 3.12317 2054 1962
822 3031 288 292 10.1866 165 92 4.22524 2836 3216
1093 4022 317 327 10.9377 208 115 5.28042 3568 5848
1362 5017 346 363 11.3014 247 141 6.47539 4088 9450
1614 6027 361 383 11.6294 288 163 7.48661 4356 12138
1884 7018 384 414 12.1119 309 182 8.35909 4734 16021
2142 8013 412 439 12.8 332 199 9.13996 5051 18905
2406 9138 434 465 13.0331 359 214 9.82868 5463 24136
