16 16 3 0 0 4 0.004 0.001 0 2 2 22.1685
41 41 35 69 10 76 0.0436121 0.0290121 0 15 15 1455.68
68 68 91 514 20 211 0.122241 0.0820813 12 30 30 4062.96
93 93 124 742 28 282 0.141484 0.11134 72 48 47 5862.83
117 117 150 948 35 333 0.167025 0.127742 118 60 57 6936.76
143 143 200 1315 44 456 0.220471 0.167903 155 75 71 9458.87
166 166 226 1618 49 514 0.245796 0.186379 182 90 86 10693.6
185 185 249 1773 53 559 0.265836 0.2012 205 102 97 11790.7
201 201 285 1866 54 656 0.301932 0.22929 205 111 106 14323.3
216 216 322 1982 59 754 0.330382 0.251824 206 123 117 16481.6
