16 16 3 0 0 4 0.004 0.001 0 2 2 22.1685
41 41 37 78 20 65 0.0202314 0.0232314 0 16 16 1490.53
66 66 84 478 41 150 0.0457666 0.0523265 51 29 27 3737.2
89 89 119 660 56 221 0.0379288 0.0773207 203 44 39 5903.8
113 113 142 855 68 256 0.0477865 0.0850537 275 58 49 6821.72
139 139 182 978 82 341 0.0861717 0.112252 356 74 60 9257.67
162 162 198 1227 88 372 0.10202 0.124754 442 93 74 10108.1
181 181 227 1366 92 442 0.131606 0.146912 467 107 85 12073.1
196 196 248 1424 96 500 0.154427 0.165818 482 115 91 13603.3
211 211 265 1483 100 542 0.169104 0.178105 516 124 99 14810.3
