16 16 3 0 0 4 0.004 0.001 0 2 2 22.1685
41 41 38 91 6 86 0.0608041 0.0362041 0 17 17 1507.06
66 66 84 501 9 203 0.138596 0.0812364 0 31 31 3605.99
91 91 122 837 16 303 0.187126 0.126726 20 46 46 5752.81
114 114 156 1164 19 384 0.233782 0.158047 20 60 60 7084.09
140 140 202 1616 24 497 0.283803 0.190676 20 81 81 9484.91
163 163 233 1980 27 571 0.316606 0.214267 20 94 94 11046.4
182 182 262 2160 30 633 0.342112 0.232574 20 112 112 12437.1
198 198 299 2333 31 734 0.378632 0.260834 20 122 122 14666.4
213 213 316 2366 35 782 0.39666 0.276324 53 131 131 15555.6
