16 16 3 1 1 3 0.001 0 0 2 2 0.166614
41 41 29 129 20 32 -0.0084 0.003 18 17 17 575.43
68 68 75 513 56 95 -0.01716 0.01884 57 37 35 2783.57
93 93 111 771 80 149 -0.060472 0.034344 189 54 46 4516.51
116 116 128 938 89 181 -0.0500864 0.047008 271 70 58 5149.87
142 142 152 1052 105 222 -0.0366774 0.0602173 523 92 70 6524.79
165 165 172 1113 114 260 -0.0187327 0.0744428 591 109 80 7796.59
184 184 190 1129 121 298 -0.000802262 0.0891981 683 125 88 9268.95
200 200 192 1172 123 300 -0.000802262 0.0891981 729 134 94 9424.68
215 215 211 1198 128 344 0.0155958 0.106041 760 143 101 10575.7
