53 209 92 82 4.08964 25 15 0.650994 62 0
274 1096 228 218 8.55412 60 39 1.69441 754 18
536 2050 271 261 9.40472 144 66 2.87621 1556 782
796 3013 294 295 10.0971 214 92 4.00768 2273 3019
1052 4029 329 337 10.8608 258 114 4.96318 2784 7571
1319 5119 376 385 11.8805 314 140 6.09531 3331 11756
1585 6223 409 420 12.4041 364 162 7.05234 3616 16893
1848 7243 425 441 12.504 384 180 7.83447 3791 20758
2113 8389 444 466 12.6726 412 196 8.53047 3979 24844
2366 9501 476 503 13.1543 434 212 9.22479 4224 31139
