15 15 8 1 4 12 0.0038 0.0038 0 3 3 35.2547
41 41 42 140 30 60 -0.0012 0.0168 46 16 15 1229.43
67 67 82 460 60 111 -0.01724 0.02724 189 35 28 3100.67
94 94 119 736 86 163 -0.071592 0.0398 361 53 41 5245.9
117 117 151 956 109 204 -0.0656816 0.047912 449 74 57 6635.11
142 142 174 1271 124 244 -0.0478039 0.062344 604 94 71 7862.7
164 164 191 1331 135 274 -0.0359203 0.0720976 678 110 80 8957.55
183 183 213 1414 143 320 -0.0149103 0.0892279 732 125 90 10075.6
200 200 225 1445 147 348 -0.000724131 0.101684 782 132 95 10883.9
216 216 245 1494 156 391 0.0166691 0.117248 821 144 104 11969.7
