16 16 8 1 3 12 0.0058 0.0038 0 3 3 35.2551
41 41 43 140 22 73 0.026232 0.027032 31 18 17 1205.26
67 67 78 484 38 132 0.0419136 0.0479936 101 38 34 2726.69
94 94 117 664 55 193 0.0345696 0.0660576 179 55 48 5001.44
118 118 148 884 67 253 0.0530279 0.0875879 307 72 63 6468.49
143 143 192 1343 92 330 0.079793 0.112807 397 93 81 9207.99
166 166 218 1456 100 392 0.109216 0.136151 437 108 91 10626.6
185 185 241 1591 102 449 0.134891 0.156282 453 122 103 11899.6
201 201 263 1660 110 500 0.154242 0.172487 468 132 112 13214.3
216 216 281 1722 113 550 0.175979 0.191498 507 146 123 14257
