6 0.03023085594 0 2 21.557709352452
46 0.029957249539 0 2 27.557444365986
38 0.030162249538 0 2 27.557649211505
57 0.030006771066 0 2 29.557486618915
15 0.030100481162 0 2 43.557581024437
85 0.029891027167 0 2 44.557372871091
61 0.030135027166 0 2 44.557616917296
45 0.02994499332 0 2 46.557421455122
63 0.029908787497 0 2 47.557390683572
95 0.02998457904 0 2 48.557463099303
25 0.030191755269 0 2 50.557668407164
71 0.029957050201 0 2 57.557441191772
39 0.030051196716 0 2 58.557532326714
62 0.030295196715 0 2 58.557776330941
49 0.030046521604 0 2 59.557523098755
69 0.029847665721 0 2 60.557331670623
8 0.029927692163 0.1 2 63.557411662797
79 0.03001278404 0 2 64.557494499027
15 0.02991567839 0.1 2 65.557398713734
26 0.029818424689 0 2 70.557302120414
95 0.030075424688 0 2 70.557558963019
60 0.030280424687 0 2 70.55776413399
65 0.030071259721 0 2 71.557549433834
53 0.030121331136 0 2 73.557599411849
24 0.030115999998 0 2 77.557604013324
29 0.029854310742 0 2 79.557331688345
49 0.029979392178 -0.1 1 81.557458080759
87 0.029848566667 0 1 85.557326259747
27 0.030066566666 0 1 85.557544244951
61 0.029844949463 0 1 88.557323220765
96 0.030075949462 0 1 88.557554261427
17 0.030063999998 0 1 90.557544909218
75 0.030059280413 0 1 94.557543569721
3 0.030277280412 0.1 1 94.557761592422
35 0.03011149662 0 1 97.557587890656
69 0.029897841883 0.43616 1 100.557374212929
70 0.029997622101 0 1 107.557484742948
4 0.030048926833 0.1 1 111.557530862559
0 0.029933444736 0 1 115.557412134408
80 0.029941630297 0 1 117.557421336389
16 0.030065284204 0 1 120.557553648874
18 0.030280160135 0.1 1 122.557758865745
93 0.029903281881 0 1 124.557379930955
24 0.03017328188 0.28 1 124.557650020052
79 0.030417281879 0.18 1 124.557893697934
58 0.030173330225 0.424 1 128.557661151645
86 0.030086781593 0 1 129.557575139045
13 0.030012582402 0.36 1 130.557489049762
50 0.029935251252 0.1 1 136.557411687318
97 0.030192251251 0 1 136.557668701044
80 0.02985092359 0.482408 1 139.557327563719
17 0.030018056668 0.1 1 140.557505639204
16 0.030087663913 0.244 1 142.55756604552
45 0.029894562272 0 1 143.557382403348
54 0.029812447028 0.424 1 146.557292667801
48 0.030051312485 0.18 1 151.557530000677
44 0.030133058839 0.1 1 153.557614822329
88 0.030036580003 0 1 158.557515258048
38 0.030025711028 0.28 1 161.557504413576
6 0.030024335833 0 1 162.557505144994
51 0.030197754038 0 1 164.557678671481
20 0.029852685992 0.1 1 167.557341056242
57 0.030044685991 0 1 167.557532941588
33 0.03031468599 0.18 1 167.557802943125
99 0.029907999998 0.28 1 171.557396012768
66 0.029889472391 0 1 174.557377325049
93 0.029882118499 0.676891 2 181.557360904292
38 0.029951396925 0.612928 2 183.55743879081
68 0.030028376576 0.28 2 187.557515050534
20 0.02993400929 0.1 2 189.55742161577
57 0.030217009289 0 2 189.55770457037
67 0.029922164627 0 2 191.557409957141
30 0.030153164626 0.244 2 191.557640930465
99 0.029989426868 0.344 2 193.557473438438
69 0.029843890355 0.63705 2 195.557331693826
64 0.029988007417 0.18 2 199.55746524605
29 0.02991750115 -0.08 2 203.557396196587
62 0.030122107949 0 2 205.557600796604
46 0.029942589629 0 2 208.557421278383
81 0.030068536963 0 2 209.557547219408
32 0.029881137807 0 2 210.557365936116
40 0.029936825307 0.18 2 211.557415487928
12 0.030000579567 0.244 1 213.557484916528
41 0.03000194628 0 1 215.557481989538
96 0.029987539751 0.1 1 217.557466228378
3 0.030034795459 0.58016 1 223.557513486506
74 0.030128072929 0.344 1 226.557606643092
15 0.029876250883 0.2952 1 227.557357400953
73 0.030133250882 0.18 1 227.557614517065
88 0.029958602905 0.244 1 232.557437303852
17 0.030082734863 0.18 1 237.55757093751
29 0.029862788375 -0.131072 1 241.557341396665
28 0.029899047879 0.18 1 244.557377721796
91 0.030169047878 0.18 1 244.557647566335
27 0.030413047877 0.1 1 244.557891538669
56 0.030007289917 0.18 1 246.557489744115
75 0.030002725993 0 1 247.557481403276
10 0.029875809216 0.18 1 248.557358793082
80 0.02994266351 0.485926 1 250.557421344497
55 0.0300659226 0 1 256.55754461236
84 0.030091992832 0.488 1 258.557570492037
31 0.029925644573 0.1 1 259.557404341964
40 0.029936827641 0.18 1 262.557415492596
32 0.029839999999 0.18 1 265.557318694607
9 0.030077767704 -0.5 1 269.557562032428
43 0.030072077943 0.5904 1 272.557549321188
64 0.029925278801 0.63136 1 276.557413191388
79 0.029991990034 0.244 1 277.557468521209
90 0.030128398868 0 1 285.557614394549
51 0.030012790543 0.1 1 288.557498727566
17 0.030042156133 0.18 1 289.557518872498
82 0.030096947843 0.244 1 291.557577462109
14 0.029897001536 0.63136 1 295.557381169805
8 0.029949518958 0.33616 1 297.557437681507
84 0.030378529343 0.5904 2 301.557863486975
58 0.030290402137 0.5392 2 302.557769103081
50 0.030326880966 0.368928 2 303.557807864185
52 0.030093088146 0 2 304.55757225821
83 0.030311088145 0.51616 2 304.557790159387
92 0.030105971582 0.1 2 305.557589763592
66 0.030134818225 0.1 2 306.557615933492
19 0.029889641587 -0.256 2 307.557368492304
32 0.029805554485 0.33616 2 308.557289170347
90 0.030088554484 0 2 308.557572270688
70 0.030073793599 0.18 2 309.557562737028
42 0.029860281133 0 2 310.55734468052
17 0.03008698282 0.244 2 311.557570322054
76 0.029991230304 0 2 314.557474816966
14 0.02993633956 0.76407 2 317.557419657585
81 0.030132079413 0 2 322.557612214438
10 0.029870719329 0.18 2 324.557358703756
82 0.030100027728 0.244 2 327.557577457067
98 0.029894999998 0.5904 2 333.557373900166
28 0.029828140964 0.51616 1 339.557305674065
27 0.030102999998 0.1 1 341.557586277818
74 0.029978331945 0.3952 1 342.557462942252
35 0.030165625353 0.1 1 343.557652880364
6 0.030017087661 0.2952 1 350.557505167288
7 0.030096626335 0 1 351.557582288302
75 0.030002725691 0.33616 1 358.557481402672
98 0.02989494685 0.664128 1 361.557373347202
3 0.030082588488 0.769051 1 365.557562454066
35 0.030313588487 0.18 1 365.557793479098
80 0.029877023664 0.490993 1 366.557356240079
8 0.029974300047 0.468928 1 369.557463648369
6 0.029979270598 0.33616 1 372.557466194236
94 0.029827960616 0.2952 1 373.557306626933
84 0.030318960615 0.63136 1 373.557797652394
81 0.030073626936 0.33616 1 375.557557230737
58 0.030349592192 0.815241 1 377.557826523697
21 0.029955440096 0.244 1 379.557434055255
7 0.030225440095 0 1 379.557703846234
52 0.029961359292 0.1 1 381.557444946608
90 0.030109649863 0 1 382.557588313705
36 0.030009356892 0.1 1 385.557488032261
23 0.030214356891 0.731302 1 385.557693038734
54 0.029852999999 0.731302 1 394.557331679588
59 0.029967584998 0.548928 1 396.557453458362
60 0.029882055774 0.18 1 397.557362465167
22 0.030180265792 0.2952 1 403.557660466453
75 0.03001573455 0.33616 1 404.55749442039
1 0.02999228941 0.18 1 411.557481489484
67 0.029907999998 0.1 1 415.557391163663
3 0.030032180872 0.828034 2 421.557510594295
77 0.030276180871 0 2 421.557754875209
13 0.029999461145 0.76407 2 423.557476043298
75 0.030070904732 0.33616 2 426.557559225548
78 0.029891367198 0.612928 2 429.557368195576
32 0.029813999999 0.395142 2 430.5572926734
67 0.029894443522 0.18 2 437.557377944317
84 0.030156787039 0.664128 2 448.557635460523
47 0.030002914758 0 2 453.557483175918
34 0.029881375391 0.368928 2 454.557359994826
89 0.03012537539 0.468928 2 454.557604024564
97 0.029916218189 0.18 2 458.557404049021
1 0.030160218188 0.2952 2 458.557648036842
40 0.029935281953 0.18 2 459.557415508274
96 0.029919367562 0.368928 2 468.557398044897
68 0.030137367561 0.468928 2 468.557616038875
17 0.030089999998 0.244 2 471.557570878492
35 0.030133159976 0.18 2 474.557613925574
14 0.029990032227 0.785042 2 479.557472237297
34 0.029818570266 0.516114 2 481.557304682123
1 0.030023570265 0.368928 2 481.557509613784
77 0.030280570264 0.368928 2 481.557766520454
51 0.030011005514 0.45705 2 482.557498758798
92 0.029991070027 0.244 2 488.557471209472
72 0.030108322321 0.1 2 496.557594200224
7 0.03033932232 0.244 2 496.557825215129
73 0.029896816392 0.495142 2 504.557375480956
94 0.029899714282 0.828034 2 509.557380824851
24 0.030125307211 0.575142 2 513.557604008222
46 0.029907595114 0.244 2 524.557395260783
55 0.030121848052 0.244 2 528.557609642682
2 0.030006595187 0.1 2 529.557485277361
86 0.030083440449 0.2952 2 532.557562121447
52 0.030031234744 0.1 2 538.557509935318
97 0.029964114731 0.18 2 540.557445771409
7 0.030199282318 0.2952 2 543.557681148751
66 0.029905125433 0.1 2 547.557393984219
11 0.030162125432 0.1 2 547.557651159332
88 0.030367125431 0.596114 2 547.557855899325
49 0.029979387418 -0.4 2 548.557458071239
94 0.029852999999 0.867655 2 552.557331686898
67 0.029855891345 0.18 2 553.557344663005
9 0.030083347076 -0.5 2 554.557562030488
90 0.0300966753 0.395142 2 558.557575364579
97 0.029917831903 0.18 2 562.557406404083
39 0.030121580964 -0.5 2 563.557600243482
60 0.02988383273 0.244 2 566.557362524331
21 0.030023298646 0.416114 1 583.55750196807
72 0.030144448344 0.1 1 586.557623140758
93 0.029921809685 0.841455 1 592.557400487374
36 0.03005457251 0.368928 1 601.557533266919
68 0.030076999998 0.596114 1 604.557554044906
5 0.02998974262 0 1 605.557470794026
