6 0.03023085594 0 2 21.557709352452
46 0.029957249539 0 2 27.557444365986
38 0.030162249538 0 2 27.557649211505
57 0.030006771066 0 2 29.557486618915
15 0.030100481162 0 2 43.557581024437
85 0.029891027167 0 2 44.557372871091
61 0.030135027166 0 2 44.557616917296
45 0.02994499332 0 2 46.557421455122
63 0.029908787497 0 2 47.557390683572
95 0.02998457904 0 2 48.557463099303
25 0.030191755269 0 2 50.557668407164
71 0.029957050201 0 2 57.557441191772
39 0.030051196716 0 2 58.557532326714
62 0.030295196715 0 2 58.557776330941
49 0.030046521604 0 2 59.557523098755
69 0.029847665721 0 2 60.557331670623
8 0.029927692163 0.1 2 63.557411662797
79 0.03001278404 0 2 64.557494499027
15 0.02991567839 0.1 2 65.557398713734
26 0.029818424689 0 2 70.557302120414
95 0.030075424688 0 2 70.557558963019
60 0.030280424687 0 2 70.55776413399
65 0.030071259721 0 2 71.557549433834
53 0.030095331136 0 2 73.557573411849
24 0.030115999998 0 2 77.557604013324
29 0.029854310742 0 1 79.557331688345
49 0.030018392178 -0.1 1 81.557497080759
87 0.029939566667 0 1 85.557417259747
27 0.030222566666 0 1 85.557700244951
61 0.029857949463 0 1 88.557336220765
96 0.030140949462 0 1 88.557619261427
17 0.030089999998 0 1 90.557570909218
3 0.030000313413 0.1 1 94.557484625423
75 0.030283313412 0 1 94.55776760272
35 0.03016349662 0 1 97.557639890656
69 0.029923841883 0.144 1 100.557400212929
70 0.030036622101 0 1 107.557523742948
4 0.030074926833 0 1 111.557556862559
0 0.029959444736 0 1 115.557438134408
80 0.029941630297 0 1 117.557421336389
16 0.030026284204 0 1 120.557514648874
79 0.030358042699 -0.18 1 122.557836489656
24 0.03018422696 0 1 124.557660965132
93 0.029895086185 0 1 127.557371473077
18 0.030113086184 0.18 1 127.557589476473
58 0.030108330225 0.28 1 128.557596151645
86 0.030112781593 0 1 129.557601139045
13 0.030064582402 0.18 1 130.557541049762
50 0.029948251252 0.1 1 136.557424687318
97 0.030153251251 0 1 136.557629701044
80 0.02990292359 0.446313 1 139.557379563719
17 0.030018056668 0.1 1 140.557505639204
16 0.030009663913 0.18 1 142.55748804552
45 0.029907562272 0 1 143.557395403348
54 0.029882681039 -0.08 1 146.557362901812
48 0.030012312485 0.1 1 151.557491000677
44 0.030159058839 -0.1 1 153.557640822329
88 0.029997580003 0 1 158.557476258048
38 0.029947711028 0.18 1 161.557426413576
6 0.030011335833 0 1 162.557492144994
51 0.030236754038 0 1 164.557717671481
33 0.030216685992 0.18 1 167.557704943127
20 0.029919745352 0.1 1 169.557398710049
57 0.030176745351 0.1 1 169.557655603302
99 0.029972999998 -0.08 1 171.557461012768
66 0.029889472391 0 1 174.557377325049
93 0.029960118499 0.5392 1 181.557438904292
38 0.030016396925 0.488 1 183.55750379081
68 0.030041376576 0.18 1 187.557528050534
67 0.029870216443 0 1 192.557357867419
99 0.029908878193 -0.08 1 193.557392889763
30 0.030191878192 0.244 1 193.557676061721
69 0.029912464302 0.215142 1 195.557400267773
64 0.029988007417 -0.18 1 199.55746524605
29 0.02991750115 -0.08 1 203.557396196587
62 0.030109107949 0 1 205.557587796604
46 0.029994589629 0 1 208.557473278383
81 0.030081536963 0 1 209.557560219408
32 0.029868137807 0 1 210.557352936116
40 0.029962825307 0.1 1 211.557441487928
12 0.029935579567 0.244 1 213.557419916528
41 0.02994994628 0 1 215.557429989538
96 0.029987539751 0.1 1 217.557466228378
3 0.030098752242 0.18 1 224.557578799071
74 0.030115072929 -0.5 1 226.557593643092
73 0.029904396128 0.244 1 227.557385662311
15 0.030109396127 0.18 1 227.557590546197
88 0.029971602905 0.244 1 232.557450303852
17 0.030082734863 0.18 1 237.55757093751
29 0.029925529277 -0.4 1 241.557404137567
28 0.029912047879 0.244 1 244.557390721796
91 0.030117047878 0 1 244.557595566335
27 0.030387047877 0.1 1 244.557865538669
56 0.029968289917 0 1 246.557450744115
75 0.030054725993 0 1 247.557533403276
10 0.029940809216 0 1 248.557423793082
80 0.02991666351 0.446313 1 250.557395344497
55 0.0300789226 0 1 256.55755761236
84 0.030104992832 -0.256 1 258.557583492037
31 0.029938644573 0 1 259.557417341964
40 0.029923827641 0.1 1 262.557402492596
32 0.029813999999 0.1 1 265.557292694607
9 0.030090767704 -0.5 1 269.557575032428
43 0.030098077943 0.488 1 272.557575321188
64 0.029964278801 -0.5 1 276.557452191388
79 0.029978990034 -0.18 1 277.557455521209
90 0.030089398868 0.1 1 285.557575394549
51 0.030051790543 0 1 288.557537727566
17 0.030107156133 0.18 1 289.557583872498
82 0.030122947843 0 1 291.557603462109
14 0.029962001536 -0.32 1 295.557446169805
8 0.029923518958 0.2952 1 297.557411681507
83 0.030030380547 0.244 1 300.557508482677
84 0.030131934021 -0.16384 1 301.557616891653
55 0.03040193402 0 1 301.55788718345
50 0.030339880966 0.18 1 303.557820864185
19 0.029833263621 -0.32 1 304.55731230162
58 0.03022026362 0.5392 1 304.557699443259
52 0.030218627473 0.1 1 305.557702392865
92 0.030140479872 0 1 306.557621437397
90 0.030181462457 0.1 1 307.55766053601
32 0.029809199333 0.18 1 309.557297940369
66 0.030040199332 0 1 309.557529005444
70 0.030245199331 0 1 309.55773414276
42 0.029899157004 0 1 310.557383556391
17 0.03006098282 0.244 1 311.557544322054
76 0.030056230304 0 1 314.557539816966
14 0.02998833956 -0.32 1 317.557471657585
81 0.030067079413 0 1 322.557547214438
10 0.029896719329 0.1 1 324.557384703756
82 0.030152027728 0 1 327.557629457067
98 0.029852776665 0.43616 1 333.557331676833
28 0.029906872269 0.33616 1 339.55738440537
27 0.030115999998 0.1 1 341.557599277818
74 0.029978331945 -0.5 1 342.557462942252
35 0.030152625353 0.18 1 343.557639880364
6 0.030043087661 0 1 350.557531167288
7 0.030031626335 0 1 351.557517288302
75 0.030028725691 0 1 358.557507402672
98 0.02990794685 0.612928 1 361.557386347202
35 0.030303588488 0.432891 1 365.557783479099
80 0.029874960732 0.45705 1 367.557353544742
3 0.030092960731 0.43616 1 367.557571520628
8 0.029883300047 0.548928 1 369.557372648369
6 0.030057270598 0 1 372.557544194236
94 0.029867844335 -0.5 1 373.557346510652
7 0.030306844334 0.1 1 373.557785250473
58 0.030268626936 0.63136 1 375.557752323269
21 0.030035006623 0.1 1 377.557512046781
84 0.030127824902 -0.16384 1 378.557606388215
81 0.030358824901 0.1 1 378.557837378886
52 0.030000359292 0.1 1 381.557483946608
90 0.030096649863 0.1 1 382.557575313705
36 0.030001725382 0 1 389.557478289851
23 0.030219725381 0.548928 1 389.557696294137
54 0.029897245797 -0.4 1 394.557375925386
59 0.030058584998 -0.256 1 396.557544458362
60 0.029908055774 0 1 397.557388465167
22 0.030128265792 0 1 403.557608466453
75 0.02998973455 0 1 404.55746842039
1 0.02995328941 0 1 411.557442489484
67 0.029873472323 0.18 1 415.557352163663
77 0.030059610477 0.1 1 421.557538304815
3 0.030290610476 0.575142 1 421.557769023899
13 0.030025461145 0.51616 1 423.557502043298
75 0.030031904732 0 1 426.557520225548
78 0.029878367198 0.58016 1 429.557355195576
32 0.029813999999 0.18 1 430.5572926734
67 0.029933443522 0.18 1 437.557416944317
84 0.030104787039 -0.16384 1 448.557583460523
34 0.029842375391 -0.4 1 454.557320994826
89 0.029856382913 -0.5 1 458.557344043787
40 0.030141863133 0.2952 1 459.557622089454
1 0.030359863132 0 1 459.557840008317
97 0.029977112379 0 1 460.557455672412
47 0.030234112378 0.18 1 460.557712500857
68 0.030155557196 0.368928 1 472.557632244794
96 0.02994368874 0.1 1 474.557424181955
17 0.030035535711 0.244 1 477.557515905945
35 0.03025353571 0.472512 1 477.557734045537
14 0.029964032227 -0.32 1 479.557446237297
34 0.029834570267 -0.4 1 481.557320682124
1 0.030232485895 0 1 482.557720184494
51 0.030030875192 0 1 486.557511401712
92 0.029939070027 0.1 1 488.557419209472
72 0.030069322321 0 1 496.557555200224
7 0.03028732232 0.1 1 496.557773215129
73 0.029852999999 0.575142 1 504.557331664563
94 0.029837564277 -0.4 1 509.557318674846
24 0.030151307211 -0.32 1 513.557630008222
46 0.029920595114 0.395142 1 524.557408260783
55 0.030043848052 0 1 528.557531642682
2 0.029928595187 0 1 529.557407277361
86 0.030083440449 0.1 1 532.557562121447
52 0.030005234744 0.2952 1 538.557483935318
97 0.029951114731 0 1 540.557432771409
7 0.030251282318 0.1 1 543.557733148751
66 0.029935091843 0 1 547.557423950629
88 0.030192091842 0.711314 1 547.557680865736
11 0.030449091841 0.244 1 547.557938125741
49 0.030031387418 -0.5 1 548.557510071239
94 0.029839999999 -0.4 1 552.557318686898
67 0.029876335335 0.18 1 553.557365106995
9 0.030031347076 -0.5 1 554.557510030488
90 0.0301096753 0.1 1 558.557588364579
97 0.029982831903 0 1 562.557471404083
39 0.030121580964 -0.5 1 563.557600243482
60 0.02988383273 0.244 1 566.557362524331
21 0.030010298646 0.368928 1 583.55748896807
72 0.030144448344 0 1 586.557623140758
93 0.029960809685 0.76407 1 592.557439487374
36 0.03006757251 0.1 1 601.557546266919
68 0.030011999998 0.612891 1 604.557489044906
5 0.03000274262 0 1 605.557483794026
