6 0.0458505456 0 2 21.459458533802
5 0.046042545599 0 2 21.459650582324
38 0.045950040846 0 2 22.459558193205
46 0.045919327092 0 2 25.459527517086
57 0.045945272054 0 2 29.459553349159
15 0.046187100704 0 2 43.459790367032
85 0.045844242517 0 2 44.459452216615
61 0.046062242516 0 2 44.45967026306
63 0.045795199372 0 2 47.459403354231
45 0.046078199371 0 2 47.459686353173
95 0.045967787808 0 2 48.459578725521
25 0.045862055929 0 2 50.459470249085
39 0.045987928327 0 2 57.459598886517
49 0.045992043302 0 2 59.459599163302
62 0.045989715201 0 2 60.459600579809
69 0.045741115197 0 2 63.459352071017
8 0.045985115196 -0.1 2 63.459596223511
71 0.046216115195 0 2 63.459826953159
79 0.045858996017 0 2 64.459467165559
15 0.046070953976 0.2 2 65.459677841461
60 0.045923280822 0 2 70.459531334851
95 0.046206280821 0 2 70.45981415943
26 0.04648928082 0 2 70.460097321209
65 0.045771735595 0 2 71.459386158913
53 0.045824306801 0.1 2 73.459432460859
24 0.045814410828 0.1 2 78.459422561362
29 0.045843128495 0 2 79.459445675003
49 0.045827748336 0.1 2 81.459435919904
87 0.04575369607 0 2 86.459361633646
27 0.046010696069 0 2 86.459618619125
61 0.045952287578 0 2 88.459567570287
96 0.046045359144 0.1 2 89.459653373559
17 0.045740668807 0.18 2 90.459347176758
75 0.046066753656 0 2 91.459673258173
3 0.045911326077 0.28 2 92.459519466227
35 0.045890460349 0 2 97.459497026839
70 0.045839066542 0.244 2 108.459450136165
4 0.045878634358 0.18 2 111.459489715815
0 0.045915934283 0.18 1 115.459521803093
80 0.045967387333 0 1 117.459578710053
16 0.045943856733 0.18 1 120.459552032023
69 0.045721762882 0.18 1 121.459327819029
79 0.045802013129 0.244 1 123.459409914228
3 0.046176013128 0.4752 1 123.459784207119
24 0.046047885046 0.18 1 125.459656035272
18 0.045752794018 0.28 1 126.459360813967
93 0.045944794017 0 1 126.459552811492
58 0.045914996513 0.18 1 128.459523179326
86 0.045814261936 0 1 129.459422443764
13 0.045854429737 0.28 1 130.459460816186
97 0.04578052876 0 1 132.459388701964
50 0.045972528759 0 1 132.459580689488
17 0.045743813278 0.612891 1 139.459349704424
0 0.046026813277 0.344 1 139.459632794349
80 0.046270813276 0.416114 1 139.459876664875
16 0.045867462977 0.488 1 142.459473414057
45 0.045948841651 0 1 143.459557014678
54 0.045936999998 0.18 1 146.459548788136
48 0.045822309098 0.1 1 151.459434429455
44 0.045998295841 0 1 153.45960646312
88 0.045972749983 0 1 158.459584274234
6 0.045808537005 -0.18 1 163.459415117838
38 0.046013537004 0.18 1 163.459620098256
57 0.046128828267 0 1 164.459740425155
51 0.045770804928 0 1 165.459378733402
33 0.046014804927 0.18 1 165.459622754653
20 0.045827033474 0.18 1 167.459438738725
99 0.046013199079 0 1 171.459621310953
66 0.04598999134 0.244 1 174.459600011761
93 0.045943312377 0.1 1 181.459555517625
38 0.045910767433 0.344 1 185.459518646379
57 0.04594256932 0.1 1 186.459553027895
68 0.045834808974 0 1 187.459447751111
20 0.04581487296 0.344 1 189.459425599535
67 0.045845278014 0.1 1 191.459453463557
30 0.046063278013 0.28 1 191.459671436868
99 0.04596083089 0.1 1 193.459568720795
69 0.045699999999 0.18 1 195.459308185838
64 0.045935672356 0 1 200.459543824378
29 0.045811501671 0.5392 1 203.459419689101
62 0.045751999999 0.1 1 205.459360180628
46 0.045841317847 0 1 208.459449498596
81 0.046014637417 0 1 209.459621781339
32 0.045859596222 0.424 1 210.459467790328
40 0.045714482531 0 1 211.459321154636
12 0.045818538192 0.4752 1 214.459425080251
41 0.04584805428 0 1 215.459455083385
96 0.045968999198 0.1 1 217.459575431035
3 0.046137440461 0.58016 1 225.459739968897
74 0.045885602985 0 1 226.45949289142
73 0.045946977976 0 1 227.4595550908
15 0.046216977975 0.63136 1 227.459824974525
88 0.045933199851 0.244 1 232.45954532011
17 0.045791880373 0.676891 1 237.459407211047
91 0.046029948639 0 2 241.459638089196
27 0.046144381264 0.690342 2 244.459752363736
29 0.046105834007 0.711314 2 246.459713399541
75 0.046035908242 0.2952 2 247.459644077547
56 0.045757195955 0.18 2 248.459365282462
28 0.045962195954 0.244 2 248.459570185738
10 0.045752384519 0.3952 2 249.459360153566
80 0.045957545174 0.416114 2 250.459565718165
55 0.045904237572 0.1 2 256.459512419307
84 0.045946085733 0 2 258.459559767455
31 0.046036632438 0.63136 2 259.459644821839
40 0.045777999999 0.244 2 262.459386156945
32 0.045764999999 0.664128 2 265.459373186616
9 0.045712999999 -0.5 2 269.459321176377
43 0.045777999999 0.1 1 272.459386166973
64 0.045896690334 0 1 276.459504860334
79 0.045833007126 0.2952 1 277.459441187777
90 0.045990725269 0.1 1 286.459598876498
51 0.04585501032 0.2952 1 288.459463177518
17 0.045798987597 0.79321 1 289.459407145951
82 0.045856429946 0 1 291.459464601241
14 0.045777999999 0.3952 1 295.459386154177
8 0.045825035353 -0.5 1 297.459433226817
84 0.04632810231 0.1 1 301.459935127738
58 0.046320771558 0.2952 1 302.459928964504
83 0.04634080911 0 1 303.459954032562
52 0.046036503753 0.244 1 304.459642723926
50 0.046228503752 0.395142 1 304.459834576773
19 0.046062144282 0.33616 1 305.459670065972
66 0.046075908813 0.244 1 306.459683548456
32 0.04578095668 0.769051 1 307.459386871704
92 0.046037956679 0.18 1 307.459643783658
90 0.045925699403 0.244 1 308.459533824766
70 0.045868761178 0.2952 1 309.459476220379
42 0.045868671408 0 1 310.459482215046
17 0.045837707892 0.808672 1 311.459445586541
76 0.045835069203 0.33616 1 314.459443257371
14 0.045751999999 0.468928 1 317.459359893555
81 0.046057708865 0.33616 1 322.459660776479
10 0.045754303397 0.51616 1 324.459360154144
82 0.045845778458 0 1 327.459451596267
98 0.046032601173 0 1 333.459638574909
28 0.045949999998 0.33616 1 339.459560538309
27 0.045922564713 0.690342 1 341.459530741768
74 0.045911247058 0 1 342.459521655939
35 0.045903396854 0.63136 1 343.459510016489
6 0.045828978956 -0.4 1 350.459437159728
7 0.046048285608 -0.2048 1 351.459661775108
75 0.045983489324 0.416114 1 358.459595248975
98 0.045987441258 0.18 1 361.459599006777
3 0.045947662824 0.752274 1 367.45955571464
80 0.046230662823 0.45705 1 367.459838738765
8 0.045877018769 -0.5 1 369.459485193649
6 0.045777999999 -0.4 1 372.459386185232
94 0.045792581657 0.416114 1 374.459400695209
7 0.046153581656 -0.16384 1 374.45976147528
81 0.046223994924 0.368928 1 375.459832081331
58 0.046084727642 0.2952 1 378.459692771833
21 0.045785830433 0.548928 1 380.459393892813
84 0.046016830432 0.1 1 380.459624719854
23 0.04572170254 0.612928 1 385.459327722603
36 0.046160702539 0.468928 1 385.45976671608
52 0.045927245335 0.244 1 386.459535223264
90 0.046132245334 0.244 1 386.459740223491
54 0.046005640184 0.33616 1 394.459613811762
59 0.045964729812 0.244 1 396.459572888027
60 0.045889834358 0.1 1 397.459497988388
22 0.045987444492 0.575142 1 403.45959562806
75 0.046074761882 0.472512 1 404.459686266801
1 0.046000213639 0.828034 1 411.459608395846
67 0.045806468986 0.1 1 415.459414652306
77 0.045727302066 0.18 1 421.459335488407
3 0.045984302065 0.841455 1 421.459592199238
13 0.045813652887 0.67232 1 423.459421809908
75 0.045999982558 0.472512 1 426.459608054035
78 0.045991747283 0.1 1 429.4595999206
32 0.045846567482 0.801819 1 430.459454732848
67 0.04579335042 0.18 1 437.459401415174
84 0.045977570451 0.18 1 448.459585735953
47 0.04579747396 0.1 1 453.459405652335
89 0.046002776239 0.1 1 454.459610917396
34 0.046259776238 0.468928 1 454.459867887649
97 0.045823427992 0.18 1 458.459431568654
1 0.046067427991 0.867655 1 458.459675556528
40 0.045712999999 0.416114 1 459.459321164764
68 0.045863239134 0.2952 1 468.459471402417
96 0.046120239133 0.395142 1 468.459728408494
17 0.045738999999 0.888626 1 471.459347161349
35 0.04594088036 0.811256 1 474.459549061819
14 0.045699999999 0.468928 1 479.459308187922
77 0.04579121811 0.395142 1 481.45939731367
1 0.046022218109 0.894124 1 481.459628406892
34 0.046266218108 0.575142 1 481.459872475132
51 0.04585502595 0.416114 1 482.459463208778
92 0.045869958206 0.368928 1 488.459478118863
96 0.045989600031 0.395142 1 490.459601454519
72 0.045828793432 0.18 1 493.459440713406
7 0.046085793431 -0.16384 1 493.459697727331
73 0.045926061712 0.18 1 504.459531903145
94 0.04581381189 0.416114 1 509.459421978732
24 0.045829471216 0.416114 1 513.459435646334
46 0.045893309019 0.18 1 524.45950148094
55 0.046168818859 0.46564 1 532.459771036915
86 0.045785476966 0.1 1 533.459393604794
2 0.046068476965 0.516114 1 533.459676472708
52 0.045891072502 0.33616 1 538.459499265079
97 0.045805589505 0.18 2 540.459408284598
88 0.046204061561 0.368928 2 543.459815034999
66 0.045949992641 0.2952 2 545.459558087091
7 0.04623299264 -0.16384 2 545.459840881291
46 0.045851582031 0.18 2 546.459462517374
11 0.045948519996 0.690342 2 547.459556702339
49 0.045879752582 0.1 2 548.459487928396
94 0.045706131627 0.416114 2 552.459321178869
67 0.045777999999 0.18 2 553.459386154994
9 0.045777999999 -0.256 2 554.459386175412
90 0.045957661141 0.244 2 558.459572936616
97 0.045877905349 0.244 1 562.459485899564
39 0.045913566953 0.811256 1 563.45952172149
60 0.045954863927 0.2952 1 566.459563047526
21 0.045764999999 0.612891 1 583.459373161415
72 0.045881813243 0.18 1 586.459489997682
93 0.045882946216 0.1 1 592.459491115889
36 0.045938058002 0.815241 1 601.459546244415
68 0.045917579121 0.2952 1 604.459525745417
5 0.045962999998 -0.16384 1 605.459575861347
