6 0.03638617258 0 2 21.455414855833
5 0.036604172579 0 2 21.455632904355
38 0.036305740734 0 2 22.455334588144
46 0.036515691992 0 2 25.455544577037
57 0.036437789918 0 2 29.455536540861
85 0.036263904942 0 2 43.455296968626
15 0.03649698626 0 2 44.455525871678
61 0.036392632118 0 2 45.455421304283
45 0.036335330291 0 2 48.455366274936
95 0.03652986486 0 2 50.455558304787
63 0.036431481558 0 2 51.455462163552
25 0.036701481557 0 2 51.455732333623
39 0.036267414737 0 1 55.45529946767
62 0.036537414736 0 1 55.455569461984
71 0.036453143046 0 1 57.455494290838
8 0.036291254876 -0.1 1 63.455332498558
69 0.03650471155 0 1 64.45553329632
49 0.036448152317 0 1 65.455481907031
15 0.036492202897 -0.1 1 66.455522979771
79 0.036697202896 0 1 66.455728144243
26 0.036260103169 0 1 67.45528861874
60 0.036465103168 0 1 67.455493632654
65 0.036346743507 0 1 72.455375552351
95 0.036603743506 0 1 72.45563231751
53 0.036417725317 0 1 73.455447336052
24 0.03632652757 0 1 78.455355373155
29 0.03648642145 0 1 79.455516055073
87 0.036691088018 0 1 88.455730550781
96 0.03657408871 0 1 89.455614176273
61 0.036586114828 0 1 90.455614876538
27 0.036612866859 0 1 91.455652402985
17 0.0364081504 -0.18 1 92.455448392481
3 0.036288894887 0 1 94.455320935705
75 0.036532894886 0 1 94.455564912995
35 0.036284759534 0 1 97.455316859019
70 0.036390823931 0 1 108.455419669613
4 0.036326458788 -0.18 1 111.455355319128
0 0.036327402564 -0.18 1 115.455367156878
80 0.036368027642 0 1 118.455404993263
3 0.036262331411 -0.08 1 121.455299158534
79 0.03670133141 0 1 121.4557380334
16 0.036402953645 -0.18 1 122.455434918964
24 0.036596991422 -0.1 1 126.455625791661
18 0.036329039504 -0.18 1 127.455365627303
93 0.036599039503 0 1 127.45563562399
58 0.036644573017 0 1 130.455681382827
13 0.036417896447 -0.18 1 131.455450359319
86 0.036446570915 0 1 132.455550870359
50 0.036298718915 0 1 133.455335541734
97 0.036516718914 0 1 133.455553554393
0 0.036321799686 -0.08 1 137.45535396434
17 0.036454819759 -0.18 1 139.455487389919
80 0.036402230922 0.1 1 142.455431106735
45 0.036355999998 0 1 145.455394870658
54 0.036396344705 0.1 1 146.455435297562
48 0.036363736027 0 1 151.455402471416
44 0.036329999998 0 1 153.455363979413
88 0.03652804499 0 1 159.455561738109
51 0.036630186097 0 1 164.455729142047
6 0.036297702076 -0.1 1 166.455335168818
33 0.036438472826 0.18 1 167.455563184925
57 0.036643472825 0 1 167.455768183392
20 0.036220733685 -0.18 1 169.455258150634
38 0.036503733684 0.18 1 169.455540950193
99 0.036275962436 0 1 171.455316880034
66 0.036299517329 0 1 174.455331322141
93 0.036358844299 0 1 181.455395968448
68 0.036448926614 0 1 187.455486439702
57 0.036478973232 0.1 1 189.455510474637
38 0.036331457137 0.244 1 191.45536002095
99 0.036304217772 0.18 1 193.455332802728
30 0.036507224705 0.244 1 195.455538769238
67 0.036540126619 0 1 198.455571707316
69 0.036797126618 0 1 198.455828867597
64 0.036292918635 0 1 200.455329847072
29 0.036461141706 -0.5 1 204.455489979203
62 0.036446999998 0 1 205.455481589109
46 0.036510102945 0 1 208.455544558547
81 0.036316999998 0 1 210.455345361984
32 0.036573999997 0.1 1 210.455602426593
40 0.036552219527 0.1 1 211.455586524043
12 0.036377251196 -0.5 1 214.455411489544
41 0.036298620593 0.1 1 215.455329885
96 0.036527756793 0.1 1 217.455562107083
15 0.036403734776 -0.5 1 224.455435060076
74 0.036613261533 0 1 226.455641594777
3 0.036240685349 -0.32 1 229.455268746401
73 0.036484685348 0 1 229.455512846104
88 0.03653364416 0.1 1 232.455574873727
17 0.036446170624 -0.18 1 237.455474600625
29 0.036524536921 -0.5 1 241.455565695761
91 0.03626493675 0 1 244.455293135375
28 0.036469936749 -0.5 1 244.455498291706
27 0.036687936748 -0.104858 1 244.455716108259
56 0.036410963324 0 1 246.455442167278
75 0.036379701718 0 1 247.455408566074
10 0.036472252733 -0.4 1 249.455503305365
80 0.036311223151 0.18 1 250.455340091193
55 0.036261999999 0.1 1 256.455290876785
84 0.036346913378 0 1 258.455377923325
31 0.036502767337 0.244 1 259.455531651789
40 0.036505676664 0.1 1 262.455534528661
32 0.036459529948 0.3952 1 265.455488411616
9 0.036255168139 -0.5 1 270.45529082642
43 0.036589985996 0.18 1 272.455630756173
64 0.03624979455 0.1 1 276.45529086505
79 0.036492234 0 1 277.455528920911
90 0.036518651124 0 1 286.455548251299
51 0.036478308063 0.18 1 288.455507170312
17 0.036444972443 -0.18 1 289.455474535529
82 0.036378508745 0 1 291.455407375091
14 0.036446795259 -0.5 1 295.455476559598
8 0.03629995006 -0.5 1 298.455329841507
84 0.036652997255 0 1 301.45568157604
50 0.036301420509 0 1 302.455330148243
83 0.036519420508 0 1 302.455548197165
19 0.036275820526 -0.4 1 303.455393218247
58 0.036688820525 0.244 1 303.455806363015
66 0.036223739294 0 1 306.455328190442
52 0.036727739293 0.1 1 306.455832006339
32 0.036456734641 0.43616 1 307.45548550797
92 0.03668773464 0 1 307.455716419924
90 0.036375882281 0.18 1 309.455509289237
17 0.036397626665 -0.18 1 311.455434976119
70 0.036379424255 0.1 1 314.455416733056
42 0.036597424254 0 1 314.455634758846
76 0.036363180207 0.18 1 315.455483863153
14 0.036425916137 -0.5 1 317.455463038354
81 0.036287999999 0.1 1 322.455316867041
10 0.036436202122 -0.4 1 324.455477306521
82 0.036365461088 0.1 1 328.455394279777
98 0.036287999999 0 1 333.455316863885
28 0.036407999998 -0.5 1 339.455439282834
27 0.036507750532 -0.104858 1 343.455536532503
35 0.036283207002 0.4752 1 346.455311927917
74 0.036540207001 0 1 346.455568899551
6 0.036257324161 -0.4 1 350.455351079102
7 0.036493320882 -0.4 1 351.455524281626
75 0.036331532718 0 1 358.455369565358
98 0.036226846763 0 1 361.455264579819
3 0.036265847833 -0.32 1 364.455303881748
80 0.036389170931 0.244 1 366.455417986753
8 0.036278847884 -0.5 1 370.455316824775
6 0.03630920774 -0.4 1 372.455338088024
94 0.036453936518 0 1 373.455491941959
7 0.036658936517 -0.32 1 373.455696677307
84 0.036213706288 0 1 374.455338838359
81 0.036299797363 0.18 1 376.455335501099
58 0.036556797362 0.2952 1 376.45559259296
21 0.036331348497 -0.4 1 379.455366979149
52 0.036478945829 0.1 1 384.455613898145
90 0.036653646647 0.2952 1 385.455689027597
36 0.036051859621 0.368928 1 386.455276078569
23 0.03628285962 -0.5 1 386.455507084768
54 0.03637379595 0.1 1 394.455409321188
60 0.036243456034 0 1 401.455467517245
59 0.036474456033 0 1 401.455698482303
22 0.036315628678 -0.4 1 403.455351275135
75 0.036353665038 0 1 405.455382492714
1 0.036372695365 -0.256 1 411.455401572623
67 0.036484675845 0 1 415.455522773598
3 0.036292299886 -0.32 1 421.45532089211
77 0.036510299885 0 1 421.455539181277
13 0.036356589243 -0.4 1 423.455385441315
75 0.036301648324 0 1 427.455330459286
78 0.036528108245 0 1 429.455556530404
32 0.036498508697 0.548928 1 430.455527369114
67 0.036506776661 0.1 1 437.455535536466
84 0.03636203127 0 1 448.455390891823
47 0.036560158947 0 1 453.455589032373
34 0.036350712343 0.368928 1 454.455379518805
89 0.036633712342 0 1 454.45566254855
1 0.036432071941 -0.256 1 459.455460850607
97 0.03670207194 0.18 1 459.455730863028
40 0.036946071939 0.244 1 459.455974931755
68 0.036686584797 0.1 1 471.455715310101
17 0.036377041943 -0.18 1 472.455405853503
96 0.036647041942 0.2952 1 472.455675728166
35 0.03634123672 0.575142 1 474.45537011323
14 0.0364346992 -0.5 1 480.45546353726
1 0.036392732767 -0.256 1 481.45542150259
34 0.036610732766 0.495142 1 481.45563957083
77 0.036841732765 0.1 1 481.455870409365
51 0.036543278467 0.18 1 483.45557211112
92 0.036575067486 0.2952 1 489.455603878366
72 0.036560625072 0 1 494.455589401457
7 0.036469309877 -0.32 1 495.455498056316
73 0.036355574792 0 1 504.455384426404
94 0.036459852622 0.244 1 510.455488669344
24 0.036326570056 -0.18 1 513.455355458127
46 0.036437629058 0 1 525.455466451169
55 0.036247806919 0.18 1 529.455276653594
2 0.036517806918 -0.4 1 529.455546676163
86 0.036535254179 0 1 532.455564122255
52 0.03653693115 0.18 1 538.455575154919
97 0.036454612447 0.18 1 540.455491671198
66 0.036315707068 0 1 543.455352630916
7 0.036559707067 -0.32 1 543.45559636224
88 0.036751707066 0.33616 1 543.455788541515
11 0.036369684121 -0.5 1 547.455407679313
49 0.036540048296 0 1 548.455573407009
94 0.036477826878 0.244 1 552.455514783742
67 0.036458584044 0.1 1 553.455496716948
9 0.036214783227 -0.5 1 555.455251825262
90 0.036506435078 0.33616 1 558.455535311417
97 0.036494833869 0.244 1 562.455530286164
39 0.036348275044 0.495142 1 563.455377124632
60 0.036473655424 0 1 568.455509441393
21 0.036364231232 -0.4 1 583.455393087699
72 0.036482728177 0 1 586.455511607667
93 0.036393701988 0 1 592.455422566712
36 0.036287999999 0.446313 2 601.455316881463
68 0.036470572661 0.1 2 604.455499434008
