6 0.020784799536 0 2 21.958916808214
38 0.020799176051 0 2 23.95893463945
5 0.02106917605 0 2 23.95920470212
46 0.020752614916 0 2 26.958887989157
57 0.020982470412 0 2 29.959108459724
61 0.020712635144 0 2 41.958836172174
15 0.020982635143 0 2 41.959106186445
85 0.020878006311 0 2 42.95900936577
45 0.020857883065 0 2 47.958984513743
63 0.020838974856 0 2 48.958971103584
95 0.021082974855 0 2 48.959215006973
25 0.020787894519 0 2 50.95892187139
39 0.02082730872 0 2 53.958961075311
62 0.021110308719 0.1 2 53.959244069356
71 0.021060615729 0 2 57.959187476822
79 0.020804825958 0 2 63.958931363358
15 0.021178825957 0 2 63.959305053799
69 0.021396825956 0 2 63.959523179155
8 0.020902703109 0 2 64.959038071939
49 0.021107703108 0 2 64.959242903975
26 0.020941619769 0 2 70.959068574099
95 0.021393619768 0 2 70.959520433328
60 0.020972175235 0 2 71.959098962554
65 0.021255175234 0 2 71.959382110571
53 0.020836550457 0 2 72.958961109387
24 0.020904950634 0 2 77.95903165562
29 0.020838287126 0 2 79.958972177389
27 0.020926648492 0 2 84.959051380353
87 0.020932800731 0 2 85.959059062348
61 0.02073748919 0.1 2 87.958869709689
96 0.020787930448 0 2 88.958913982796
17 0.020771584529 0 2 90.958903780144
75 0.020778672079 0 2 91.95890492004
3 0.021020945671 0 2 92.959155611353
35 0.02093229728 0 2 96.959068037044
70 0.020923264858 0.344 2 107.959052244
4 0.021002117467 0 2 110.959130933412
0 0.020823480881 0 2 115.958951223161
80 0.020937700766 0 2 116.959072270555
16 0.020874930159 0 2 120.958999080973
79 0.020805228026 0.1 2 121.958938830086
3 0.021187515063 0.1 2 122.959312538987
18 0.020827435649 0 2 123.95895144305
93 0.021045435648 0 2 123.959169441808
24 0.020930096407 -0.08 2 124.959057655322
58 0.020950335681 0.1 2 128.959085751134
86 0.02097066259 0 2 130.95909765396
13 0.021173937133 0 2 132.959305311048
97 0.021008073546 0 2 136.959136420559
50 0.021226073545 0 2 136.959354406591
80 0.021056328935 0.244 2 138.959182085815
17 0.020774978557 0.18 2 139.958903598656
16 0.020903560303 0.1 2 142.959037538765
45 0.020871595962 0 2 143.959000166811
54 0.02099298089 0 2 146.959121096013
48 0.020839882413 0 2 152.958968832087
44 0.021109882412 0 2 152.959238909466
88 0.02098704646 0 2 158.959115662653
57 0.021194566443 0.1 2 164.95933078612
33 0.021112575464 0.18 2 166.959394810777
6 0.020785217742 0 2 167.958913818128
51 0.021224217741 0 2 167.959352894394
38 0.020792743069 0.28 2 168.958917463275
20 0.021010743068 -0.18 2 168.959135673106
99 0.020864244454 0 1 171.958989080561
66 0.020849404055 0.18 1 173.958985567665
93 0.020813839897 0 1 181.959093957953
68 0.020979281716 0.36 1 186.95911075953
57 0.021262281715 0.18 1 186.959393504307
30 0.020638999998 0.28 1 190.958904828077
38 0.020908999997 0.58016 1 190.959174503542
67 0.020937014814 0.344 1 191.959067244708
99 0.020856621786 0.416114 1 193.958988570665
69 0.020888884175 0.424 1 195.959021088767
64 0.020901854504 0.18 1 200.959032611518
29 0.020893290121 0.28 1 203.959024191673
62 0.021050946119 0.28 1 206.959181927013
46 0.020702583153 0 1 209.958838942232
81 0.020933583152 0 1 209.959069980743
40 0.021032318083 0 1 213.959159805067
32 0.02082216784 0.28 1 214.95895422429
12 0.020821255964 0.2952 1 217.958953236978
41 0.020759304216 0.416114 1 218.958890946515
96 0.020857944351 0 1 219.95899177025
3 0.021137966168 0.2952 1 224.959269703857
73 0.021109536631 0.28 1 225.959243723346
74 0.020903745186 0.244 1 227.959035349374
15 0.021186745185 0 1 227.959318327457
88 0.020996657745 0.244 1 233.959128617847
17 0.020828180917 0.18 1 237.95895580819
27 0.020877645072 0.612928 1 239.959012375793
91 0.020759243337 0.1 2 240.958890061914
29 0.020856890041 0.4752 2 241.958985017581
28 0.020804651486 0.18 2 243.958935623925
75 0.020734323238 0.1 2 246.958858893251
56 0.020926323237 0 2 246.959050855355
10 0.020911178686 0 2 248.95904567675
80 0.020900752712 0.244 2 250.959033188671
55 0.02085262672 0 2 256.9589775263
84 0.020969549784 0 2 259.959096674647
31 0.020785206235 0.2952 2 260.958917369181
40 0.020807516371 0 2 261.958931000924
32 0.020814970266 0.5904 2 265.958941562282
9 0.020743196087 0 2 269.958875391318
43 0.021039131311 0.244 2 272.959171317051
64 0.020952503864 0.4752 2 275.959084737824
79 0.020833999998 0.2952 1 278.958967684421
90 0.020954183679 0 1 285.959088374902
51 0.020798001492 0.1 1 287.95892609415
17 0.020828032951 0.2952 1 288.958955833328
82 0.020799522086 0.1 1 290.958935492054
14 0.021027565802 0.1 1 294.959158345087
8 0.020949431173 0 1 297.95908017224
19 0.021162569047 0.1 1 299.959289436163
84 0.020948624446 0 1 301.959080806777
83 0.021205624445 0.1 1 301.959338042765
50 0.021210016809 0.1 1 302.959345838694
58 0.021140625746 0.1 1 303.959268224277
92 0.020904361641 0.1 1 304.959036781687
32 0.020747327128 0.63136 1 305.958873529534
52 0.020991327127 0.1 1 305.959117410801
66 0.020830547592 0.43616 1 306.958959538879
90 0.020988348959 0.416114 1 308.959114322962
70 0.020956576057 0.660114 1 309.95909123788
42 0.020808365755 0 1 310.95894108982
17 0.021078365754 0.395142 1 310.959210818448
76 0.02079743629 0.3952 1 314.958927992385
14 0.02101214781 0.1 1 316.959144778689
19 0.020971031208 0.1 1 321.959104087892
82 0.020744383344 0.446313 1 326.958880495482
81 0.020910726274 0 1 327.959043981019
10 0.021154726273 0.244 1 327.959288050695
98 0.020730051176 0.1 1 332.958856229655
28 0.020796436636 0.244 1 338.958922624579
27 0.021117651517 0.834568 1 344.959243391487
74 0.020938563027 0.3952 1 346.959074377954
35 0.021182563026 0.43616 1 346.959318400839
6 0.020791041961 0.18 1 353.958916791516
7 0.02106104196 0 1 353.959186819478
75 0.020794999998 0.3952 1 357.958931000724
98 0.020748074108 0.18 1 361.958881649061
3 0.020943980882 0.2952 1 364.959077680451
80 0.020933118542 0.368928 1 365.959059174201
8 0.020964952851 0.18 1 369.959093138986
94 0.020803480151 0 1 372.958931624571
84 0.021009213663 0 1 373.959135769161
81 0.020942134566 0.2952 1 374.959072894486
7 0.020866462444 0 1 375.958994480531
58 0.021123462443 0.1 1 375.959251743233
21 0.02084603077 -0.5 1 377.958976583189
90 0.021146927533 0.472512 1 384.959271432115
23 0.020749317909 -0.4 1 386.958878285558
52 0.020980317908 0.18 1 386.959109136592
36 0.021250317907 0.612928 1 386.959379279538
54 0.021016987453 0 1 393.959147209535
59 0.020977006099 0 1 395.959102161476
60 0.020951874479 0.612928 1 396.959075789829
75 0.020752711075 0.63136 1 404.958883515677
22 0.020996711074 -0.4 1 404.95912747627
1 0.020932283531 0 1 411.959064599867
67 0.020932756543 0.76407 1 416.95906715088
3 0.020961624234 0.416114 1 421.959087809213
77 0.021179624233 0.368928 1 421.959306056725
13 0.020989150847 0.18 1 422.959123838662
75 0.020716999998 0.63136 1 426.95885280506
32 0.020737668222 0.76407 1 429.95887350135
78 0.020994668221 0.664128 1 429.959130464319
67 0.020920607572 0.811256 1 439.959054271174
84 0.020989353142 0.18 1 447.959122823077
89 0.020829993375 0.1 1 453.958962198371
47 0.021060993374 0.18 1 453.959193190528
34 0.021265993373 0.368928 1 453.959398168681
97 0.020975091171 0.395142 1 457.959110841164
1 0.02125809117 0.33616 1 457.959393829096
40 0.020850743176 0 1 459.958982927
96 0.020802436353 0.1 1 467.958931595656
68 0.021020436352 0.612928 1 467.959149589472
17 0.020839570681 0.416114 1 470.95896883945
35 0.020945258313 0.711314 1 474.95908098163
14 0.021045047436 0.244 1 479.959171322415
34 0.020880196864 0.596114 2 481.959014555721
77 0.021085196863 0.785042 2 481.959219393292
1 0.021368196862 0.395142 2 481.959502487012
51 0.020825643379 0.244 2 482.958952034828
92 0.020904727114 0.2952 2 487.959036951671
96 0.020879871447 0.2952 2 489.959004973362
72 0.02085134855 0.495142 2 491.958987635522
7 0.020896414091 0.1 2 492.959021716597
73 0.020996441038 0.575142 2 503.959121089001
94 0.020851411048 0.395142 2 508.958983641923
24 0.020874899044 -0.4 2 513.95900565053
46 0.020744429211 0.395142 2 524.958875043699
55 0.020767931668 0.33616 2 528.9588995563
2 0.020763121405 0 2 530.958898374494
86 0.021017305422 0.1 2 532.95914972656
52 0.020862384942 0.18 2 538.95899800171
97 0.021021606987 0.395142 2 540.959152434191
7 0.020905086582 0.1 2 542.95903185509
88 0.021696618157 0.416114 2 542.959823579899
66 0.020867834732 0.894124 2 543.958998528535
11 0.021038483592 0.244 2 547.959162209366
49 0.020973303264 0.18 2 548.959106037722
94 0.020800496749 0.45705 2 552.958924252751
67 0.021018496748 0.832228 2 552.959142274001
9 0.020767219001 0.33616 2 554.958901389194
90 0.020956144753 0.490993 2 558.959088344762
39 0.020796766555 0.468928 2 562.958931299189
97 0.021001766554 0.395142 2 562.959136138068
60 0.021028999998 0.752274 2 567.959153668047
21 0.020852033289 -0.5 2 582.958976601551
72 0.020832170152 0.711314 2 586.958961570786
93 0.020988334805 0.244 2 591.959120568399
36 0.020805830957 0.660114 2 601.958936067014
68 0.020959592698 0.769051 2 603.959087595437
5 0.020893519367 0.33616 2 605.959025714397
