6 0.03629517258 0 2 21.455323855833
5 0.036591172579 0 2 21.455619904355
38 0.036318740734 0 2 22.455347588144
46 0.036463159416 0 2 25.455492044461
57 0.03639503274 0 2 29.455532783683
15 0.036446999998 0 2 41.455487138198
61 0.036382297007 0 2 42.45541110163
85 0.036549831941 0 2 43.455578543565
63 0.036324992862 0 2 48.455353797628
45 0.036581992861 0 2 48.455610796966
95 0.03685199286 0 2 48.455880699966
25 0.036522119349 0 2 51.455550962531
39 0.036319999997 0 2 57.455348166733
62 0.036485324152 0 2 60.455520791292
71 0.036742324151 0 2 60.455777890324
69 0.036240640712 0 2 61.455273479406
49 0.036523640711 0 2 61.455556460895
8 0.036243633896 0 2 63.455278862748
15 0.036500633895 0 2 63.455535560723
79 0.036328018195 0 2 64.455360911258
26 0.03634111789 0 2 67.455374025984
60 0.036585117889 0 2 67.455618039898
95 0.036589999998 -0.1 2 70.455622612518
65 0.036512945621 0 2 72.455541368536
53 0.03628397064 0 2 73.455316849108
24 0.03632652757 0 2 78.455355373155
29 0.036457096235 0 2 79.455490055073
87 0.036288545834 0.1 2 86.455322919957
27 0.036480545833 0 2 86.455514905436
61 0.036300293333 0.1 1 88.455333195492
17 0.036364702106 0 1 90.455393573916
96 0.036595702105 -0.1 1 90.455624503978
75 0.036429158931 0 1 91.455461968666
3 0.036309341596 0 1 92.455349728718
35 0.036258144988 0 1 97.455290859019
70 0.036524999998 0.2 1 108.455555384362
4 0.036299593905 0 1 111.455329860339
0 0.036339788018 0 1 115.455380156878
80 0.036370880264 0 1 117.455401024689
16 0.036495870216 0 1 120.455526097754
79 0.036512694633 0.2 1 121.455549390348
93 0.03652443756 0 1 123.455554770367
18 0.036331751693 0 1 124.45536850924
24 0.036316999998 0.1 1 125.455355372539
58 0.036454830109 0.1 1 128.455493101274
86 0.036495863147 0.1 1 129.455524740026
13 0.03638764838 0 1 130.455424447593
97 0.036422073303 0 1 136.455458904473
50 0.036679073302 0 1 136.455715890783
0 0.036253298252 0.33616 1 138.455292479241
17 0.036445298251 0.1 1 138.455484479094
80 0.036399982449 0.424 1 139.455439778823
16 0.03647091843 0.18 1 142.455499479788
45 0.036318131853 0 1 144.455357361486
54 0.036332782743 0 1 147.455372130512
48 0.036514618603 0 1 151.455543493851
44 0.036473402032 0 1 153.455502264362
88 0.036439480211 0.18 1 159.455468300431
51 0.036678428919 0 1 164.455777384869
33 0.03648531367 0.1 1 165.455514144105
57 0.036742313669 0.1 1 165.455771142375
6 0.036293007843 0 1 166.455322083189
38 0.036563007842 0 1 166.455592066366
20 0.036153028723 0 1 167.45527785402
99 0.036366528643 -0.18 1 171.455395408678
66 0.036328428162 0.18 1 174.455357281671
93 0.036489868225 -0.32 1 181.455529569242
68 0.036486877698 0.18 1 187.45552688
57 0.036756877697 0.1 1 187.455796668148
38 0.036334219034 0.1 1 188.455372989868
20 0.036300999999 0.1 1 189.455329784425
99 0.036326274169 -0.18 1 193.455366246331
30 0.036502317442 0.2952 1 194.455541308389
69 0.036266129747 0.28 1 195.455295010637
67 0.036458129746 0.1 1 195.455486833018
64 0.03635831942 0.18 1 200.455397694144
29 0.036500141706 0.2952 1 204.455528979203
62 0.036452167565 0.18 1 205.455481043245
46 0.036515150171 0 1 208.455544025971
81 0.036362629239 0.244 1 212.45539136521
40 0.036645629238 0.18 1 212.45567443381
32 0.036400825584 0 1 213.455436158584
12 0.036422698249 0.244 1 214.455463489544
41 0.036466842549 0 1 215.45549572755
96 0.036420121586 -0.18 1 217.455455749502
3 0.036243770007 0.1 1 223.455279158538
15 0.036487770006 0.1 1 223.455523150485
74 0.036329011753 0.244 1 225.4553701139
73 0.036454222952 0.344 1 226.455491453103
88 0.036366660103 0.244 1 232.455403436049
17 0.036406714672 0.244 1 237.455435600625
91 0.038261203557 -0.4 1 240.457290084473
27 0.038518203556 0.1 1 240.45754705689
29 0.036442289156 0.33616 1 241.455476894837
28 0.036446903554 0 1 244.455478282532
56 0.036246667746 0 1 246.4552778717
75 0.036394095828 0.488 1 247.455422960184
10 0.036420252733 0 1 249.455451305365
80 0.036346164759 0.488 1 250.455375032801
55 0.036274999999 0 1 256.455303876785
84 0.036285866356 0.344 1 258.455316876303
31 0.036541767337 0 1 259.455570651789
40 0.036570676664 0.18 1 262.455599528661
32 0.036446529948 0 1 265.455475411616
9 0.036216168139 0 1 270.45525182642
43 0.036370264662 0.1 1 272.455410201046
64 0.0363046596 0.5904 1 276.4553457301
79 0.036318886842 0.344 1 277.455347933476
90 0.036317094905 -0.4 1 286.455349600747
51 0.036557929689 0.1 1 288.455586791938
17 0.036393682124 0.2952 1 289.455422535529
82 0.036355293042 0.244 1 291.455384159388
14 0.036512710369 0.244 1 295.455541559598
8 0.036300999999 0 1 297.455329886514
19 0.036346835407 0 1 300.45538240651
55 0.036272001112 0 1 301.455301414145
84 0.036737001111 0.58016 1 301.455766130238
58 0.036472379955 0.244 1 303.455502434137
92 0.036304204713 -0.5 1 304.455333439333
52 0.036587204712 0.18 1 304.45561641232
83 0.036818204711 0.424 1 304.455847313266
50 0.03710120471 0.2952 1 304.456130265166
66 0.036303361527 0.43616 1 307.455332260885
32 0.036586361526 0.1 1 307.455615194937
90 0.036311835247 -0.4 1 309.455347446036
70 0.036594835246 0.488 1 309.455630468575
42 0.036471838736 0 1 310.455500413352
17 0.0363602251 0.416114 1 311.455395976119
76 0.036534226773 0.4752 1 315.455571144505
14 0.036486449747 0.395142 1 317.455515038354
10 0.036576106011 0.1 1 325.45560491043
82 0.03631237495 0.43616 1 327.455342164117
81 0.036543374949 0.244 1 327.455572946215
98 0.036308938059 -0.2048 1 333.455343827577
28 0.036420999998 0.1 1 339.455452282834
27 0.036594957901 0.244 1 343.455627532503
35 0.03626040333 0 1 347.455289081489
74 0.036517403329 0.4752 1 347.455546065464
6 0.036303999998 0 1 350.455416079102
7 0.036506320882 0.18 1 351.455537281626
75 0.036468753708 0.5392 1 358.455500959468
98 0.03623241767 -0.2048 1 361.455264579819
3 0.036276658575 0.244 1 364.455316881748
80 0.036359112539 0.58016 1 366.455387928361
8 0.036222999999 0 1 369.45525186993
6 0.03638720774 0.1 1 372.455416088024
7 0.036483210745 0.368928 1 373.455520951535
58 0.036422221821 0.2952 1 375.455451095881
81 0.03667922182 0.33616 1 375.455708003278
84 0.03626027761 0.731302 1 376.455298174784
94 0.036504277609 -0.5 1 376.455542150222
21 0.03641047651 0.18 1 379.455444979149
90 0.036244961654 -0.4 1 382.455279374592
52 0.036488961653 0.18 1 382.455523371944
36 0.036267882384 0.244 1 385.455302168601
23 0.036485882383 0 1 385.455520175122
54 0.036298856937 0 1 394.455333243794
59 0.036445857627 0 1 396.455474710893
60 0.03643046239 0.51616 1 397.455464970077
22 0.036278848021 0.1 1 403.455316878618
75 0.036407059148 0.63136 1 405.455435886824
1 0.036398695365 0.1 1 411.455427572623
67 0.036465085464 0.495142 1 415.455503183217
3 0.036325594559 0.368928 2 421.45535989211
77 0.036556594558 0.468928 2 421.455591181277
13 0.036408589243 0.368928 2 423.455437441315
75 0.03638585381 0.705088 2 427.455422853396
78 0.036287999999 0.468928 2 429.455316868367
32 0.036451272595 0.2952 2 430.455488369114
67 0.036427013144 0.495142 2 437.455463946085
84 0.036274999999 0.785042 2 448.455303860552
47 0.036239510891 0.395142 2 453.455268384317
34 0.036363712343 0.1 2 454.455392518805
89 0.036607712342 0.368928 2 454.45563654855
1 0.036380058623 0.244 2 459.455408837289
40 0.036637058622 0.2952 2 459.455665918438
97 0.036855058621 -0.2048 2 459.455883849709
96 0.036638135134 -0.18 2 471.455666865061
17 0.036455856139 0.416114 2 473.455484623306
68 0.036699856138 0.368928 2 473.455728497266
35 0.03632823672 0.244 2 474.45535711323
14 0.0364606992 0.395142 2 480.45548953726
34 0.036365100561 0.18 2 481.455402181761
1 0.03658310056 0.395142 2 481.455620113519
77 0.036801100559 0.832228 2 481.455838020295
51 0.036479900093 0.446313 2 483.455508732746
92 0.036294865888 -0.4 2 489.455329810879
72 0.036562532834 0.368928 2 494.455591309219
7 0.036489417018 0.432891 2 495.455524056316
73 0.03644369321 0.660114 1 504.455478450425
94 0.03629869314 -0.5 1 511.455329771852
24 0.036385367227 0.244 1 513.455420458127
46 0.036528096482 0.1 1 525.455556918593
55 0.036273806919 0.18 1 529.455302653594
2 0.036478806918 0 1 529.455507676163
86 0.036469764219 0.639142 1 534.45549854217
52 0.036436226946 0.2952 1 538.455474450715
97 0.036511006491 -0.16384 1 540.455539888274
7 0.036709669147 0.432891 1 543.455738279518
88 0.036662208503 0.612891 1 547.455690549993
66 0.036300756733 0.811256 1 548.455329416658
11 0.036531756732 0.244 1 548.45556058894
49 0.036361698188 0.1 1 549.455390524194
94 0.03632616758 -0.5 1 552.455355041501
67 0.036487208757 0.532891 1 553.455516126567
9 0.036261999999 0.1 1 555.455290825262
90 0.036261999999 -0.4 1 558.455290876338
97 0.036477143279 -0.16384 1 562.45551350324
39 0.036279113631 0 1 563.455316849587
60 0.036436105277 0.711314 1 567.455464938639
21 0.036351231232 0.33616 1 583.455380087699
72 0.036562635939 0.76407 1 586.455591515429
93 0.036462302782 -0.32 1 592.455491167506
36 0.036287999999 0.45705 2 601.455316881463
68 0.036487815604 0.416114 2 604.455516676951
