6 0.0457855456 0 2 21.459393533802
5 0.046068545599 0 2 21.459676582324
38 0.045898040846 0 2 22.459506193205
46 0.045950754697 0 2 25.459558944691
57 0.045898743491 0 2 29.459506820596
85 0.04579375216 0 2 43.459401768733
15 0.046025386744 0 2 45.459636417951
61 0.046256386743 0 2 45.459867402519
63 0.045763410968 0 2 47.459371565827
45 0.046020410967 0 2 47.459628564769
95 0.045792064154 0 2 48.459403637299
25 0.045888055929 0 2 50.459496249085
39 0.04589879253 0 2 56.459506870449
62 0.046129792529 0 2 56.459737865128
71 0.045999445202 0 2 57.459611066139
49 0.045824013752 0 2 59.459432203352
69 0.045809153086 0 2 60.459420900972
8 0.045848099796 -0.1 2 63.459459208111
79 0.045942852716 0 2 64.459545852495
15 0.046186550598 0 2 67.459789091829
60 0.045793999998 0 2 68.45940223291
26 0.046050999997 0 2 68.459659219089
95 0.045866036365 0 2 70.459468370407
65 0.045888447754 0 2 71.45949656679
53 0.045937072132 0 2 73.45953970354
24 0.045777999999 0 2 78.459386150533
29 0.045835448908 0 1 79.459445675003
49 0.04584999572 -0.1 1 81.459458167288
87 0.045746022987 0 1 85.459348723652
27 0.045951022986 0 1 85.459553708843
61 0.045957333617 0 1 88.459560063871
96 0.046026995549 0 1 89.459635009964
17 0.045747041516 0 1 90.459360176758
75 0.045801252537 0 1 91.459403919785
3 0.045950326077 -0.1 1 92.459558466227
35 0.045882823944 0 1 97.459497026839
69 0.045825409078 -0.1 1 100.459433892562
70 0.045838961904 0 1 108.459449963355
4 0.045948316768 0 1 111.459554715815
0 0.04584683518 0 1 115.459456803093
80 0.046036363191 0 1 117.459648537611
16 0.045872342621 0 1 120.459487032023
69 0.045770810025 -0.1 1 122.459378966674
18 0.045758756235 -0.08 1 123.459373508979
93 0.046145756234 0 1 123.459760507875
79 0.045858999998 0.424 1 124.459467255825
24 0.04585341052 -0.18 1 125.459461560746
58 0.045897440686 0 1 128.459505623499
86 0.04593077773 0 1 129.459545699422
13 0.045818892215 0 1 130.459421816186
97 0.045963010731 0 1 136.459578125284
50 0.04616801073 0 1 136.459783111594
80 0.046111484083 0.18 1 139.459726664877
17 0.045811870815 0 1 140.459419912387
16 0.045884294238 0 1 142.459486414057
45 0.045855566474 0.1 1 143.459463739501
54 0.045806999998 -0.18 1 146.459417405128
48 0.045849930214 -0.18 1 151.459458110411
44 0.046023514846 -0.1 1 153.459627942984
88 0.045938106145 0.1 1 158.459548247388
38 0.04627859796 -0.18 1 167.459888695286
6 0.046483597959 0 1 167.460093709999
33 0.045840292519 -0.18 1 168.459451081199
57 0.046292292518 0 1 168.459903079675
20 0.045812242162 0 1 169.459420311272
51 0.046043242161 0 1 169.459651184385
99 0.045823623477 0.18 1 171.459434708505
66 0.045843069955 0 1 174.459454260032
93 0.046036363366 0.5392 1 181.459644233907
68 0.04586299756 -0.18 1 187.459471166703
38 0.045949734084 -0.5 1 189.459557579681
57 0.045885754911 0 1 190.459493843436
30 0.046174688151 0 1 193.459782757832
67 0.045888205619 0 1 194.459496257294
99 0.046119205618 0.344 1 194.459727131911
69 0.045771844415 -0.18 1 195.459386185838
64 0.045777999999 -0.18 1 200.459386152021
29 0.045824501671 -0.18 1 203.459432689101
62 0.046062451479 0 1 205.459676081189
46 0.045932314016 0 1 208.459545926201
81 0.046042484525 0 1 209.459650658946
32 0.045846324217 0 1 210.459454790328
40 0.045793358842 0 1 211.459407052875
12 0.045837255525 0.1 1 214.459451080251
41 0.045838154661 0 1 215.459446344611
96 0.045962999998 0 1 217.45957006744
74 0.045875175878 -0.18 1 224.459483326922
15 0.046166791635 0 1 226.459773436156
73 0.045906624532 -0.18 1 229.459513220424
3 0.046137624531 -0.5 1 229.459744120719
88 0.0459415366 0.18 1 232.459548293264
17 0.045807434598 0 1 237.459420211047
27 0.046069491927 0.1 1 242.459677560931
91 0.045821497779 0 1 243.459430243627
29 0.046065497778 -0.5 1 243.459674204204
28 0.045887372089 -0.5 1 244.459495538007
56 0.045738774894 0 1 246.459347176649
75 0.045847741998 0 1 247.459455911303
10 0.045770919688 0 1 249.459386153566
80 0.046066372732 0.18 1 250.459674545723
55 0.045875745405 0 1 256.45948392714
84 0.045807501356 0.244 1 258.459412788707
31 0.045971632438 0 1 259.459579821839
40 0.045777999999 0 1 262.459386156945
32 0.045859588733 0.1 1 265.45946777535
9 0.045738999999 -0.5 1 269.459347176377
43 0.045974059568 -0.4 1 272.459582226542
64 0.045845999998 -0.5 1 276.459454929181
79 0.045919383178 0.488 1 277.459532874713
90 0.045929795302 0.244 1 286.459542924175
51 0.046007013704 0 1 288.459615634334
17 0.045819904663 0 1 289.459433145951
82 0.046044336248 0 1 291.459652984778
14 0.045693582794 -0.256 1 295.459308154177
8 0.045832950258 -0.5 1 297.459446226817
83 0.045713144029 0.244 1 300.459321315
84 0.045754008639 0.2952 1 301.459367782165
50 0.046219008638 0.1 1 301.459832975492
92 0.045751615965 0 1 303.459359781848
58 0.046138615964 -0.4 1 303.459746763924
52 0.046102452869 0.1 1 305.459711622888
19 0.046103195219 -0.5 1 306.459711082159
90 0.04610242224 0.244 1 308.459711540393
70 0.045778006857 0.244 1 309.459382054428
66 0.046130892484 0 1 310.459737816299
17 0.046063569489 0 1 311.459672365256
42 0.045817886705 0.1 1 312.459431026389
32 0.046022886704 0.244 1 312.459635815603
76 0.045993967929 0 1 314.459603159088
14 0.045763867658 -0.256 1 317.459372893555
81 0.045977473376 0.18 1 322.459585654086
10 0.045721299756 0 1 324.459334154144
82 0.045961926639 0 1 327.459574979804
98 0.045877412081 0.4752 1 333.459485580916
28 0.045884999998 -0.5 1 339.459495538309
27 0.045896564713 0.18 1 341.459504741768
74 0.045870130075 -0.5 1 342.459474821387
35 0.045915429789 0 1 343.459523016489
6 0.045841978956 0.1 1 350.459450159728
7 0.046028114321 0 1 351.459635775108
75 0.045857150936 0.1 1 358.459468910587
98 0.045808447265 0.664128 1 361.459420012784
3 0.045908662824 -0.5 1 367.45951671464
80 0.046178662823 0.2952 1 367.459786738765
8 0.045877831174 -0.5 1 369.459485193649
6 0.04584291309 0.1 1 372.45945016865
84 0.045812412244 0.33616 1 373.459420596004
81 0.046199412243 0.18 1 373.459807588799
7 0.046260074403 0 1 375.459867039964
21 0.045818140392 0.18 1 378.459425482391
94 0.046101140391 0.33616 1 378.459708271911
58 0.04635814039 -0.4 1 378.459965374418
90 0.045886224989 0.244 1 382.459494380828
52 0.046169224988 0.1 1 382.45977737818
23 0.045769038933 -0.4 1 385.459377212799
36 0.046026038932 0.1 1 385.459634206276
54 0.045835257176 -0.5 1 394.459443428754
59 0.045751999999 -0.5 1 396.459360158214
60 0.045791336837 0 1 397.459399490867
22 0.045961444492 0 1 403.45956962806
75 0.045871806502 0.1 1 404.459481928413
1 0.046000213639 0 1 411.459608395846
67 0.045917330681 0.1 1 415.459525514001
77 0.045823115991 0 1 421.459431302332
3 0.04609311599 -0.5 1 421.459701013163
13 0.045856940087 -0.256 1 423.459460809908
75 0.04589082234 0.1 1 426.459494715647
78 0.045903450702 0.33616 1 429.459517649074
32 0.045807567482 0.244 1 430.459415732848
67 0.045943212115 0.1 1 437.459551276869
84 0.045791591703 0.368928 1 448.459399757205
47 0.045725926114 0 1 453.459334104489
89 0.046004215956 0.368928 1 454.459612357113
34 0.046248215955 -0.5 1 454.459856327366
97 0.045879252479 0 1 458.459487393141
1 0.046162252478 0 1 458.459770381015
40 0.045798908366 0 1 459.459407073131
68 0.045858999998 -0.18 1 469.459465948865
96 0.046076999997 0.1 1 469.459683954575
17 0.045824990593 0 1 471.459433151943
35 0.04590188036 0 1 474.459510061819
14 0.045751999999 -0.256 1 479.459360187922
77 0.04578839563 0.1 1 481.459402127595
1 0.046032395629 0.1 1 481.459646220817
34 0.046224395628 -0.5 1 481.459838289057
51 0.045955482766 0.18 1 482.459563665594
92 0.045791798338 0.18 1 488.459399958995
72 0.045828793432 0 1 493.459440713406
7 0.046098793431 0 1 493.459710727331
73 0.045877406975 -0.5 1 504.459490212003
94 0.046041031211 0.368928 1 509.459649198053
24 0.045814453314 -0.5 1 513.459422646334
46 0.045950736624 0.244 1 524.459558908545
55 0.045800696542 0 1 532.459402914598
2 0.045838155967 0 1 533.45944615171
86 0.046082155966 0 1 533.459690283794
52 0.045964264374 0.244 1 538.459572456951
97 0.045880353705 0 1 540.459490109085
7 0.046109060389 0.1 1 543.459714136733
46 0.046132186594 0.244 1 546.459737470665
88 0.046140651237 0.532891 1 547.459748573019
66 0.04608008305 0.1 1 548.459688976169
49 0.045777699991 -0.1 1 552.459386172006
94 0.04604769999 0.575142 1 552.459656351628
11 0.046252699989 0.244 1 552.459861142555
67 0.045917302356 0.18 1 553.459525457351
9 0.045711831188 -0.5 1 554.459321175412
90 0.045902720391 0.244 1 558.459516984293
97 0.045933729836 0.18 1 562.459541724051
39 0.045887566953 -0.5 1 563.45949572149
60 0.045869366406 0.18 1 566.459477550005
21 0.045840733683 0.244 1 583.459448895099
72 0.045804460665 0.18 1 586.459412645104
93 0.046062662498 0.752274 1 592.459670832171
36 0.046003058002 0.18 1 601.459611244415
68 0.045849994713 -0.18 1 604.459458161009
5 0.046001999998 0 1 605.459614861347
