6 0.03629517258 0 2 21.455323855833
5 0.036591172579 0 2 21.455619904355
38 0.036318740734 0 2 22.455347588144
46 0.036463159416 0 2 25.455492044461
57 0.03639503274 0 2 29.455532783683
15 0.036446999998 0 2 41.455487138198
61 0.036382297007 0 2 42.45541110163
85 0.036549831941 0 2 43.455578543565
63 0.036324992862 0 2 48.455353797628
45 0.036581992861 0 2 48.455610796966
95 0.03685199286 0 2 48.455880699966
25 0.036522119349 0 2 51.455550962531
39 0.036319999997 0 2 57.455348166733
62 0.036485324152 0 2 60.455520791292
71 0.036742324151 0 2 60.455777890324
69 0.036240640712 0 2 61.455273479406
49 0.036523640711 0 2 61.455556460895
8 0.036243633896 0 2 63.455278862748
15 0.036500633895 0 2 63.455535560723
79 0.036328018195 0 2 64.455360911258
26 0.03634111789 0 2 67.455374025984
60 0.036585117889 0 2 67.455618039898
95 0.036589999998 0.1 2 70.455622612518
65 0.036512945621 0 2 72.455541368536
53 0.03628397064 0 2 73.455316849108
24 0.03632652757 0 2 78.455355373155
29 0.036457096235 0 2 79.455490055073
87 0.036288545834 0.1 2 86.455322919957
27 0.036480545833 0 2 86.455514905436
61 0.036326293333 0.1 2 88.455359195492
96 0.036358941462 0.1 2 90.455387743335
17 0.036641941461 0 2 90.455670813271
75 0.036481158931 0 2 91.455513968666
3 0.036276459858 0 2 92.45531684698
35 0.036284144988 0 2 97.455316859019
70 0.036472999998 0.2 2 108.455503384362
4 0.036299593905 0 2 111.455329860339
0 0.036250507837 0 2 115.455290876697
80 0.036422880264 0 2 117.455453024689
16 0.036456870216 0 2 120.455487097754
79 0.036460694633 0.2 2 121.455497390348
93 0.03649843756 0 2 123.455528770367
18 0.036344751693 0 2 124.45538150924
24 0.036391482224 0.1 2 126.455420282463
58 0.036454830109 0.18 2 128.455493101274
86 0.036430863147 0.1 2 129.455459740026
13 0.03638764838 0.1 2 130.455424447593
97 0.036433999998 0.28 2 135.455473216021
50 0.036677999997 0 2 135.455717202735
0 0.036279298252 0.368928 2 138.455318479241
17 0.036523298251 0 2 138.455562479094
80 0.036360982449 0.4752 2 139.455400778823
16 0.03649691843 0.244 2 142.455525479788
45 0.036370131853 0.1 2 144.455409361486
54 0.036319782743 0 1 147.455359130512
48 0.036475618603 0 1 151.455504493851
44 0.036512402032 0 1 153.455541264362
88 0.036465480211 0.28 1 159.455494300431
6 0.036602423955 0 1 164.455714300551
57 0.03651671824 0 1 165.455545546946
51 0.036773718239 0 1 165.455802527422
33 0.036428081176 0.18 1 167.455526793275
38 0.036303058628 0 1 169.455331622349
20 0.036573058627 0 1 169.455601822788
99 0.036301528643 0.18 1 171.455330408678
66 0.036354428162 0.18 1 174.455383281671
93 0.036476868225 -0.256 1 181.455516569242
68 0.036395877698 0.18 1 187.45543588
57 0.036665877697 0.1 1 187.455705668148
38 0.036373267712 0.1 1 191.45541202095
99 0.036326274169 0.344 1 193.455366246331
67 0.036435268291 0.18 1 194.455474284971
30 0.03666626829 0.244 1 194.455705259237
69 0.036248999999 0.28 1 195.455277880889
64 0.03630631942 0.18 1 200.455345694144
29 0.036487141706 0.33616 1 204.455515979203
62 0.036361167565 0.18 1 205.455390043245
46 0.036528150171 0 1 208.455557025971
81 0.036336674355 0.244 1 211.455365454375
32 0.036414629239 0 1 212.455443428699
40 0.036606629238 0 1 212.45563543381
12 0.036336752925 0.2952 1 214.455372489544
41 0.036440842549 0 1 215.45546972755
96 0.036420121586 0.28 1 217.455455749502
3 0.036256770007 0 1 223.455292158538
15 0.036474770006 0 1 223.455510150485
74 0.036303011753 0.244 1 225.4553441139
73 0.036467222952 0.344 1 226.455504453103
88 0.036444660103 0.424 1 232.455481436049
17 0.036367714672 0.18 1 237.455396600625
29 0.036570483783 0.368928 1 241.455605089464
91 0.036204841468 -0.4 1 242.455244838478
27 0.036435841467 0 1 242.455475811976
28 0.036433903554 0.1 1 244.455465282532
56 0.036233507095 0 1 248.455264781557
10 0.036391254674 0 1 249.455422307306
75 0.036648254673 0.488 1 249.455679233037
80 0.036424164759 0.63136 1 250.455453032801
55 0.036287999999 0 1 256.455316876785
84 0.036361075009 0.244 1 258.455392084956
31 0.036567767337 0 1 259.455596651789
40 0.036505676664 0 1 262.455534528661
32 0.036472529948 0.33616 1 265.455501411616
9 0.036216168139 0.1 1 270.45525182642
43 0.036383264662 0.1 1 272.455423201046
64 0.0363436596 0.2952 1 276.4553847301
79 0.036344886842 0.344 1 277.455373933476
90 0.036317094905 -0.2048 1 286.455349600747
51 0.036466929689 0 1 288.455495791938
17 0.036458682124 0.2952 1 289.455487535529
82 0.036274999999 0.244 1 291.455303866345
14 0.036473710369 0.18 1 295.455502559598
8 0.036300999999 0 1 297.455329886514
50 0.03674399865 0.2952 2 301.455773321105
84 0.036314568892 0.58016 2 302.4553500014
83 0.036558568891 0.488 2 302.455594227977
19 0.036498981533 0 2 303.455528890946
58 0.036729981532 0.2952 2 303.455760035714
92 0.036328045345 -0.5 2 304.455357279965
52 0.036585045344 0.18 2 304.455614252952
66 0.036360325823 0.58016 2 308.455396163813
90 0.036243842106 -0.16384 2 309.455279452895
70 0.036474842105 0.424 2 309.455510475434
32 0.036757842104 0.446313 2 309.455793272824
42 0.036406838736 0 2 310.455435413352
17 0.0363862251 0.395142 2 311.455421976119
76 0.036534226773 0.58016 2 315.455571144505
14 0.036512449747 0.33616 2 317.455541038354
81 0.036329958521 0.244 2 322.455358825563
10 0.036434858624 0.18 2 324.455464306521
82 0.036354365247 0.58016 2 327.455384154414
98 0.036268974367 0.5392 2 333.455303863885
28 0.036420999998 0.244 2 339.455452282834
27 0.036555957901 0.2952 2 343.455588532503
35 0.036297160776 0.1 2 348.455327937691
74 0.036528160775 0.2952 2 348.455558935631
6 0.036322981743 0.18 2 352.455355163055
7 0.036540981742 0.1 2 352.455573191461
75 0.036429753708 0.5392 2 358.455461959468
98 0.03624541767 0.76407 2 361.455277579819
3 0.036237658575 0.2952 2 364.455277881748
80 0.036424112539 0.705088 2 366.455452928361
8 0.036274999999 0.1 2 369.45530386993
7 0.03654869855 0.244 2 374.455661792782
84 0.036299961621 0.58016 2 378.455328621165
94 0.03655696162 -0.0219902 2 378.455585598354
81 0.037213961618 0.43616 2 378.456242611919
21 0.036381480866 0.18 2 379.455415983505
58 0.036638480865 0.2952 2 379.455672876609
90 0.0362374347 -0.16384 2 384.455266195732
52 0.036520434699 0.244 2 384.45554919394
36 0.036061521779 0.33616 2 386.455276078569
23 0.036292521778 0 2 386.455507084768
54 0.036165048097 0.1 2 395.455359154078
59 0.036380857627 0.1 2 396.455409710893
60 0.03648246239 0.51616 2 397.455516970077
22 0.036326244538 0.244 2 403.455364275135
75 0.036407059148 0.58016 2 405.455435886824
1 0.036463695365 0.1 2 411.455492572623
67 0.036517085464 0.368928 2 415.455555183217
3 0.036325594559 0.368928 2 421.45535989211
77 0.036582594558 0.468928 2 421.455617181277
13 0.036447589243 0.33616 2 423.455476441315
75 0.03643785381 0.612928 2 427.455474853396
78 0.036338486314 0.368928 2 429.455367354682
32 0.036412272595 0.446313 2 430.455449369114
67 0.036427013144 0.395142 1 437.455463946085
84 0.036311192901 0.612928 1 448.455340053454
47 0.036226510891 0.18 1 453.455255384317
89 0.03636681317 0.575142 1 454.455395649378
34 0.036584813169 0 1 454.455613619631
1 0.036471058623 0.244 1 459.455499837289
40 0.036728058622 0.1 1 459.455756918438
97 0.036933058621 0.76407 1 459.455961849709
96 0.036375567546 0.58016 1 469.455412587046
68 0.036593567545 0.368928 1 469.455630581334
17 0.03644568512 0.416114 1 471.455474541521
35 0.036248999999 0.244 1 474.455277876509
14 0.0364606992 0.33616 1 480.45548953726
1 0.036410489631 0.244 1 481.45544750259
34 0.03661548963 0 1 481.45565257083
77 0.036833489629 0.711314 1 481.455870409365
51 0.036531900093 0.2952 1 483.455560732746
92 0.036281865888 -0.256 1 489.455316810879
72 0.036510532834 0.395142 1 494.455539309219
7 0.036437417018 0.33616 1 495.455472056316
73 0.03652169321 0.785042 1 504.455556450425
94 0.036349758653 -0.0219902 1 511.455380837365
24 0.036346367227 0.18 1 513.455381458127
46 0.036502096482 0.244 1 525.455530918593
55 0.036273716877 0.1 1 531.455302473722
2 0.036543716876 0.1 1 531.455572496079
86 0.036430764219 0.495142 1 534.45545954217
52 0.036397226946 0.33616 1 538.455435450715
97 0.036498006491 0.790285 2 540.455526888274
66 0.036332669147 0.888626 2 543.455361548193
88 0.036602669146 0.711314 2 543.455631458793
7 0.036885669145 0.395142 2 543.455914279516
11 0.036470077262 0.33616 2 547.455498679313
49 0.036439698188 0.244 2 549.455468524194
94 0.03631316758 -0.0219902 2 552.455342041501
67 0.036435208757 0.532891 2 553.455464126567
9 0.036261999999 0.244 2 555.455290825262
90 0.036248999999 -0.16384 2 558.455277876338
97 0.036477143279 0.828034 1 562.45551350324
39 0.036326388676 0 1 563.455364124632
60 0.036436105277 0.828034 1 567.455464938639
21 0.036338231232 0.33616 1 583.455367087699
72 0.036497635939 0.849005 1 586.455526515429
93 0.036488302782 -0.256 1 592.455517167506
36 0.036274999999 0.395142 1 601.455303881463
68 0.036448815604 0.432891 1 604.455477676951
