6 0.0458505456 0 2 21.459458533802
5 0.046042545599 0 2 21.459650582324
38 0.045950040846 0 2 22.459558193205
46 0.045919327092 0 2 25.459527517086
57 0.045945272054 0 2 29.459553349159
15 0.046187100704 0 2 43.459790367032
85 0.045844242517 0 2 44.459452216615
61 0.046062242516 0 2 44.45967026306
63 0.045795199372 0 2 47.459403354231
45 0.046078199371 0 2 47.459686353173
95 0.045967787808 0 2 48.459578725521
25 0.045862055929 0 2 50.459470249085
39 0.045987928327 0 2 57.459598886517
49 0.045992043302 0 2 59.459599163302
62 0.045989715201 0 2 60.459600579809
69 0.045741115197 0 2 63.459352071017
8 0.045985115196 -0.1 2 63.459596223511
71 0.046242115195 0 2 63.459852953159
79 0.045871996017 0 1 64.459480165559
15 0.045992953976 0 1 65.459599841461
60 0.045913119597 0 1 70.459521173626
65 0.045770496796 0 1 71.459384920114
95 0.046014496795 0 1 71.459628639992
26 0.046232496794 0 1 71.459846761908
53 0.045725999999 0 1 73.459334154057
24 0.045866410828 0.1 1 78.459474561362
29 0.045817128495 0 1 79.459419675003
49 0.045892748336 0 1 81.459500919904
87 0.045746418782 0 1 85.459361723652
27 0.045938418781 0 1 85.459553708843
61 0.045900287578 0 1 88.459515570287
96 0.045967359144 0 1 89.459575373559
17 0.04581367481 -0.18 1 90.459420182761
75 0.046066753656 0 1 91.459673258173
3 0.045937326077 0.08 1 92.459545466227
35 0.045877460349 0.1 1 97.459484026839
70 0.045865066542 0.18 1 108.459476136165
4 0.045930634358 -0.18 1 111.459541715815
0 0.045837934283 -0.1 1 115.459443803093
80 0.045928387333 0 1 117.459539710053
16 0.045943856733 -0.1 1 120.459552032023
69 0.045786762882 0 1 121.459392819029
79 0.045807311331 0.1 1 122.459415249681
3 0.04605131133 0.064 1 122.459659460294
18 0.045780804927 -0.18 1 124.459386990792
93 0.046063804926 0 1 124.459669989368
24 0.045777999999 0.28 1 125.459386150225
58 0.045979996513 0 1 128.459588179326
86 0.045814261936 0 1 129.459422443764
13 0.04575377371 -0.08 1 130.459360160159
97 0.045782489093 0 1 133.459388612031
50 0.045974489092 0 1 133.45958059937
80 0.046107813278 0.368928 1 139.459713664877
17 0.045777999999 -0.18 1 140.459386041571
16 0.045919462977 -0.08 1 142.459525414057
45 0.045974841651 0 1 143.459583014678
54 0.046027999998 0.18 1 146.459639788136
48 0.045761059839 0 1 151.459373180196
44 0.046011295841 0 1 153.45961946312
88 0.045985749983 0 1 158.459597274234
6 0.045831605763 -0.1 1 163.459441117838
38 0.046088605762 0.18 1 163.459698098256
57 0.046018041502 0 1 164.45962963839
33 0.045967036763 0.18 1 167.459578628816
51 0.045826218345 0 1 170.459434122859
20 0.046057218344 0.18 1 170.459665243179
99 0.046013199079 0 1 171.459621310953
66 0.04593799134 0 1 174.459548011761
93 0.045891312377 0.18 1 181.459503517625
38 0.045936767433 0.5392 1 185.459544646379
57 0.04592956932 0.1 1 186.459540027895
68 0.045912808974 0 1 187.459525751111
67 0.045845278014 0 1 191.459453463557
30 0.046115278013 0.28 1 191.459723436868
99 0.04598683089 0.1 1 193.459594720795
69 0.045712999999 0 1 195.459321185838
64 0.045909672356 0 1 200.459517824378
29 0.045863501671 0.28 1 203.459471689101
62 0.045832146476 0 1 205.459440327105
46 0.045906317847 0 1 208.459514498596
81 0.046053637417 0 1 209.459660781339
32 0.045846596222 0.36 1 210.459454790328
40 0.045727482531 0 1 211.459334154636
12 0.045844538192 -0.5 1 214.459451080251
41 0.04591305428 0 1 215.459520083385
96 0.046046999198 0.18 1 217.459653431035
15 0.046122369786 -0.32 1 225.459724889642
74 0.045886171554 0 1 226.459492830513
3 0.045930624127 -0.2048 1 229.45954248391
73 0.046187624126 0 1 229.459799583613
88 0.045933199851 0.1 1 232.45954532011
17 0.045731860227 -0.18 1 237.459347190901
91 0.046068839292 0 1 242.459676934797
27 0.046183381264 0.612928 1 244.459791363736
29 0.045809130075 0.5904 1 246.459416695609
56 0.045766080386 0.244 1 247.459374211855
28 0.045870035247 0.2952 1 248.459478025031
75 0.046062035246 0.244 1 248.459670159412
10 0.045726384519 -0.4 1 249.459334153566
80 0.045905545174 0.395142 1 250.459513718165
55 0.045826237572 0.1 1 256.459434419307
84 0.045946085733 0 1 258.459559767455
31 0.046036632438 0.344 1 259.459644821839
40 0.045811900547 0 1 262.459420057493
32 0.045794588733 0.63136 1 265.45940277535
9 0.045800862158 -0.5 1 269.459409038536
43 0.045819275757 0.1 1 272.459427442731
64 0.045961690334 0 1 276.459569860334
79 0.045820007126 0.1 1 277.459428187777
90 0.045899725269 0.1 1 286.459507876498
51 0.04580301032 0.1 1 288.459411177518
17 0.045811987597 -0.18 1 289.459420145951
82 0.045856429946 0.1 1 291.459464601241
14 0.045699999999 -0.32 1 295.459308154177
8 0.045903035353 -0.5 1 297.459511226817
84 0.045894735485 0.1 1 301.459501760913
50 0.046333735484 0.33616 1 301.45994095424
58 0.046119902031 0.18 1 302.459728094977
83 0.04640290203 0 1 302.460010983636
52 0.04609629125 0 1 303.45970961555
19 0.046101144282 -0.4 1 305.459709065972
66 0.046036908813 0 1 306.459644548456
32 0.04580695668 0.705088 1 307.459412871704
92 0.046089956679 0.1 1 307.459695783658
90 0.045925699403 0.18 1 308.459533824766
70 0.045907761178 0.18 1 309.459515220379
42 0.045816671408 0 1 310.459430215046
17 0.045798707892 -0.18 1 311.459406586541
76 0.045835069203 0.1 1 314.459443257371
14 0.045751999999 -0.32 1 317.459359893555
81 0.046018708865 0.1 1 322.459621776479
10 0.045816723177 -0.4 1 324.459422573924
82 0.045819778458 0.1 1 327.459425596267
98 0.045993601173 0 1 333.459599574909
28 0.045897999998 0.51616 1 339.459508538309
27 0.045909564713 0.737856 1 341.459517741768
74 0.045898247058 0 1 342.459508655939
35 0.045877396854 0.4752 1 343.459484016489
6 0.045841978956 -0.5 1 350.459450159728
7 0.045996285608 -0.32 1 351.459609775108
75 0.045983489324 0.2952 1 358.459595248975
98 0.045987441258 0.1 1 361.459599006777
3 0.046067858137 -0.2048 1 365.459675999615
80 0.045931492954 0.446313 1 366.459539613725
8 0.045864018769 -0.5 1 369.459472193649
6 0.045880983417 -0.5 1 372.45948916865
94 0.045786984017 0.1 1 373.459400786089
7 0.046173984016 -0.32 1 373.459787521437
84 0.045909563845 0.1 1 374.459517702615
81 0.046179563844 0.2952 1 374.459787695192
58 0.045966992709 0.244 1 375.459575171718
21 0.045827724429 0.468928 1 378.459435876591
23 0.045745245335 0.468928 1 386.459353374024
90 0.046184245334 0.18 1 386.459792223491
52 0.045862348639 0 1 387.459470285819
36 0.046132348638 0.468928 1 387.459740426629
54 0.046018640184 0.33616 1 394.459626811762
59 0.045964729812 0 1 396.459572888027
60 0.045876834358 0 1 397.459484988388
22 0.046039444492 0.368928 1 403.45964762806
75 0.046061761882 0.2952 1 404.459673266801
1 0.045922213639 -0.32 1 411.459530395846
67 0.045832468986 0.18 1 415.459440652306
77 0.045766302066 0 1 421.459374488407
3 0.045997302065 -0.2048 1 421.459605199238
13 0.045764999999 -0.32 1 423.45937315702
75 0.046051982558 0.2952 1 426.459660054035
78 0.046043747283 0 1 429.4596519206
32 0.045859567482 0.737856 1 430.459467732848
67 0.04587135042 0.33616 1 437.459479415174
84 0.045951570451 0.18 1 448.459559735953
47 0.045829926114 0.1 1 453.459438104489
34 0.046035287708 0.368928 1 454.459643399119
89 0.046279287707 0 1 454.459887428864
97 0.045779205112 0.18 1 457.459387390779
1 0.046049205111 -0.32 1 457.459657378791
40 0.045751999999 0.244 1 459.459360164764
68 0.045902239134 0.244 1 468.459510402417
96 0.046094239133 0.45705 1 468.459702408494
17 0.045811990593 -0.5 1 471.459420151943
35 0.04591488036 0.660114 1 474.459523061819
14 0.045725999999 -0.32 1 479.459334187922
77 0.045791219976 0 2 481.459397315536
34 0.045996219975 0.516114 2 481.459602476999
1 0.046240219974 -0.32 2 481.459846408757
51 0.04586802595 0.2952 2 482.459476208778
92 0.045908958206 0.2952 2 488.459517118863
96 0.046028600031 0.45705 2 490.459640454519
72 0.045834849716 0 1 492.459440803553
7 0.046117849715 -0.32 1 492.459723817197
73 0.045887061712 0 1 504.459492903145
94 0.045764999999 0.368928 1 509.459373166841
24 0.045780017901 0.495142 1 513.459386193019
46 0.045919309019 0.1 1 524.45952748094
86 0.045752818859 0 1 532.459355192384
2 0.045970818858 -0.131072 1 532.459573058945
55 0.046240818857 0.244 1 532.459843036913
52 0.045878072502 0 1 538.459486265079
97 0.045883589505 0.18 1 540.459486284598
7 0.046243369417 -0.32 1 543.459854163579
66 0.046069589524 0.18 1 546.459680385087
11 0.045880651237 -0.5 1 547.45948883358
88 0.046163651236 0.244 1 547.459771573018
49 0.045853752582 0 1 548.459461928396
94 0.045706131627 0.395142 1 552.459321178869
67 0.045858440661 0.33616 1 553.459466595656
9 0.045777999999 -0.4 1 554.459386175412
90 0.045944661141 0.18 1 558.459559936616
97 0.045799905349 0.2952 1 562.459407899564
39 0.045939566953 0.639142 1 563.45954772149
60 0.045863863927 0.1 1 566.459472047526
21 0.045777999999 0.676891 1 583.459386161415
72 0.045907813243 0 1 586.459515997682
93 0.045934946216 0.18 1 592.459543115889
36 0.045990058002 0.711314 1 601.459598244415
68 0.045878579121 0.2952 1 604.459486745417
5 0.045962999998 -0.256 1 605.459575861347
