6 0.020784799536 0 2 21.958916808214
38 0.020799176051 0 2 23.95893463945
5 0.02106917605 0 2 23.95920470212
46 0.020752614916 0 2 26.958887989157
57 0.020982470412 0 2 29.959108459724
61 0.020962984487 0 2 40.959095247012
15 0.020968920444 0 2 41.959096186446
85 0.02088210671 0 2 42.959013466169
45 0.020810587565 0 2 47.958945513743
63 0.020841081095 0 2 48.958966359844
95 0.021059081094 0 2 48.959184263233
25 0.020813081683 0 2 50.95894787139
39 0.020765073859 0 2 53.958899899407
62 0.020983073858 0.1 2 53.959117893452
71 0.020742318451 0.08 1 57.958875063024
69 0.020745835405 0 1 61.958871903525
49 0.020963835404 0.1 1 61.959089884891
61 0.02100513027 -0.1 1 62.959134266944
79 0.021143137595 0 1 63.959275622527
8 0.02092537817 0 1 64.959051267222
15 0.021169378169 0 1 64.959295044282
65 0.020855944046 0 1 71.958987388303
95 0.021099944045 0 1 71.959231130982
60 0.021382944044 -0.1 1 71.959514240283
26 0.021574944043 0 1 71.959706236257
53 0.020861305282 0 1 72.958987109387
24 0.020893836726 0 1 77.95901865562
29 0.020826626374 0 1 79.958959177389
27 0.020871028259 0 1 84.958999380353
87 0.02102577998 0 1 85.95915787655
96 0.020835764503 0 1 88.95896773277
17 0.020795444582 0 1 90.958926535505
75 0.021047366876 0 1 91.959181307613
3 0.020959595584 0 1 93.959090522349
35 0.020965306171 0 1 96.959094037044
70 0.021034102266 -0.1 1 107.959168762109
4 0.021009124863 0 1 110.959143933412
0 0.020724897942 0 1 115.958860223161
80 0.020814975691 0 1 116.958951117739
16 0.020906089993 0 1 120.959038080973
69 0.02074711735 0 1 121.958882613152
79 0.021085054947 -0.08 1 123.959214702079
18 0.020807804603 0 1 124.958942300118
24 0.021090804602 0.18 1 124.95922538735
93 0.020763771657 0 1 125.958894601043
58 0.020945305706 -0.1 1 128.959072751134
86 0.020882238677 0 1 129.959006820799
13 0.021139238676 0 1 129.959263843881
50 0.020983961685 -0.1 1 131.959118283471
97 0.020847979523 0 1 132.958972406633
80 0.021029655996 0.1 1 138.959160936914
17 0.020870598766 0 1 139.958994598656
16 0.020910597238 0.1 1 142.959037538765
45 0.020837168128 0.1 1 143.958961166811
54 0.021004996864 -0.18 1 147.959134006603
48 0.020832645563 0.1 1 152.958968832087
44 0.021102645562 0.1 1 152.959238909466
88 0.020719023703 0 1 158.958847639896
57 0.021174327499 -0.1 1 164.959304693791
6 0.020658918985 0 1 166.958927024737
38 0.020810546992 0 1 167.958940545494
33 0.021132546991 0 1 167.959262654132
51 0.020715543056 -0.1 1 169.958988080659
20 0.020998543055 0 1 169.959271204736
99 0.02082221586 0 1 171.958947051967
66 0.020969517655 -0.18 1 173.959098290362
93 0.020662559792 0 1 181.958894295943
57 0.021070999997 -0.1 1 186.959195002954
68 0.02071854722 -0.18 1 187.958977009627
38 0.020784341009 0.1 1 189.958916984591
30 0.020634289592 0 1 190.958900117671
67 0.020892704294 -0.5 1 191.959024868412
99 0.020838566339 0 1 193.958972542071
69 0.020737078323 0 1 195.958861430526
64 0.020916476659 -0.18 1 201.959047673163
29 0.020842517932 0 1 203.958972191673
62 0.020935979703 0 1 207.959068662249
46 0.020730767409 0.18 1 209.958860911881
81 0.021013767408 0 1 209.959143950392
32 0.020744509833 0 1 211.958876487592
41 0.020721894477 0.18 1 215.95885172344
12 0.020926894476 0.18 1 215.959056642775
40 0.021157894475 0.18 1 215.959287512035
96 0.020841252903 0 1 219.958967520224
74 0.020808339791 -0.5 1 223.958934686356
3 0.02100033979 0.1 1 223.95912667335
15 0.021003379073 0.1 1 224.959135108314
73 0.020802135322 -0.18 1 225.958936099834
88 0.020721432751 0.1 1 233.95884759509
17 0.020865867329 0.244 1 237.95899480819
27 0.020909444254 0 1 239.959038375793
91 0.020987446408 0 1 240.959122612689
29 0.020826967368 0 1 241.958959017581
28 0.020777394122 0 1 243.958909623925
56 0.020870496094 -0.5 1 246.958999351452
10 0.020923310689 0.18 1 248.959055678457
75 0.021206310688 -0.08 1 248.959338603995
80 0.020753420492 0.1 1 250.958886035855
55 0.020791334978 -0.5 1 256.9589255263
84 0.02091803166 0 1 259.959051935121
31 0.020776818949 0 1 260.958904369181
40 0.020795988245 0.5392 1 261.958931000924
32 0.02078331202 0 1 266.958915472656
9 0.020769196087 0 1 269.958901391318
43 0.021026131311 0.244 1 272.959158317051
64 0.020931713935 -0.5 1 275.959060889327
79 0.020936942839 -0.08 1 279.959070226435
90 0.02076059073 0 1 285.958892805809
51 0.020861514245 -0.5 1 287.95899109415
17 0.020781999998 0.2952 1 291.958915793798
82 0.020973999997 0 1 291.959107895283
14 0.020981112209 0 1 294.959106345087
8 0.020877342649 0 1 297.95900217224
83 0.020798160566 0.1 1 299.958923254731
84 0.020882094868 0 1 301.959012442803
19 0.021045084196 0 1 303.959179854653
92 0.020815593779 0 1 304.958948304902
32 0.020750818594 0.1 1 305.958874811577
50 0.021228818593 -0.5 1 305.95935255379
58 0.021822872813 -0.18 1 306.959957215768
90 0.020737542106 0.1 1 308.958861443329
52 0.020981542105 -0.32 1 308.959105197177
66 0.021225542104 -0.5 1 308.959349372947
70 0.020955813731 -0.5 1 309.959090755989
42 0.020845399496 0.51616 1 311.958969987488
17 0.020793913806 0.2952 1 313.95892922966
76 0.020971718467 -0.5 1 314.959101132103
14 0.020983646841 0 1 316.959118778689
81 0.020982207623 0.1 1 326.95911810035
82 0.020920624614 0.18 1 329.959055991666
10 0.021164624613 0.18 1 329.959299853964
98 0.020916551759 0.18 1 333.959051428479
28 0.02076900504 0 1 339.958896534039
35 0.021013759018 0 1 343.959145936814
74 0.020743132573 -0.5 1 344.958869199236
27 0.021000132572 0.1 1 344.959126161208
6 0.020803753295 0.1 1 353.958929791516
7 0.021086753294 0 1 353.959212819478
75 0.021031532283 -0.4 1 357.959155388297
98 0.020852362774 0.18 1 361.958985937727
3 0.020943940147 0.18 1 364.959077680451
80 0.020801666827 0.1 1 365.958937987282
35 0.021032666826 0 1 365.959169023925
8 0.020869945321 0 1 369.959002138986
94 0.020944930648 0 1 372.959077152847
84 0.020877976739 0 1 373.959013029635
81 0.02091398785 0.244 1 374.959042864135
7 0.020794999998 0 1 375.958929480531
58 0.021077999997 -0.18 1 375.959212743233
21 0.020817502494 0 1 377.958950583189
90 0.020794999998 0.1 1 381.958920015986
52 0.021064999997 -0.32 1 381.959190013217
36 0.020859229813 0 1 384.95898811891
23 0.020713053756 0.1 1 385.958839424376
54 0.021016987453 -0.5 1 393.959147209535
59 0.021033958774 -0.5 1 395.959167161476
60 0.021016874479 -0.256 1 396.959140789829
22 0.020896403823 0 1 406.959023724131
75 0.021179403822 -0.4 1 406.959306762663
1 0.020939526652 0 1 411.959064599867
67 0.020903380247 -0.5 1 416.959037774584
77 0.020937708495 -0.5 1 421.959064140987
3 0.021194708494 0.18 1 421.959320893473
13 0.021002150847 0 1 422.959136838662
75 0.020989870735 -0.4 1 428.959116371827
78 0.020839952689 -0.4 1 430.958964774301
32 0.020775881232 0.1 1 431.958902430662
67 0.020938790804 -0.5 1 439.959063894878
84 0.020931613616 0 1 447.959065083551
34 0.020810165394 0 1 452.958942385969
89 0.020755999998 0.1 1 455.958890999138
47 0.020973999997 0.368928 1 455.959108990596
97 0.02089366245 0 1 457.959021840238
1 0.021137662449 0.18 1 457.95926582817
40 0.0211142643 0.639142 1 458.959247018297
68 0.021063681315 -0.5 1 470.959187104026
17 0.020824192956 0.2952 1 473.958952865567
96 0.021107192955 0.18 1 473.959235743535
35 0.020975490626 0 1 474.95910698163
14 0.021008996793 0 1 479.959145322415
34 0.020828196864 0 1 481.958962555721
77 0.021072196863 -0.5 1 481.959206393292
1 0.021355196862 0.244 1 481.959489487012
51 0.02088062456 -0.5 1 482.959017034828
92 0.020848672294 0 1 487.958977321055
72 0.02103851588 -0.5 1 491.959167581331
7 0.020844414091 0.1 1 492.958969716597
73 0.02085470654 -0.5 1 503.958988097256
94 0.020969986257 0.1 1 509.959103079627
24 0.020912438683 0.18 1 513.95904465053
46 0.020760140337 0.395142 1 524.958888043699
55 0.020793340645 -0.5 1 528.9589255563
2 0.02070114894 0 1 529.958833464568
86 0.020818286901 0.1 1 533.958950026475
52 0.020918135174 -0.32 1 539.959049911248
97 0.020880606061 0.1 1 540.959011433265
88 0.020690999998 0.1 1 541.958826501086
7 0.020908999997 0.2952 1 541.959044286328
66 0.020993557429 -0.5 1 543.959124251232
11 0.021033964993 0 1 547.959162209366
49 0.020939863996 0.660114 1 548.959067037722
9 0.020826818771 0.1 1 555.958950660222
67 0.020907558513 -0.5 1 556.959034934622
94 0.021151558512 0.18 1 556.959278916413
90 0.020813824466 0.244 1 559.958944685397
39 0.020766531181 0 1 565.958897419616
60 0.020963999998 -0.256 1 567.959088668047
21 0.020865033289 0.18 1 582.958989601551
72 0.020996268216 -0.5 1 587.959128426211
93 0.020801672795 0.1 1 591.958933906389
36 0.020829861728 0.2952 1 601.958962067014
68 0.020849091344 -0.5 1 603.958977094083
5 0.020978187195 0 1 605.959103714397
