6 0.03023085594 0 2 21.557709352452
46 0.029957249539 0 2 27.557444365986
38 0.030162249538 0 2 27.557649211505
57 0.030006771066 0 2 29.557486618915
15 0.030100481162 0 2 43.557581024437
85 0.029891027167 0 2 44.557372871091
61 0.030135027166 0 2 44.557616917296
45 0.02994499332 0 2 46.557421455122
63 0.029908787497 0 2 47.557390683572
95 0.02998457904 0 2 48.557463099303
25 0.030191755269 0 2 50.557668407164
71 0.029957050201 0 2 57.557441191772
39 0.030051196716 0 2 58.557532326714
62 0.030295196715 0 2 58.557776330941
49 0.030046521604 0 2 59.557523098755
69 0.029847665721 0 2 60.557331670623
8 0.029966692163 -0.1 2 63.557450662797
79 0.02998678404 0 2 64.557468499027
15 0.02987667839 0 2 65.557359713734
26 0.029831424689 0 2 70.557315120414
95 0.030036424688 0 2 70.557519963019
60 0.030319424687 0 2 70.55780313399
65 0.029993259721 0 2 71.557471433834
53 0.030121331136 0 2 73.557599411849
24 0.030154999998 0 2 77.557643013324
29 0.029867310742 0 1 79.557344688345
49 0.029992392178 0.1 1 81.557471080759
87 0.029926566667 0 1 85.557404259747
27 0.030157566666 0 1 85.557635244951
61 0.029831949463 0 1 88.557310220765
96 0.030088949462 0 1 88.557567261427
17 0.030089999998 0 1 90.557570909218
75 0.030033280413 0 1 94.557517569721
3 0.030316280412 -0.1 1 94.557800592422
35 0.03016349662 0 1 97.557639890656
69 0.029910841883 0.28 1 100.557387212929
70 0.029984622101 0 1 107.557471742948
4 0.030100926833 0 1 111.557582862559
0 0.029985444736 0 1 115.557464134408
80 0.029902630297 0 1 117.557382336389
16 0.030000284204 0 1 120.557488648874
79 0.030280042699 0.18 1 122.557758489656
93 0.02988522696 0 1 124.557361876034
18 0.030155226959 -0.1 1 124.557631877497
24 0.030373226958 0.28 1 124.55784996513
58 0.030121330225 0 1 128.557609151645
86 0.030138781593 0 1 129.557627139045
13 0.029973582402 -0.08 1 130.557450049762
50 0.029935251252 0 1 136.557411687318
97 0.030153251251 0 1 136.557629701044
80 0.029863730914 0.33616 1 139.557340371043
17 0.030096056668 0 1 140.557583639204
16 0.030022663913 0 1 142.55750104552
45 0.029946562272 0 1 143.557434403348
54 0.029851447028 0.4752 1 146.557331667801
48 0.029999312485 -0.1 1 151.557478000677
44 0.030094058839 0.2 1 153.557575822329
88 0.030036580003 -0.1 1 158.557515258048
38 0.029934711028 -0.18 1 161.557413413576
6 0.030050335833 0 1 162.557531144994
57 0.030223244544 0 1 164.557704181896
20 0.029854208068 0.1 1 167.557342578318
33 0.029978460064 -0.18 1 168.557456970077
51 0.030222460063 0 1 168.557700951601
99 0.029920999998 0.18 1 171.557409012768
66 0.029941472391 0 1 174.557429325049
93 0.029934118499 -0.256 1 181.557412904292
38 0.029951396925 -0.4 1 183.55743879081
57 0.029972874132 0 1 186.557460314343
68 0.029976376576 -0.08 1 187.557463050534
20 0.029926891252 0.244 1 189.557414497732
67 0.029948164627 0 1 191.557435957141
30 0.030218164626 0.18 1 191.557705930465
99 0.029950426868 0.58016 1 193.557434438438
69 0.029843890355 0.612891 1 195.557331693826
64 0.030014007417 0.18 1 199.55749124605
29 0.02989150115 0.18 1 203.557370196587
62 0.030104905807 0 1 205.557587796604
46 0.029968589629 0 1 208.557447278383
81 0.030068536963 0 1 209.557547219408
32 0.02980790381 0 1 210.557292702119
40 0.029988825307 0 1 211.557467487928
12 0.030013579567 0.1 1 213.557497916528
41 0.02992394628 0 1 215.557403989538
96 0.029974539751 0 1 217.557453228378
15 0.029864349785 0.1 1 224.557344388304
73 0.029902073413 -0.18 1 226.557380739295
3 0.030120073412 -0.5 1 226.557598630814
74 0.030377073411 0.244 1 226.557855643574
88 0.030036602905 -0.5 1 232.557515303852
17 0.030043734863 0 1 237.55753193751
91 0.030122941644 0 1 241.557601590185
29 0.029854548814 0.5392 1 242.557339048529
27 0.030059548813 0.244 1 242.557544062003
28 0.029892731155 -0.5 1 244.557371405072
56 0.029955289917 0.1 1 246.557437744115
75 0.030067725993 0 1 247.557546403276
10 0.029888809216 0 1 248.557371793082
80 0.02992966351 0.33616 1 250.557408344497
55 0.0301309226 0.18 1 256.55760961236
84 0.030169992832 0.244 1 258.557648492037
31 0.029951644573 0 1 259.557430341964
40 0.029949827641 0.18 1 262.557428492596
32 0.029852999999 0 1 265.557331694607
9 0.030077767704 0.3952 1 269.557562032428
43 0.030163077943 -0.2048 1 272.557640321188
64 0.029938278801 0.3952 1 276.557426191388
79 0.030004990034 0.244 1 277.557481521209
90 0.030141398868 0 1 285.557627394549
51 0.029986790543 0 1 288.557472727566
17 0.030016156133 0 1 289.557492872498
82 0.030096947843 0 1 291.557577462109
14 0.029910001536 0.58016 1 295.557394169805
8 0.029910518958 -0.5 1 297.557398681507
84 0.030326529343 0.3952 1 301.557811486975
83 0.030069402137 -0.32 1 302.557547991852
52 0.030274402136 0.1 1 302.557753093958
58 0.030531402135 -0.4 1 302.558010103079
50 0.030208300495 0.1 1 303.557689283714
92 0.030118971582 0.18 1 305.557602763592
66 0.030108818225 0 1 306.557589933492
32 0.029868394717 0 1 307.557347456845
19 0.030151394716 0.58016 1 307.557630245433
90 0.030421394715 0.18 1 307.557900468268
70 0.029982793599 0.18 1 309.557471737028
42 0.029886157004 0 1 310.557370556391
17 0.03006098282 0.2952 1 311.557544322054
76 0.029991230304 0 1 314.557474816966
14 0.02998833956 0.705088 1 317.557471657585
81 0.030132079413 0 1 322.557612214438
10 0.029961719329 0.18 1 324.557449703756
82 0.030126027728 0 1 327.557603457067
98 0.029839776665 -0.32 1 333.557318676833
28 0.029854140964 -0.5 1 339.557331674065
27 0.030063999998 0.244 1 341.557547277818
74 0.029926331945 0.4752 1 342.557410942252
35 0.030100625353 0.2952 1 343.557587880364
6 0.030017087661 0 1 350.557505167288
7 0.030031626335 0 1 351.557517288302
75 0.030080725691 0.1 1 358.557559402672
98 0.02992094685 -0.32 1 361.557399347202
3 0.030043588488 -0.5 1 365.557523454066
35 0.030313588487 0.395142 1 365.557793479098
80 0.029852412362 0.395142 1 366.557331628777
8 0.029909300047 -0.5 1 369.557398648369
6 0.030057270598 0 1 372.557544194236
94 0.029854844335 0.2952 1 373.557333510652
7 0.030280844334 0 1 373.557759250473
58 0.030333626936 -0.4 1 375.557817323269
21 0.029983006623 0 1 377.557460046781
81 0.030065575193 0 1 378.557544129178
84 0.030348575192 0.58016 1 378.557827138505
52 0.029948359292 0.1 1 381.557431946608
90 0.030109649863 0.244 1 382.557588313705
36 0.030009356892 0.1 1 385.557488032261
23 0.030240356891 -0.32 1 385.557719038734
54 0.029852999999 0.63136 1 394.557331679588
59 0.029993584998 0.368928 1 396.557479458362
60 0.029934055774 0 1 397.557414465167
22 0.030128265792 0.18 1 403.557608466453
75 0.03004173455 0.18 1 404.55752042039
1 0.02999228941 0.1 1 411.557481489484
67 0.029933999998 0.18 1 415.557417163663
3 0.030006180872 -0.5 1 421.557484594295
77 0.030237180871 0 1 421.557715875209
13 0.030064461145 -0.08 1 423.557541043298
75 0.029992904732 0.18 1 426.557481225548
78 0.02985485295 -0.5 1 429.557331681328
32 0.029822845895 0 1 430.5573056734
67 0.029894443522 0.18 1 437.557377944317
84 0.030169787039 0.612928 1 448.557648460523
34 0.029855375391 0.368928 1 454.557333994826
89 0.029905666765 0.33616 1 458.557393327639
1 0.030396666764 0.18 1 458.557884485418
97 0.030114284185 0.244 1 459.557594441817
40 0.029907964255 0.18 1 460.557386592542
47 0.030190964254 0 1 460.557669352733
96 0.029920999998 0.1 1 471.557401752103
68 0.029991440718 -0.4 1 473.55747311204
17 0.030261440717 0.2952 1 473.557743237683
35 0.030159159976 0.395142 1 474.557639925574
14 0.029977032227 0.731302 1 479.557459237297
34 0.029818761388 0.416114 2 481.557304873245
77 0.030023761387 0.18 2 481.557509711577
1 0.030293761386 0.18 2 481.557779804905
51 0.030037005514 0 2 482.557524758798
92 0.029978070027 0.2952 2 488.557458209472
72 0.030069322321 0.1 2 496.557555200224
7 0.03028732232 0.2952 2 496.557773215129
73 0.029870816392 -0.5 2 504.557349480956
94 0.029899714282 0.690342 2 509.557380824851
24 0.030177307211 0.495142 2 513.557656008222
46 0.029946595114 0.18 1 524.557434260783
55 0.030056848052 0.368928 1 528.557544642682
2 0.029993595187 0.1 1 529.557472277361
86 0.030122440449 0.1 1 532.557601121447
52 0.030005234744 0.18 1 538.557483935318
97 0.030003114731 0.244 1 540.557484771409
88 0.029960416116 -0.5 1 541.557439108972
7 0.030152416115 0.2952 1 541.557630888035
66 0.02997324412 0 1 543.557455376153
11 0.030089999998 0 1 547.557579033898
49 0.029992387418 0.711314 1 548.557471071239
94 0.029902162056 0.862427 1 552.557380848955
67 0.029915335335 0.18 1 553.557404106995
9 0.030018347076 0.516114 1 554.557497030488
90 0.0301616753 0.244 1 558.557640364579
97 0.029930831903 0.244 1 562.557419404083
39 0.030108580964 0.575142 1 563.557587243482
60 0.02992283273 0.395142 1 566.557401524331
21 0.029984298646 0.1 1 583.55746296807
72 0.030105448344 0.18 1 586.557584140758
93 0.029921809685 -0.256 1 592.557400487374
36 0.03000257251 0.395142 1 601.557481266919
68 0.030050999998 -0.4 1 604.557528044906
5 0.02997674262 0 1 605.557457794026
