6 0.03023085594 0 2 21.557709352452
46 0.029957249539 0 2 27.557444365986
38 0.030162249538 0 2 27.557649211505
57 0.030006771066 0 2 29.557486618915
15 0.030100481162 0 2 43.557581024437
85 0.029891027167 0 2 44.557372871091
61 0.030135027166 0 2 44.557616917296
45 0.02994499332 0 2 46.557421455122
63 0.029908787497 0 2 47.557390683572
95 0.02998457904 0 2 48.557463099303
25 0.030191755269 0 2 50.557668407164
71 0.029957050201 0 2 57.557441191772
39 0.030051196716 0 2 58.557532326714
62 0.030295196715 0 2 58.557776330941
49 0.030046521604 0 2 59.557523098755
69 0.029847665721 0 2 60.557331670623
8 0.029927692163 0.1 2 63.557411662797
79 0.03001278404 0 2 64.557494499027
15 0.02991567839 0.1 2 65.557398713734
26 0.029844424689 0 2 70.557328120414
95 0.030101424688 0 2 70.557584963019
60 0.030319424687 0 2 70.55780313399
65 0.030019259721 0 2 71.557497433834
53 0.030121331136 0 2 73.557599411849
24 0.030167999998 0 2 77.557656013324
29 0.029867310742 0 1 79.557344688345
49 0.030057392178 0 1 81.557536080759
87 0.029913566667 0 1 85.557391259747
27 0.030131566666 0 1 85.557609244951
61 0.029831949463 0 1 88.557310220765
96 0.030075949462 0 1 88.557554261427
17 0.030050999998 0 1 90.557531909218
75 0.030033280413 0 1 94.557517569721
3 0.030264280412 0.1 1 94.557748592422
35 0.03011149662 0 1 97.557587890656
69 0.029949841883 0.144 1 100.557426212929
70 0.030049622101 0 1 107.557536742948
4 0.030048926833 0 1 111.557530862559
0 0.029998444736 0 1 115.557477134408
80 0.029902630297 0 1 117.557382336389
16 0.030078284204 0 1 120.557566648874
79 0.029940094274 -0.1 1 121.557422213135
3 0.030158094273 0.28 1 121.557640346925
18 0.030075026497 0.1 1 122.557553732107
93 0.029861449003 0 1 123.5573484509
24 0.030153275074 0.1 1 124.557630013246
58 0.030108330225 0.3952 1 128.557596151645
86 0.030112781593 0 1 129.557601139045
13 0.029999582402 0.36 1 130.557476049762
50 0.029909251252 0.1 1 136.557385687318
97 0.030114251251 0 1 136.557590701044
0 0.029914258436 0.1 1 137.557401825109
17 0.030184258435 0 1 137.557671905751
80 0.029944468316 0.47801 1 139.557421108445
16 0.030022663913 0 1 142.55750104552
45 0.029894562272 0 1 143.557382403348
54 0.029882681039 0.4752 1 146.557362901812
48 0.030051312485 0.1 1 151.557530000677
44 0.030133058839 0.1 1 153.557614822329
88 0.030036580003 0.1 1 158.557515258048
38 0.029999711028 0.18 1 161.557478413576
6 0.029985335833 0 1 162.557466144994
51 0.030210754038 0 1 164.557691671481
20 0.029852685992 0.1 1 167.557341056242
57 0.030057685991 0.1 1 167.557545941588
33 0.03030168599 0.18 1 167.557789943125
99 0.029907999998 0 1 171.557396012768
66 0.029876472391 0 1 174.557364325049
93 0.029869118499 0.690313 1 181.557347904292
38 0.029951396925 0.612928 1 183.55743879081
68 0.029989376576 0.36 1 187.557476050534
20 0.02988200929 0.18 1 189.55736961577
57 0.030087009289 0.1 1 189.55757457037
67 0.029948164627 0 1 191.557435957141
30 0.030192164626 0.244 1 191.557679930465
99 0.029924426868 -0.32 1 193.557408438438
69 0.029886464302 0.29801 1 195.557374267773
64 0.029975007417 0.18 1 199.55745224605
29 0.02993050115 -0.08 1 203.557409196587
62 0.030122107949 0.1 1 205.557600796604
46 0.029942589629 0 1 208.557421278383
81 0.030055536963 0 1 209.557534219408
32 0.029881137807 0 1 210.557365936116
40 0.029945383184 0 1 211.557428487928
12 0.030026579567 0.2952 1 213.557510916528
41 0.02994994628 0 1 215.557429989538
96 0.029948539751 0.1 1 217.557427228378
15 0.029880288493 0.1 1 223.55735897144
73 0.029902073413 0.28 1 226.557380739295
3 0.030185073412 0.344 1 226.557663630814
74 0.030442073411 0.244 1 226.557920643574
88 0.030036602905 0.1 1 232.557515303852
17 0.030082734863 0.33616 1 237.55757093751
29 0.029908896353 -0.4 1 242.557393396068
28 0.029821047879 0.244 1 244.557299721796
91 0.030065047878 0.1 1 244.557543566335
27 0.030296047877 0 1 244.557774538669
56 0.029968289917 0 1 246.557450744115
75 0.030002725993 0 1 247.557481403276
10 0.029914809216 0 1 248.557397793082
80 0.02991666351 0.485926 1 250.557395344497
55 0.0301049226 0 1 256.55758361236
84 0.030078992832 0.424 1 258.557557492037
31 0.029925644573 0.2952 1 259.557404341964
40 0.029936827641 0 1 262.557415492596
32 0.029874226484 0.1 1 265.557352921092
9 0.030090767704 -0.32 1 269.557575032428
43 0.030111077943 0.488 1 272.557588321188
64 0.029990278801 0.424 1 276.557478191388
79 0.030017990034 -0.1 1 277.557494521209
90 0.030128398868 0 1 285.557614394549
51 0.029973790543 0.1 1 288.557459727566
17 0.030081156133 0.33616 1 289.557557872498
82 0.030070947843 0 1 291.557551462109
14 0.029936001536 0.344 1 295.557420169805
8 0.029975518958 0.2952 1 297.557463681507
83 0.030043380547 0.344 1 300.557521482677
19 0.029806934021 -0.4 1 301.557292097348
50 0.03002493402 0.1 1 301.557510083915
84 0.030216934019 0.5392 1 301.557701891651
55 0.030473934018 0.18 1 301.557959183448
52 0.029935470911 0 1 302.557414162733
58 0.03017947091 0.5904 1 302.557658171854
92 0.029990059944 0 1 303.557471219852
32 0.029821791798 0.1 1 305.557305676322
66 0.029922271322 0.1 1 306.557403386589
90 0.030148108004 0 1 307.557627181557
70 0.029995793599 0.1 1 309.557484737028
42 0.029834281133 0.1 1 310.55731868052
17 0.03000898282 0.395142 1 311.557492322054
76 0.030004230304 0 1 314.557487816966
14 0.02998833956 0.664128 1 317.557471657585
81 0.030132079413 0.1 1 322.557612214438
10 0.029948719329 0.18 1 324.557436703756
82 0.030100027728 0 1 327.557577457067
98 0.029920999998 0.344 1 333.557399900166
28 0.029880872269 0.33616 1 339.55735840537
27 0.030050999998 0 1 341.557534277818
74 0.030004331945 0.2952 1 342.557488942252
35 0.030100625353 0 1 343.557587880364
6 0.030030087661 0.244 1 350.557518167288
7 0.030044626335 0 1 351.557530288302
75 0.030028725691 0.1 1 358.557507402672
98 0.029839999999 0.664128 1 361.557318400351
35 0.030212588488 0.244 1 365.557692479099
80 0.029943121286 0.490993 1 366.557422337701
3 0.030174121285 0.63136 1 366.557653313433
8 0.029974300047 0.548928 1 369.557463648369
6 0.030070270598 0.2952 1 372.557557194236
94 0.029853960616 0.2952 1 373.557332626933
84 0.030279960615 0.58016 1 373.557758652394
81 0.030304449853 0.18 1 375.557788053654
58 0.030323592192 0.846938 1 377.557800523697
21 0.030033440096 0.18 1 379.557512055255
7 0.030316440095 0.2952 1 379.557794846234
52 0.029974359292 0 1 381.557457946608
90 0.030109649863 0 1 382.557588313705
36 0.030048365508 0.1 1 387.557526853014
23 0.030279365507 0.785042 1 387.557757858774
54 0.029800999999 0.664128 1 394.557279679588
59 0.029967584998 -0.4 1 396.557453458362
60 0.029908055774 0.1 1 397.557388465167
22 0.030128265792 0.18 1 403.557608466453
75 0.03008073455 0.1 1 404.55755942039
1 0.02999228941 0 1 411.557481489484
67 0.029951472323 0.18 1 415.557430163663
3 0.030058180872 0.76407 1 421.557536594295
77 0.030341180871 0.1 1 421.557819875209
13 0.029999461145 0.705088 1 423.557476043298
75 0.029979904732 0.1 1 426.557468225548
78 0.02986785295 0.51616 1 429.557344681328
32 0.029887205277 0.1 1 430.557365878678
67 0.029881443522 0.18 1 437.557364944317
84 0.030156787039 0.612928 1 448.557635460523
34 0.029842375391 0.368928 1 454.557320994826
89 0.029840666765 -0.4 1 458.557328327639
1 0.030318666764 0.1 1 458.557806485418
40 0.030144572165 0.1 1 459.557624798486
97 0.030003112379 0.244 1 460.557481672412
47 0.030260112378 0.1 1 460.557738500857
68 0.03013867501 0.548928 1 471.557619422551
96 0.029969753513 0.244 1 474.557450246728
17 0.030020062821 0.395142 1 475.557496684713
35 0.03023806282 0.244 1 475.557714835221
14 0.029925032227 0.664128 1 479.557407237297
34 0.029818570266 0.495142 1 481.557304682123
1 0.030023570265 0.1 1 481.557509613784
77 0.030228570264 0.368928 1 481.557714520454
51 0.029959005514 0.472512 1 482.557446758798
92 0.029939070027 0.2952 1 488.557419209472
7 0.030093495681 0.368928 1 496.55757938849
72 0.03033749568 0.1 1 496.557823373583
73 0.029896816392 0.790285 1 504.557375480956
94 0.029873714282 0.63136 1 509.557354824851
24 0.030099307211 0.596114 1 513.557578008222
46 0.029946595114 0.33616 1 524.557434260783
55 0.030069848052 0.18 1 528.557557642682
2 0.030006595187 0 1 529.557485277361
86 0.030135440449 0.18 1 532.557614121447
52 0.029992234744 0.18 1 538.557470935318
97 0.029938114731 0.244 2 540.557419771409
7 0.030238282318 0.432891 2 543.557720148751
66 0.029891239624 0.1 2 546.557371931719
88 0.030174239623 0.612891 2 546.557654844513
11 0.030115999998 0.244 2 547.557605033898
49 0.030044387418 -0.131072 2 548.557523071239
94 0.029826999999 0.731302 2 552.557305686898
67 0.029902335335 0.18 2 553.557391106995
9 0.030083347076 -0.32 2 554.557562030488
90 0.0301226753 0 2 558.557601364579
97 0.029943831903 0.244 2 562.557432404083
39 0.030082580964 -0.5 2 563.557561243482
60 0.02989683273 0.1 2 566.557375524331
21 0.029971298646 0.18 1 583.55744996807
72 0.030118448344 0.1 1 586.557597140758
93 0.029947809685 0.852193 1 592.557426487374
36 0.03005457251 0.395142 1 601.557533266919
68 0.030076999998 0.769051 1 604.557554044906
5 0.03001574262 0.1 1 605.557496794026
