6 0.03629517258 0 2 21.455323855833
5 0.036591172579 0 2 21.455619904355
38 0.036318740734 0 2 22.455347588144
46 0.036463159416 0 2 25.455492044461
57 0.03639503274 0 2 29.455532783683
15 0.036446999998 0 2 41.455487138198
61 0.036382297007 0 2 42.45541110163
85 0.036549831941 0 2 43.455578543565
63 0.036324992862 0 2 48.455353797628
45 0.036581992861 0 2 48.455610796966
95 0.03685199286 0 2 48.455880699966
25 0.036522119349 0 2 51.455550962531
39 0.036319999997 0 2 57.455348166733
62 0.036485324152 0 2 60.455520791292
71 0.036742324151 0 2 60.455777890324
69 0.036240640712 0 2 61.455273479406
49 0.036523640711 0 2 61.455556460895
8 0.036243633896 0 2 63.455278862748
15 0.036500633895 0 2 63.455535560723
79 0.036328018195 0 2 64.455360911258
26 0.03634111789 0 2 67.455374025984
60 0.036585117889 0 2 67.455618039898
95 0.036589999998 -0.1 2 70.455622612518
65 0.036512945621 0 2 72.455541368536
53 0.03628397064 0 2 73.455316849108
24 0.03632652757 0 2 78.455355373155
29 0.036457096235 0 2 79.455490055073
61 0.036561234908 0.1 1 88.455594137067
87 0.036339288003 -0.1 1 89.455373101055
27 0.036596288002 0 1 89.455630088818
96 0.036384941462 -0.1 1 90.455413743335
17 0.036654941461 0 1 90.455683813271
75 0.036429158931 0 1 91.455461968666
3 0.036309341596 0 1 92.455349728718
35 0.036271144988 0 1 97.455303859019
70 0.036485999998 0.1 1 108.455516384362
4 0.036312052694 0 1 111.455342319128
0 0.036250507837 0 1 115.455290876697
80 0.036370880264 0 1 117.455401024689
16 0.036482870216 0 1 120.455513097754
69 0.036464232632 0.28 1 121.455501061074
79 0.036274999999 0.1 1 122.4553036334
93 0.03657643756 0 1 123.455606770367
18 0.036357751693 0 1 124.45539450924
24 0.036352482224 0.1 1 126.455381282463
58 0.036467830109 0.1 1 128.455506101274
86 0.036508863147 -0.1 1 129.455537740026
13 0.03636164838 0.1 1 130.455398447593
97 0.036423558059 -0.08 1 133.455460393538
50 0.036693558058 0 1 133.455730380877
0 0.036267475657 0.18 1 137.455305479209
17 0.036485475656 0 1 137.45552356884
80 0.036347982449 0.064 1 139.455387778823
16 0.03640591843 0.18 1 142.455434479788
45 0.036357131853 0 1 144.455396361486
54 0.036332782743 0 1 147.455372130512
48 0.036501618603 0 1 151.455530493851
44 0.036447402032 0 1 153.455476264362
88 0.036400480211 -0.08 1 159.455429300431
6 0.036602423955 0.1 1 164.455714300551
51 0.036521500279 0 1 165.455550309462
57 0.036765500278 0.1 1 165.455794328984
33 0.036506081176 0 1 167.455617793275
38 0.036303058628 0 1 169.455331622349
20 0.036534058627 0 1 169.455562822788
99 0.036327528643 -0.18 1 171.455356408678
66 0.036341428162 0.18 1 174.455370281671
93 0.036398868225 -0.32 1 181.455438569242
68 0.036421877698 0.18 1 187.45546188
57 0.036691877697 0.1 1 187.455731668148
38 0.036295267712 0.1 1 191.45533402095
99 0.036352306067 -0.18 1 193.455392278229
67 0.036474268291 0.1 1 194.455513284971
30 0.03673126829 0.18 1 194.455770259237
69 0.036287999999 0.28 1 195.455316880889
64 0.03630631942 0.18 1 200.455345694144
29 0.036513141706 0.244 1 204.455541979203
62 0.036413167565 0.244 1 205.455442043245
46 0.036515150171 0 1 208.455544025971
81 0.036337588862 -0.5 1 210.455371361984
32 0.036542588861 0 1 210.455576426593
40 0.036557674355 0 1 211.455586524043
12 0.036349752925 0.18 1 214.455385489544
41 0.036414842549 0 1 215.45544372755
96 0.036394121586 -0.18 1 217.455429749502
3 0.036295770007 0 1 223.455331158538
15 0.036513770006 0 1 223.455549150485
74 0.036303011753 0.244 1 225.4553441139
73 0.036506222952 0.344 1 226.455543453103
88 0.036431660103 -0.08 1 232.455468436049
17 0.036432714672 0.18 1 237.455461600625
91 0.036242137201 -0.5 1 240.455271018117
27 0.0364991372 0 1 240.455527990534
29 0.036442289156 0.244 1 241.455476894837
28 0.036446903554 0 1 244.455478282532
56 0.036212095828 0 1 247.455240922348
75 0.036430095827 0.424 1 247.455458960183
10 0.036407252733 0 1 249.455438305365
80 0.036424164759 -0.256 1 250.455453032801
55 0.036334136464 0 1 256.45536301325
84 0.036272866356 -0.5 1 258.455303876303
31 0.036567767337 0 1 259.455596651789
40 0.036479003616 0 1 263.455508439045
32 0.036420529948 0 1 265.455449411616
9 0.036268168139 0.1 1 270.45530382642
43 0.036382050715 0 1 273.455423110654
64 0.0363826596 0.3952 1 276.4554237301
79 0.036261829067 0.244 1 277.455290875701
90 0.036284340437 -0.5 1 286.455316846279
51 0.036492929689 0 1 288.455521791938
17 0.036406682124 0.2952 1 289.455435535529
82 0.036355293042 -0.5 1 291.455384159388
14 0.036486710369 0 1 295.455515559598
8 0.036287999999 0 1 297.455316886514
50 0.036554835407 0.18 1 300.45559039342
55 0.036263089252 0 1 301.455292502285
84 0.036650089251 -0.5 1 301.455679218378
83 0.036427623393 -0.4 1 302.455463282479
52 0.03653636529 0 1 304.455565572898
58 0.036806365289 0.244 1 304.455835582423
92 0.036287445377 -0.5 1 305.455323135823
19 0.036544445376 0 1 305.455579981753
66 0.036328585451 0.244 1 306.455358350752
32 0.03657258545 0.2952 1 306.455602284681
90 0.036254956589 -0.5 1 308.455290820413
70 0.036493835247 0.344 1 309.455529468576
42 0.036393838736 0 1 310.455422413352
17 0.0363992251 0.368928 1 311.455434976119
76 0.036573226773 0.43616 1 315.455610144505
14 0.036473449747 0.18 1 317.455502038354
81 0.036394958521 -0.5 1 322.455423825563
10 0.036408858624 0.18 1 324.455438306521
82 0.036354365247 -0.5 1 327.455384154414
98 0.036308938059 -0.32 1 333.455343827577
28 0.036407999998 0 1 339.455439282834
27 0.036542957901 0.18 1 343.455575532503
35 0.03624740333 0 1 347.455276081489
74 0.036452403329 0.3952 1 347.455481065464
6 0.036204796718 0.244 1 350.455329875822
7 0.036467320882 0 1 351.455498281626
75 0.036416753708 0.4752 1 358.455448959468
98 0.03627141767 -0.32 1 361.455303579819
3 0.036289658575 0.1 1 364.455329881748
80 0.036385112539 -0.16384 1 366.455413928361
8 0.036306608737 0.1 1 369.455335478668
6 0.03638720774 0.2952 1 372.455416088024
7 0.036624098149 0 1 373.455661838939
81 0.036476803909 -0.4 1 375.455505585367
58 0.036694803908 0.395142 1 375.455723677968
84 0.03627327761 -0.5 1 376.455311174784
94 0.036517277609 -0.5 1 376.455555150222
21 0.03637147651 0.18 1 379.455405979149
90 0.036244961654 -0.5 1 382.455279374592
52 0.036475961653 0.244 1 382.455510371944
36 0.036241882384 0.1 1 385.455276168601
23 0.036498882383 0 1 385.455533175122
54 0.036363856937 0 1 394.455398243794
59 0.036419857627 0 1 396.455448710893
60 0.03643046239 0.43616 1 397.455464970077
22 0.036352244538 0.244 1 403.455390275135
75 0.036446059148 0.51616 1 405.455474886824
1 0.036450695365 0.1 1 411.455479572623
67 0.036491085464 0.495142 1 415.455529183217
3 0.036312594559 0.368928 1 421.45534689211
77 0.036543594558 0.468928 1 421.455578181277
13 0.036447589243 0.2952 1 423.455476441315
75 0.03639885381 0.548928 1 427.455435853396
78 0.036261999999 0.468928 1 429.455290868367
32 0.036399272595 0.2952 1 430.455436369114
67 0.036505013144 0.495142 1 437.455541946085
84 0.036300999999 -0.5 1 448.455329860552
47 0.036265510891 0.244 1 453.455294384317
89 0.03636681317 -0.5 1 454.455395649378
34 0.036649813169 0.1 1 454.455678619631
1 0.036406071941 0.244 1 459.455434850607
97 0.03659807194 -0.4 1 459.455626863028
40 0.036855071939 0 1 459.455883931755
96 0.036439772459 -0.4 1 470.45546854678
17 0.036416856139 0.368928 1 473.455445623306
68 0.036673856138 0.368928 1 473.455702497266
35 0.03631523672 0.1 1 474.45534411323
14 0.0364866992 0.368928 2 480.45551553726
34 0.036352100561 0.18 2 481.455389181761
1 0.03655710056 0.2952 2 481.455594113519
77 0.036814100559 0.711314 2 481.455851020295
51 0.036466900093 0 2 483.455495732746
92 0.036303999998 -0.4 2 489.455338944989
72 0.036549532834 0.468928 1 494.455578309219
7 0.036463417018 0 1 495.455498056316
73 0.03646969321 0.660114 1 504.455504450425
94 0.036268930835 -0.5 1 510.455303816721
24 0.036385367227 0.18 1 513.455420458127
46 0.036515096482 0.1 1 525.455543918593
55 0.036240288101 0.1 1 532.455269000708
2 0.036420268959 0.18 1 533.455458319262
86 0.036456764219 -0.5 1 534.45548554217
52 0.036371226946 0.2952 1 538.455409450715
97 0.036459006491 -0.4 1 540.455487888274
7 0.036683669147 0.1 1 543.455712279518
66 0.036324208503 0.828034 1 547.455352635211
11 0.036581208502 0.1 1 547.455609810553
88 0.036838208501 -0.08 1 547.455866549991
49 0.036439698188 0 1 549.455468524194
94 0.03632616758 -0.5 1 552.455355041501
67 0.036474208757 0.516114 1 553.455503126567
9 0.036222999999 0.18 1 555.455251825262
90 0.036320784526 -0.5 1 558.455349660865
97 0.036516143279 -0.4 1 562.45555250324
39 0.036300388676 0 1 563.455338124632
60 0.036462105277 0.801819 1 567.455490938639
21 0.036390231232 0.33616 1 583.455419087699
72 0.036562635939 0.731302 1 586.455591515429
93 0.036475302782 -0.32 1 592.455504167506
36 0.036248999999 0.446313 2 601.455277881463
68 0.036422815604 0.432891 2 604.455451676951
