38 0.029094185418 0 2 21.554959596062
46 0.028810121226 0 2 25.554675524187
6 0.029080121225 0 2 25.554945195802
57 0.029086858617 0 2 29.554952148819
61 0.028933724297 0 2 41.554794114136
15 0.029190724296 0 2 41.55505112829
85 0.029024460494 0 2 43.55488969027
45 0.029045643693 0 2 46.554911055564
63 0.029095066963 0 2 47.554962520839
95 0.02888261904 0 2 48.55474330325
25 0.029042329656 0 2 50.554909485033
62 0.0288687746 0.1 2 54.554729361836
39 0.029086774599 0 2 54.554947367717
71 0.028921430325 0 2 57.554781854566
49 0.028941953033 0.1 2 59.554809301286
69 0.028903605911 0 2 60.554763856004
8 0.028868473546 0 2 63.554728857753
15 0.029151473545 0 2 63.555011560674
79 0.028897457803 0 2 64.554762840342
95 0.029002280053 0 2 70.554867955525
60 0.029207280052 -0.1 2 70.555073126496
26 0.029477280051 0 2 70.555343112917
65 0.029075818125 0 2 71.55494119001
53 0.028983552122 0 2 73.554846763519
24 0.029054307876 0 2 77.554918316455
29 0.029029693775 0 1 79.554892895695
49 0.02887888972 0.1 1 81.55474428329
27 0.028890483485 0.1 1 86.554759913672
87 0.029121483484 0 1 86.554990928147
96 0.029223278467 0 1 90.555088060173
75 0.029211389562 0 1 91.555076776105
17 0.029157351817 0 1 92.55502465773
61 0.028899357213 -0.1 1 94.554764510118
3 0.029143357212 0 1 94.555008633253
35 0.029063535747 0 1 97.554928912703
69 0.028851999999 0 1 100.554717371393
70 0.028918272463 0.1 1 107.554785871708
4 0.028936591541 0 1 111.554804602304
0 0.028851999999 0.1 1 115.55471739466
80 0.02912649324 0 1 117.554994805851
16 0.029013190823 0 1 120.554874273962
79 0.029020390053 0.36 1 122.554888241729
24 0.029286953138 0.2952 1 124.55515236165
93 0.028919873674 0 1 127.55478506099
18 0.029176873673 0 1 127.555042064386
58 0.029133723911 -0.1 1 128.555002888717
86 0.029100501439 0 1 129.554965896225
13 0.029073449173 0 1 130.554938822402
50 0.028878417092 -0.18 1 136.55474764586
97 0.029122417091 0 1 136.554991659586
0 0.028856989167 0.18 1 137.55472704433
17 0.029061989166 0 1 137.554932124972
80 0.02913839167 0.18 1 139.555007577907
16 0.028965651189 0 1 142.554834670608
45 0.028996459671 0.2 1 143.55485900379
54 0.02907994152 0.064 1 146.554942501175
48 0.029050076377 0.1 1 151.554915469558
44 0.028977982516 0.1 1 153.554848916061
88 0.028865511132 0 1 158.554730894166
38 0.028902392604 0 1 161.554767800141
6 0.028967275428 0 1 162.554832189046
51 0.028873403429 -0.1 1 164.554738775302
20 0.029075982206 0 1 167.554944026006
33 0.029332982205 0 1 167.55520091289
57 0.029563982204 -0.1 1 167.555431911351
99 0.028889535807 0 1 171.554760038801
66 0.028919563466 -0.18 1 174.55479002776
93 0.028904172621 0.1 1 181.554774492205
38 0.028954081221 0 1 183.554819177375
68 0.029165383922 -0.18 1 187.555036137644
20 0.028900252104 0 1 189.554770145674
57 0.029105252103 -0.1 1 189.554975100274
30 0.028932999998 0 1 192.554795121417
67 0.029189999997 -0.5 1 192.555052147865
99 0.028894353669 0.1 1 193.554759464471
69 0.028875841436 0 1 195.55473790241
64 0.029168266037 -0.18 1 199.555033676389
29 0.029045189255 0 1 203.554905909877
62 0.028902591682 0 1 205.554767985326
46 0.028865016147 0.1 1 208.55473040989
81 0.029036363574 0 1 209.5549026805
32 0.029019979974 0 1 210.554889251725
40 0.029117752392 0.18 1 211.554983120002
12 0.029026313766 0.244 1 213.554893496724
41 0.02886960897 0.18 1 215.554730402911
96 0.028960726332 0 1 217.554826119948
74 0.028863752603 0.344 1 223.554729161645
15 0.029190332574 0.1 1 226.555048791717
3 0.028997942638 0.1 1 229.554856152058
73 0.029215942637 0.18 1 229.555074251168
88 0.028950560249 0 1 232.55480893997
17 0.028978978692 0 1 237.554844156731
27 0.028914664213 0.18 1 240.554773634655
91 0.029197664212 0.1 1 240.555056662213
29 0.029047420529 0.244 1 241.554905735583
28 0.028920522284 0 1 244.554786196515
56 0.029177705714 -0.4 1 246.555042518032
75 0.029027592893 0.344 1 247.554893252252
10 0.02900320132 0.1 1 248.554872438007
80 0.029115865373 0.18 1 250.554981813959
55 0.02911662803 -0.4 1 256.554982553615
84 0.029121731377 0 1 258.554980564313
31 0.029061706538 0 1 259.554927643565
40 0.029169205128 0.5904 1 262.55503512467
32 0.028945220021 0.2952 1 265.554811236701
9 0.029131491892 0 1 269.555001990369
43 0.029118440403 0.2952 1 272.554977399685
64 0.029179391478 -0.5 1 276.555046621727
79 0.028893659462 0.424 1 277.554762862524
90 0.029168653026 0 1 285.555035922541
51 0.028885000713 -0.4 1 288.554752243803
17 0.029046820262 0.1 1 289.554909091719
82 0.029015727411 0 1 291.554882959087
14 0.029016633998 0 1 295.554882001168
8 0.028909119718 0 1 297.554770608089
50 0.028890927672 -0.5 1 299.554757574672
19 0.029082927671 0 1 299.554949587516
83 0.029096504953 0 1 300.554958008737
84 0.029134352313 0.18 1 301.555003576546
55 0.029365352312 -0.4 1 301.555234868343
58 0.029326293026 -0.5 1 303.555191493133
52 0.028970153048 -0.256 1 305.554835234049
92 0.0291949673 0.1 1 306.555060140108
90 0.029209768575 0 1 307.555073238721
70 0.028839409207 0.244 1 309.554704872865
66 0.029083409206 -0.5 1 309.554948735547
32 0.029301409205 0.368928 1 309.55516667047
42 0.028927215739 0.43616 1 310.554790663481
17 0.029044130875 0.18 1 311.554908541275
76 0.02909613282 0.33616 1 314.554960599914
14 0.029017069625 0.1 1 317.554881488948
19 0.028969971573 0 1 321.554835141513
81 0.029024290581 0 1 322.55488967553
10 0.028967981531 0.1 1 324.554833348681
82 0.029017572279 0.2952 1 327.554882954045
98 0.02907754954 0.244 1 333.554942931363
28 0.028933817758 0 1 339.554799196813
27 0.028967314322 0.244 1 341.554837084825
74 0.028863753147 0.3952 1 342.554730383894
35 0.02907589035 0.244 1 343.554941902411
6 0.028888569788 0.244 1 350.55475421134
7 0.029038395906 0 1 351.554897225099
75 0.029014098744 0.3952 1 358.554880251648
98 0.029077273058 0.33616 1 361.554942378399
74 0.02887681257 0.468928 1 364.554742169751
3 0.029107812569 0.1 1 364.554973212236
80 0.029094653369 0.33616 1 366.554955709541
8 0.028856400108 0.2952 1 369.554717387867
6 0.028900551554 0.244 1 372.554767238288
7 0.029479721341 0 1 375.555338975244
21 0.029214472001 0 1 377.555077813416
94 0.029497472 0.2952 1 377.555360598947
81 0.029780471999 0.1 1 377.555643614195
84 0.029119281156 0.18 1 379.554977468281
58 0.029389281155 -0.4 1 379.555247543243
52 0.028926723116 -0.2048 1 381.554786099098
90 0.029123829946 0 1 382.554983841697
36 0.028943826088 0 1 385.554809206987
23 0.029174826087 0.1 1 385.55504021346
54 0.029061198616 -0.104858 1 394.554929524749
59 0.029037120484 -0.32 1 396.554898881073
60 0.0289877205 -0.32 1 397.554848439429
22 0.028838080276 0 1 403.554704396534
75 0.029075999998 0.468928 1 404.554945269366
1 0.028856040644 0 1 411.554717395216
67 0.029020837049 -0.5 1 415.554886233378
3 0.028952194352 0.18 1 421.554817312764
77 0.029235194351 0.548928 1 421.555100593678
13 0.029069641728 0.18 1 423.554938815938
75 0.029010621681 0.495142 1 426.554880074524
78 0.028955173543 0.468928 1 429.554817094019
32 0.028971815897 0.368928 1 430.554837194287
67 0.029107501526 -0.5 1 437.554977014032
84 0.029102154326 0.2952 1 448.554967532799
89 0.029102971472 0 1 453.554968312677
34 0.028908556343 0 1 456.554773683249
47 0.029152556342 0.368928 1 456.555017704445
1 0.028891190994 0 1 458.55475071864
97 0.029148190993 0 1 458.555007730817
40 0.029143841751 0.785042 1 459.555009140348
68 0.029262085358 -0.5 1 471.555127328778
96 0.028983951493 0.18 1 474.554849073525
17 0.028963004923 0.18 1 477.554828125166
35 0.029168004922 0.2952 1 477.555033264758
14 0.028994302543 0.1 1 479.55485606866
1 0.028986083092 0 2 481.554851379792
34 0.029178083091 0.18 2 481.555043448129
77 0.02942208309 0.639142 2 481.555287286461
51 0.028880366475 -0.4 2 482.554739275035
92 0.029120466768 0.244 2 488.554986104642
72 0.028940824201 0.575142 2 493.554806163428
7 0.0291848242 0 2 493.555050177386
73 0.028991204366 0.516114 1 504.554856573919
94 0.029005553065 0.2952 1 509.5548683307
24 0.029065905353 0.2952 1 513.554931311353
46 0.028891007347 0.711314 1 524.55475639229
55 0.029140999998 -0.4 1 528.555008583937
2 0.029067893488 0.1 1 529.554926552812
86 0.02917849264 0 1 532.555043878627
52 0.028985113047 -0.2048 1 538.554851087808
97 0.028914230437 0.1 1 540.554781458059
88 0.028849100577 0.416114 1 541.554715045769
7 0.029119100576 0 1 541.554984824832
66 0.028935790575 -0.5 1 543.554803078864
11 0.02912575769 0 1 547.554991492326
49 0.028874421818 0.690342 1 548.55474427377
94 0.029071108909 0.2952 1 552.554933354804
67 0.029088760822 -0.5 1 553.55495117671
9 0.029054229286 0.2952 1 554.554923988429
90 0.029186908912 0.1 1 558.555048892571
97 0.028913440825 0.2952 1 562.554781090733
39 0.029054315084 0 1 563.554924340982
60 0.028983102003 -0.32 1 566.554848498593
21 0.028854108643 0.244 1 583.554717374412
72 0.028989208059 0.828034 1 586.554847807824
93 0.028883692609 0.1 1 592.554749075287
36 0.029031979084 0.33616 2 601.554897378482
68 0.029157752698 -0.5 2 604.555023132016
5 0.028951050473 0 2 605.55481632538
