38 0.029094185418 0 2 21.554959596062
46 0.028810121226 0 2 25.554675524187
6 0.029080121225 0 2 25.554945195802
57 0.029086858617 0 2 29.554952148819
61 0.028933724297 0 2 41.554794114136
15 0.029190724296 0 2 41.55505112829
85 0.029024460494 0 2 43.55488969027
45 0.029045643693 0 2 46.554911055564
63 0.029095066963 0 2 47.554962520839
95 0.02888261904 0 2 48.55474330325
25 0.029042329656 0 2 50.554909485033
62 0.0288687746 0.18 2 54.554729361836
39 0.029086774599 0 2 54.554947367717
71 0.028921430325 0 2 57.554781854566
49 0.028941953033 0.1 2 59.554809301286
69 0.028903605911 0 2 60.554763856004
8 0.028868473546 0 2 63.554728857753
15 0.029151473545 0 2 63.555011560674
79 0.028897457803 0 2 64.554762840342
95 0.029002280053 0 2 70.554867955525
60 0.029207280052 0.1 2 70.555073126496
26 0.029477280051 0 2 70.555343112917
65 0.029075818125 0 2 71.55494119001
53 0.028983552122 0 2 73.554846763519
24 0.029054307876 0 2 77.554918316455
29 0.029016693775 0 2 79.554879895695
49 0.02894388972 0.2 2 81.55480928329
87 0.029192114257 0 2 88.555057368116
96 0.029138850169 0 2 89.55499890041
17 0.029190230625 0 2 90.555055620361
27 0.029055087767 0.18 2 92.55492218322
61 0.029338087766 0.1 2 92.555205296726
3 0.029017067851 0.1 2 94.554882343892
75 0.02930006785 0 2 94.555165321189
35 0.029076535747 0 2 97.554941912703
69 0.028864999999 0.28 2 100.554730371393
70 0.028894033617 0.28 2 107.554759871708
4 0.028884591541 0 1 111.554752602304
0 0.028864999999 0 1 115.55473039466
80 0.02912649324 0 1 117.554994805851
16 0.029000190823 0 1 120.554861273962
18 0.029293390053 0 1 122.555161500382
79 0.028857907865 0.28 1 124.55472299426
93 0.028905664479 0 1 125.554775137313
24 0.029136664478 0.432891 1 125.555006225786
58 0.029159723911 0.1 1 128.555028888717
86 0.029087501439 0 1 129.554952896225
13 0.029021449173 0 1 130.554886822402
50 0.028917417092 0.36 1 136.55478664586
97 0.029200417091 0 1 136.555069659586
0 0.028856989167 0 1 137.55472704433
17 0.029139989166 0 1 137.555010124972
80 0.02909939167 0.244 1 139.554968577907
16 0.028991651189 0.18 1 142.554860670608
45 0.029022459671 0.1 1 143.55488500379
54 0.02902794152 0.424 1 146.554890501175
48 0.029063076377 0.1 1 151.554928469558
44 0.029016982516 -0.1 1 153.554887916061
88 0.028851999999 0 1 158.554717383033
38 0.028915392604 0.1 1 161.554780800141
6 0.028915275428 0 1 162.554780189046
51 0.028904960197 0.1 1 164.55477033207
57 0.029146542346 0.1 1 167.555014471493
20 0.028858285111 0 1 168.554725551684
33 0.02914128511 0 1 168.555008439816
99 0.028863535807 0.1 1 171.554734038801
66 0.028932563466 0.18 1 174.55480302776
93 0.028878172621 0.244 1 181.554748492205
38 0.028967081221 0.1 1 183.554832177375
68 0.029165383922 0.18 1 187.555036137644
57 0.029069252104 0.344 1 189.554939100275
20 0.028880999998 0.18 1 190.55475185967
30 0.028917983446 0.1 1 191.554782211139
67 0.029187983445 0.244 1 191.555052237813
99 0.028838999999 0.244 1 193.554704110801
69 0.028829337841 0.424 1 195.554691398815
64 0.029090266037 0.18 1 199.554955676389
29 0.029019189255 0 1 203.554879909877
62 0.028838999999 0.36 1 205.554704393643
46 0.028825999999 0.18 1 208.554691393742
81 0.028958363574 0 1 209.5548246805
32 0.028973608352 0 1 210.554837251725
40 0.029117752392 -0.08 1 211.554983120002
12 0.029094945391 0.18 1 213.554958496724
41 0.028881040283 -0.5 1 215.554741834224
96 0.028999726332 0 1 217.554865119948
74 0.028876752603 0.244 1 223.554742161645
3 0.029094752602 0.18 1 223.554960148638
15 0.029351752601 0 1 223.555217140537
73 0.029049999998 0.18 1 226.554908576555
88 0.028885560249 0 1 232.55474393997
17 0.029017978692 0.2952 1 237.554883156731
27 0.028992584759 0.18 1 240.554851634655
91 0.029223584758 0.1 1 240.555082662213
29 0.029008420529 0.244 1 241.554866735583
28 0.028933522284 0 1 244.554799196515
56 0.029099128402 0.424 1 246.554964518032
75 0.029014592893 0.5392 1 247.554880252252
10 0.02893820132 0.18 1 248.554807438007
80 0.029128865373 0.244 1 250.554994813959
55 0.02914262803 0.690342 1 256.555008553615
84 0.029095092163 0 1 258.554954564313
31 0.029022706538 0 1 259.554888643565
40 0.029143205128 -0.4 1 262.55500912467
32 0.028971220021 0.2952 1 265.554837236701
9 0.029066491892 0 1 269.554936990369
43 0.029053440403 -0.5 1 272.554912399685
64 0.029088391478 0.741513 1 276.554955621727
79 0.028893659462 0.424 1 277.554762862524
90 0.029103653026 0 1 285.554970922541
51 0.028863137086 0.2952 1 288.554730380176
17 0.029007820262 0.395142 1 289.554870091719
82 0.028937727411 0 1 291.554804959087
14 0.029029633998 0 1 295.554895001168
8 0.028922119718 0.18 1 297.554783608089
50 0.028877927672 0.731302 1 299.554744574672
19 0.029108927671 0 1 299.554975587516
83 0.029109504953 0 2 300.554971008737
84 0.029082352313 0 2 301.554951576546
55 0.029326352312 0.752274 2 301.555195868343
52 0.028983441801 0.43616 2 302.554846899805
58 0.0292664418 0.4752 2 302.555129908926
92 0.029036005092 0.1 2 303.554895115022
32 0.028997999998 0.368928 2 305.554863200131
66 0.02895075875 0.43616 2 306.5548160893
90 0.029120239403 0 2 307.554983709549
70 0.02889440213 0.5392 2 309.554759865788
42 0.028927215739 -0.5 2 310.554790663481
17 0.028979130875 0.45705 2 311.554843541275
76 0.02909613282 0.43616 2 314.554960599914
14 0.029030069625 0.244 2 317.554894488948
19 0.029021971573 0.1 2 321.554887141513
81 0.028959290581 0 2 322.55482467553
10 0.028954981531 0.395142 2 324.554820348681
82 0.029017572279 0.33616 2 327.554882954045
98 0.02899954954 0.2952 2 333.554864931363
28 0.028851999999 0.1 2 339.554717379054
27 0.028980314322 0.244 2 341.554850084825
74 0.028863753147 0.3952 2 342.554730383894
35 0.02906289035 0.244 2 343.554928902411
6 0.028927569788 0.33616 2 350.55479321134
7 0.029038395906 0.1 2 351.554897225099
75 0.029066098744 0.705088 2 358.554932251648
98 0.029012273058 0.2952 2 361.554877378399
3 0.029016653369 0.2952 2 366.554877685274
80 0.029260653368 0.446313 2 366.55512170954
8 0.028856400108 0.244 2 369.554717387867
6 0.028939551554 0.395142 2 372.554806238288
84 0.029151309211 0 2 374.555014354334
7 0.02934330921 0.1 2 374.55520611368
58 0.029222249623 0.51616 2 375.555081784361
21 0.029028255812 0 2 377.554891597227
94 0.029259255811 0.244 2 377.555122382758
81 0.02947725581 0 2 377.555340398006
52 0.028952723116 0.43616 2 381.554812099098
90 0.029162829946 0 2 382.555022841697
36 0.028990197038 0.18 2 389.554855401414
23 0.029273197037 0 2 389.5551384057
54 0.029061198616 0.67232 2 394.554929524749
59 0.029102120484 0.368928 2 396.554963881073
60 0.0290137205 0.33616 2 397.554874439429
22 0.028838080276 0.18 2 403.554704396534
75 0.028997999998 0.76407 2 404.554867269366
1 0.02887907748 0.244 2 411.554740432052
67 0.029098837049 0.612928 2 415.554964233378
3 0.029017194352 0.368928 2 421.554882312764
77 0.029274194351 0.548928 2 421.555139593678
13 0.029069641728 0.33616 2 423.554938815938
75 0.029075621681 0.828034 2 426.554945074524
78 0.028955173543 0.58016 2 429.554817094019
32 0.028945815897 0.432891 2 430.554811194287
67 0.029107501526 0.639142 2 437.554977014032
84 0.029154154326 0.2952 2 448.555019532799
89 0.029103709053 0 2 453.554969050258
47 0.028896987914 0.575142 2 456.554762136017
34 0.029153987913 0.18 2 456.555019114819
1 0.028904190994 0.33616 2 458.55476371864
97 0.029161190993 0 2 458.555020730817
40 0.029104841751 -0.4 2 459.554970140348
96 0.028962749683 0.18 1 468.554828132007
68 0.029167749682 0.368928 1 468.555033125985
17 0.02897872334 0.46564 1 471.554844097713
35 0.029037553206 0.368928 1 474.554902947621
14 0.029046302543 0.2952 1 479.55490806866
1 0.028911076811 0.33616 1 481.554776373511
77 0.029116677148 0.752274 1 482.554981478401
51 0.028838999999 0.731302 1 483.554704350577
92 0.029068466768 0.18 1 488.554934104642
72 0.028940869101 0.690342 1 492.554806253524
7 0.0291458691 0.18 1 492.555011267186
73 0.029030204366 0.660114 1 504.554895573919
94 0.029070553065 0.244 1 509.5549333307
24 0.029130905353 0.446313 1 513.554996311353
46 0.028865007347 0.711314 1 524.55473039229
55 0.029088999998 0.849005 1 528.554956583937
2 0.029087165649 0.1 1 529.554952552812
86 0.02910049264 0 1 532.554965878627
52 0.028959113047 0.516114 1 538.554825087808
97 0.028953230437 0.18 2 540.554820458059
88 0.028914100577 0.416114 2 541.554780045769
7 0.029197100576 0.33616 2 541.555062824832
66 0.028974790575 0.495142 2 543.554842078864
11 0.02911275769 0.244 2 547.554978492326
49 0.028952421818 0.690342 2 548.55482227377
94 0.029071108909 0.244 2 552.554933354804
67 0.029036760822 0.660114 1 553.55489917671
9 0.029119229286 0.2952 1 554.554988988429
90 0.029108908912 0.368928 1 558.554970892571
97 0.028887440825 0.2952 1 562.554755090733
39 0.029119315084 0.244 1 563.554989340982
60 0.029061102003 0.516114 1 566.554926498593
21 0.028854108643 0.1 1 583.554717374412
72 0.028976208059 0.873164 1 586.554834807824
93 0.028896692609 0.2952 1 592.554762075287
36 0.028940979084 0.432891 1 601.554806378482
68 0.029118752698 0.596114 1 604.554984132016
5 0.028886050473 0.1 1 605.55475132538
