38 0.029094185418 0 2 21.554959596062
46 0.028810121226 0 2 25.554675524187
6 0.029080121225 0 2 25.554945195802
57 0.029086858617 0 2 29.554952148819
61 0.028907724297 0 2 41.554768114136
15 0.029099724296 0 2 41.55496012829
85 0.028895938263 0 2 43.554761168039
45 0.029084643693 0 2 46.554950055564
63 0.029107785328 0 2 47.554975520839
95 0.029148624342 0 2 48.555009308552
25 0.029042021952 0 2 50.554909485033
62 0.0289077746 0 2 54.554768361836
39 0.029151774599 0 2 54.555012367717
71 0.028973430325 0 2 57.554833854566
49 0.028902953033 0 2 59.554770301286
69 0.028877605911 0 2 60.554737856004
8 0.028894473546 0 2 63.554754857753
15 0.029086473545 0 2 63.554946560674
79 0.028851999999 0 2 64.554717382538
60 0.029008995551 0 2 69.554876936435
26 0.02920099555 0 2 69.555068922682
95 0.02913037481 -0.1 2 70.554996050282
65 0.029140818125 0 2 71.55500619001
53 0.028905552122 0 2 73.554768763519
24 0.029143907904 0 1 77.555009316455
29 0.02898845724 0 1 80.554853805455
49 0.02890488972 0 1 81.55477028329
27 0.02898661621 0 1 85.554850051959
87 0.029088999998 -0.1 1 86.554954515028
17 0.029151141375 0 1 90.55502090964
75 0.029133389562 0 1 91.554998776105
61 0.029072555434 0.1 1 92.554942800615
96 0.028865315097 -0.1 1 93.554728920944
3 0.029083315096 0 1 93.554947053404
35 0.029050535747 0 1 97.554915912703
69 0.028873234924 0.2 1 101.554737758066
70 0.028864139081 -0.1 1 107.554733871708
4 0.028881590459 0 1 111.554739602304
0 0.028875609801 0 1 116.554741354457
80 0.02912649324 0 1 117.554994805851
16 0.028983147581 0 1 120.554848273962
79 0.028897267719 -0.1 1 121.554762460174
3 0.029189182338 0 1 122.555048014668
18 0.029003455568 0 1 124.554868776446
93 0.029008484475 0 1 126.554879175095
24 0.029252484474 0 1 126.555123262706
58 0.029142083557 0 1 128.555002888717
86 0.028934827383 -0.1 1 129.554805558971
13 0.029052234463 0 1 131.5549127342
50 0.02891405809 0 1 132.554784735225
97 0.029119058089 0 1 132.554989747703
17 0.029031849482 0 1 137.554896124973
0 0.028870463165 0.1 1 138.554741359609
80 0.029162811501 -0.08 1 140.555033667121
16 0.028952651189 0 1 142.554821670608
45 0.02908022902 0 1 143.55495000379
54 0.029046486913 0 1 146.554916501175
48 0.029091628949 0 1 152.554954379048
44 0.028977982516 0 1 153.554848916061
88 0.029068672887 -0.18 1 158.554934055921
38 0.028902392604 0 1 161.554767800141
6 0.028954275428 0 1 162.554819189046
51 0.028886403429 0 1 164.554751775302
20 0.029084214184 0 1 167.554949586146
57 0.029315214183 0.1 1 167.555180471492
33 0.029520214182 0 1 167.555385473029
99 0.028865412271 -0.18 1 171.554730397966
66 0.028925289093 0.18 1 174.55479002776
93 0.028848007647 -0.32 1 181.554855411688
38 0.028924655321 0 1 183.554793177375
68 0.028963204219 0.18 1 187.554971137644
20 0.028874252104 0.18 1 189.554744145674
57 0.029157252103 0.1 1 189.555027100274
30 0.028956983446 0 1 191.554821211139
67 0.029174983445 0.18 1 191.555039237813
99 0.028750999998 -0.18 1 193.554751905613
69 0.028855337841 0.28 1 195.554717398815
64 0.028915220836 0.18 1 199.554955676389
29 0.029032189255 0.1 1 203.554892909877
62 0.02886403658 0.18 1 206.554730348751
46 0.028910470625 0.1 1 209.554771412269
81 0.029141470624 -0.1 1 209.555002450882
32 0.028980979974 0.1 1 210.554850251725
40 0.029135524182 0 1 212.55499602989
12 0.029063187008 0 1 213.554932496724
41 0.028873824641 0.1 1 215.554741834224
96 0.028849497245 -0.18 1 218.55471734848
74 0.028921582946 -0.5 1 224.55478107151
3 0.028986603858 0 1 225.554845969007
15 0.029256603857 0 1 225.555115960404
73 0.028952625606 -0.4 1 227.554817486489
88 0.029055969892 -0.18 1 233.554921011265
17 0.029004978692 0 1 237.554870156731
29 0.029151383247 0.2952 1 242.55501412889
27 0.029148486163 0.1 1 244.555013977269
56 0.02920136917 0 1 246.555066181488
28 0.028852686836 0.1 1 247.554718209824
91 0.029096686835 -0.5 1 247.554962106302
10 0.028966989444 0 1 248.554830439557
75 0.029210989443 -0.5 1 248.555074364907
80 0.029154865373 -0.4 1 250.555020813959
55 0.029163914769 0.1 1 257.555034463781
84 0.028978001916 -0.5 1 258.5548454655
31 0.029022706538 0 1 259.554888643565
40 0.029130205128 0 1 262.55499612467
32 0.028984220021 0.1 1 265.554850236701
9 0.029131491892 0 1 269.555001990369
43 0.029079440403 0 1 272.554938399685
64 0.029088391478 0.2952 1 276.554955621727
79 0.028861190567 -0.1 1 277.554730393629
90 0.028946159299 -0.5 1 285.554813428814
51 0.028850137086 0 1 288.554717380176
17 0.029033820262 0 1 289.554896091719
82 0.029036707328 -0.5 1 291.554903939004
14 0.029081633998 0 1 295.554947001168
8 0.028877226429 0 1 297.554744608089
84 0.029345497496 -0.4 1 301.555212445517
19 0.02940638207 0 1 302.555265109045
58 0.029358496414 0 1 303.555223857401
50 0.0291673792 0 1 304.555030837598
83 0.029398379199 -0.18 1 304.555261885585
32 0.029027562538 0.2952 1 305.554892629046
92 0.029284562537 -0.5 1 305.555149536531
52 0.029502562536 0 1 305.555367509912
66 0.028937687096 0.244 1 306.5548030893
90 0.028910745676 -0.5 1 307.554774215822
70 0.028838999999 -0.1 1 309.554704405696
42 0.028927215739 0 1 310.554790663481
17 0.028998106697 0 1 311.554856541275
76 0.029127670531 -0.32 1 314.554986599914
14 0.02899770197 0 1 317.554855488948
81 0.029062060964 -0.5 1 322.554927445913
10 0.028967981531 0 1 324.554833348681
82 0.029012552196 -0.5 1 327.554877933962
98 0.028902511962 -0.32 1 333.554767893785
28 0.028934032009 0.1 1 339.554799196813
27 0.028926928348 0.1 1 341.554785084825
74 0.028932999998 -0.5 1 342.554799630745
35 0.02904989035 0 1 343.554915902411
6 0.028920440959 0.244 1 350.55478021134
7 0.029025395906 0 1 351.554884225099
75 0.029040098744 -0.5 1 358.554906251648
98 0.028838999999 -0.32 1 361.55470410534
74 0.02885081257 -0.5 1 364.554716169751
3 0.029081812569 0.1 1 364.554947212236
80 0.029133653369 -0.4 1 366.554994709541
8 0.028856400108 0.1 1 369.554717387867
6 0.028932279367 0.244 1 372.554793238288
81 0.029158522727 -0.5 1 373.555023912274
7 0.029428522726 0 1 373.555293633854
84 0.028908912382 -0.4 1 374.554779614042
94 0.029152912381 -0.5 1 374.555023588855
58 0.029115944095 0.1 1 375.554976880987
21 0.028926536693 0 1 377.554797300106
52 0.028964143338 0 1 381.554825099098
90 0.028952426563 -0.5 1 383.554813257924
36 0.028955440597 0.1 1 389.554816401414
23 0.029212440596 0.1 1 389.5550734057
54 0.029081768083 0 1 395.554942435085
59 0.029037120484 0 1 396.554898881073
60 0.029039814768 0.33616 1 398.554900349421
22 0.028886825179 0.1 1 404.554750229855
75 0.029078825178 -0.5 1 404.554942269365
1 0.02887907748 0 1 411.554740432052
67 0.029033837049 0.495142 1 415.554899233378
3 0.028939194352 0.1 1 421.554804312764
77 0.029196194351 -0.4 1 421.555061593678
13 0.029043641728 0 1 423.554912815938
75 0.029075621681 -0.5 1 426.554945074524
78 0.028981173543 -0.32 1 429.554843094019
32 0.028932815897 0.2952 1 430.554798194287
67 0.029068501526 0.495142 1 437.554938014032
84 0.028889055513 -0.4 1 448.554754433986
89 0.02910365116 -0.4 1 453.554969050258
47 0.028896879325 0 1 456.554762136017
34 0.029127879324 0.1 1 456.554993114819
1 0.028867373973 0.18 1 457.554732760645
97 0.029072373972 -0.2048 1 457.554937772655
40 0.029156762565 0 1 459.555022140348
96 0.02889302503 -0.18 1 468.554763132007
68 0.029137025029 0.368928 1 468.555007125985
17 0.028974416682 0 1 471.554844097713
35 0.0290593725 0 1 474.554928947621
14 0.029028458173 0 1 479.55489506866
1 0.028859076811 0.18 1 481.554724373511
34 0.029321514127 0.244 1 481.555186879165
77 0.029539514126 -0.4 1 481.555404717497
51 0.028845445613 0.1 1 482.554704395792
92 0.029094688647 -0.5 1 488.554960326521
72 0.028953824201 -0.4 1 493.554819163428
7 0.0291718242 0 1 493.555037177386
73 0.028952204366 -0.4 1 504.554817573919
94 0.029072917703 -0.5 1 509.554935695338
24 0.029143905353 0 1 513.555009311353
46 0.028825999999 0.2952 1 524.554691384942
55 0.029153999998 0.18 1 528.555021583937
2 0.029048120533 0 1 530.55491346258
86 0.028893999998 -0.18 1 533.554753451027
52 0.028965734012 0 1 539.554824997184
97 0.029021547078 -0.2048 2 540.5548887747
7 0.029005100577 0 2 541.554870824833
88 0.02903578287 -0.18 2 542.554894994965
66 0.028935790575 0.368928 2 543.554803078864
49 0.028893570043 0 2 548.554757440626
11 0.029176570042 0.1 2 548.555040401959
94 0.029086473547 -0.5 1 552.554948719442
67 0.029095645838 0.532891 1 556.554963908628
9 0.029067049765 0 1 557.554936719303
90 0.028925415185 -0.5 1 558.554787398844
97 0.029014860013 -0.2048 1 562.554875407374
39 0.029093315084 0.368928 1 563.554963340982
60 0.029009102003 0.752274 1 566.554874498593
21 0.028931808552 0.2952 1 584.55479713791
72 0.028958999998 -0.4 1 587.554821717334
93 0.029019421965 -0.32 1 593.554881905196
36 0.029021736816 0.244 1 602.554884288592
5 0.028944432293 0.1 1 605.554815097192
68 0.029175432292 0.432891 1 605.555046042547
