6 0.0458505456 0 2 21.459458533802
5 0.046042545599 0 2 21.459650582324
38 0.045950040846 0 2 22.459558193205
46 0.045919327092 0 2 25.459527517086
57 0.045945272054 0 2 29.459553349159
15 0.046187100704 0 2 43.459790367032
85 0.045844242517 0 2 44.459452216615
61 0.046062242516 0 2 44.45967026306
63 0.045795199372 0 2 47.459403354231
45 0.046078199371 0 2 47.459686353173
95 0.045967787808 0 2 48.459578725521
25 0.045862055929 0 2 50.459470249085
39 0.045987928327 0 2 57.459598886517
49 0.045992043302 0 2 59.459599163302
62 0.045989715201 0 2 60.459600579809
71 0.046027115197 0 2 63.459637953161
79 0.045914962121 0 2 64.459523131663
69 0.045732156194 0 2 65.459339099378
8 0.045976156193 -0.1 2 65.459583237862
15 0.046259156192 0.2 2 65.459866043677
60 0.045936152827 0 2 70.459544206856
26 0.046141152826 0 2 70.459749193215
95 0.046398152825 0 2 70.460006031434
65 0.045745735595 0 2 71.459360158913
53 0.045751999999 0 1 73.459360154057
24 0.045853410828 0.1 1 78.459461561362
29 0.045843128495 0 1 79.459445675003
49 0.045840748336 0.1 1 81.459448919904
87 0.045772418782 0 1 85.459387723652
27 0.045990418781 0 1 85.459605708843
61 0.045952287578 0 1 88.459567570287
96 0.045980359144 0 1 89.459588373559
17 0.04582667481 0.1 1 90.459433182761
75 0.046066753656 0 1 91.459673258173
3 0.045976326077 0.08 1 92.459584466227
35 0.045864460349 0.1 1 97.459471026839
70 0.045839066542 0.18 1 108.459450136165
4 0.045904634358 -0.18 1 111.459515715815
0 0.045837934283 -0.18 1 115.459443803093
80 0.045928387333 0 1 117.459539710053
16 0.045943856733 0.18 1 120.459552032023
69 0.045773762882 0.1 1 121.459379819029
79 0.045781311331 0.244 1 122.459389249681
3 0.04598631133 0.1152 1 122.459594460294
24 0.046034885046 0.2 1 125.459643035272
18 0.045832418511 0.18 1 127.45943471667
93 0.04608941851 0 1 127.459691713357
58 0.045914996513 0.1 1 128.459523179326
86 0.045840261936 0 1 129.459448443764
13 0.04577977371 0.28 1 130.459386160159
97 0.045819438988 0 1 134.459427522867
50 0.046024438987 0 1 134.459632509944
17 0.045744570082 0.51616 1 138.459352700219
0 0.045962570081 0 1 138.459570700364
80 0.045894612588 0.416114 1 139.459500464187
16 0.045867462977 0.344 1 142.459473414057
45 0.045909841651 0 1 143.459518014678
54 0.045988999998 0.18 1 146.459600788136
48 0.045774059839 0.1 1 151.459386180196
44 0.046037295841 0 1 153.45964546312
88 0.045972749983 0 1 158.459584274234
57 0.046268849325 0 1 164.459880446213
38 0.045976037859 0.18 1 167.459587518193
6 0.045810322814 -0.18 1 168.459418044925
33 0.046236322813 0.18 1 168.459844138339
51 0.045839218345 0 1 170.459447122859
20 0.046122218344 0.18 1 170.459730243179
99 0.046013199079 0 1 171.459621310953
66 0.04597699134 0.18 1 174.459587011761
93 0.045930312377 0.1 1 181.459542517625
57 0.04594256932 0.1 1 186.459553027895
68 0.045886808974 0 1 187.459499751111
38 0.045908096884 0.424 1 189.459518579681
67 0.045772085387 0 1 193.459385384851
30 0.046016085386 0.344 1 193.459629358677
99 0.046273085385 0.1 1 193.4598861789
69 0.045764999999 0.1 1 195.459373185838
64 0.045935672356 0 1 200.459543824378
29 0.045798501671 0.36 1 203.459406689101
62 0.045845146476 0 1 205.459453327105
46 0.045919317847 0 1 208.459527498596
81 0.046040637417 0 1 209.459647781339
32 0.045859596222 0.36 1 210.459467790328
40 0.045740482531 0 1 211.459347154636
12 0.045818538192 0.3952 1 214.459425080251
41 0.04593905428 0 1 215.459546083385
96 0.045994999198 0 1 217.459601431035
15 0.046122369786 0.424 1 225.459724889642
74 0.045873232461 0 1 226.45947989142
73 0.045877952079 0 1 229.459489911566
3 0.046108952078 -0.16384 1 229.459720811861
88 0.045972199851 0.2952 1 232.45958432011
17 0.045817880373 0.612928 1 237.459433211047
91 0.046068839292 0 1 242.459676934797
27 0.046118381264 0.690342 1 244.459726363736
56 0.045741834007 0.2952 1 246.459349687583
28 0.045959834006 0.244 1 246.459567587538
29 0.046151834005 0.664128 1 246.459759399539
75 0.046052080386 0.244 1 247.459660249691
10 0.045739384519 0.3952 1 249.459347153566
80 0.045957545174 0.416114 1 250.459565718165
55 0.045891237572 0 1 256.459499419307
84 0.045959085733 0 1 258.459572767455
31 0.045958632438 0.5904 1 259.459566821839
40 0.045777999999 0.18 1 262.459386156945
32 0.045846588733 0.664128 1 265.45945477535
9 0.045751999999 -0.5 1 269.459360176377
43 0.045777999999 0.18 1 272.459386166973
64 0.045948690334 0 1 276.459556860334
79 0.045872007126 0.244 1 277.459480187777
90 0.045938725269 0.1 1 286.459546876498
51 0.04585501032 0.33616 1 288.459463177518
17 0.045837987597 0.769051 1 289.459446145951
82 0.045804429946 0.1 1 291.459412601241
14 0.045725999999 0.4752 1 295.459334154177
8 0.045825035353 -0.5 1 297.459433226817
19 0.045858535163 0.51616 1 299.459466715092
50 0.046115535162 0.244 1 299.459723702294
83 0.045988999998 0 1 300.459603692774
84 0.045897734863 0.1 1 301.459504760291
55 0.046115734862 0.18 1 301.459723044196
58 0.046161180175 0.368928 1 303.459774513857
52 0.046051573778 0.1 1 305.459659622888
66 0.046088908813 0.18 1 306.459696548456
32 0.04576795668 0.782473 1 307.459373871704
92 0.045985956679 0.18 1 307.459591783658
90 0.045951699403 0.244 1 308.459559824766
70 0.045907761178 0.18 1 309.459515220379
42 0.045816671408 0 1 310.459430215046
17 0.045777999999 0.8018 1 311.459385878648
76 0.045809069203 0.18 1 314.459417257371
14 0.045798172937 0.548928 1 317.459406066493
19 0.045886288781 0.612928 1 321.459491949571
81 0.046031708865 0.33616 1 322.459634776479
10 0.045816723177 0.43616 1 324.459422573924
82 0.045793778458 0.1 1 327.459399596267
98 0.045980601173 0 1 333.459586574909
28 0.045871999998 0.33616 1 339.459482538309
27 0.045870564713 0.76407 1 341.459478741768
74 0.045950247058 0 1 342.459560655939
35 0.045916396854 0.5904 1 343.459523016489
6 0.045854978956 -0.32 1 350.459463159728
7 0.046061285608 -0.256 1 351.459674775108
75 0.046022489324 0.395142 1 358.459634248975
98 0.046000441258 0.1 1 361.459612006777
3 0.046132858137 -0.16384 1 365.459740999615
80 0.045905492954 0.432891 1 366.459513613725
8 0.045812018769 -0.5 1 369.459420193649
6 0.045828983417 -0.32 1 372.45943716865
94 0.045760984017 0 1 373.459374786089
7 0.046199984016 -0.256 1 373.459813521437
84 0.045896563845 0.1 1 374.459504702615
81 0.046127563844 0.33616 1 374.459735695192
58 0.045940992709 0.395142 1 375.459549171718
21 0.045866724429 0.468928 1 378.459474876591
23 0.045758245335 0.548928 1 386.459366374024
90 0.046106245334 0.244 1 386.459714223491
52 0.045914348639 0.1 1 387.459522285819
36 0.046171348638 0.468928 1 387.459779426629
54 0.046018640184 0.18 1 394.459626811762
59 0.045925729812 0.18 1 396.459533888027
60 0.045915834358 0 1 397.459523988388
22 0.046013444492 0.575142 1 403.45962162806
75 0.046074761882 0.395142 1 404.459686266801
1 0.045987213639 -0.2048 1 411.459595395846
67 0.045793468986 0 1 415.459401652306
77 0.045727302066 0 1 421.459335488407
3 0.045971302065 -0.16384 1 421.459579199238
13 0.045777999999 0.664128 1 423.45938615702
75 0.046064982558 0.395142 1 426.459673054035
78 0.046069747283 0.1 1 429.4596779206
32 0.045833567482 0.815241 1 430.459441732848
67 0.04584535042 0.18 1 437.459453415174
84 0.045925570451 0.18 1 448.459533735953
47 0.04579747396 0.1 1 453.459405652335
89 0.046028776239 0 1 454.459636917396
34 0.046259776238 0.368928 1 454.459867887649
97 0.045779205112 0.368928 1 457.459387390779
1 0.046036205111 -0.2048 1 457.459644378791
40 0.045738999999 0.446313 1 459.459347164764
68 0.045837239134 0.244 1 468.459445402417
96 0.046055239133 0.2952 1 468.459663408494
17 0.045811990593 0.881754 1 471.459420151943
35 0.04592788036 0.790285 1 474.459536061819
14 0.045699999999 0.752274 1 479.459308187922
77 0.04576521811 0.395142 1 481.45937131367
1 0.046035218109 -0.2048 1 481.459641406892
34 0.046240218108 0.395142 1 481.459846475132
51 0.04582902595 0.45705 1 482.459437208778
92 0.045882958206 0.2952 1 488.459491118863
96 0.045976600031 0.2952 1 490.459588454519
72 0.045834849716 0 1 492.459440803553
7 0.046052849715 -0.256 1 492.459658817197
73 0.045887061712 0.1 1 504.459492903145
94 0.045725999999 0.446313 1 509.459334166841
24 0.045868471216 0.495142 1 513.459474646334
46 0.045893309019 0.1 1 524.45950148094
55 0.046103818859 0.244 1 532.459706036915
86 0.045798476966 0.1 1 533.459406604794
2 0.046081476965 -0.2048 1 533.459689472708
52 0.045956072502 0.1 1 538.459564265079
97 0.045805589505 0.368928 1 540.459408284598
7 0.046178369417 -0.256 1 543.459789163579
46 0.045900589524 0.1 1 546.459511524867
88 0.046170589523 0.368928 1 546.459781297702
66 0.046427589522 0.18 1 546.460038385085
11 0.045896519996 0.532891 1 547.459504702339
49 0.045827752582 0.1 1 548.459435928396
94 0.045732131627 0.46564 1 552.459347178869
67 0.045819440661 0.18 1 553.459427595656
9 0.045712999999 -0.256 1 554.459321175412
90 0.045944661141 0.395142 1 558.459559936616
97 0.045877905349 0.395142 1 562.459485899564
39 0.045874566953 0.711314 1 563.45948272149
60 0.045889863927 0.1 1 566.459498047526
21 0.045814733683 0.690313 1 583.459422895099
72 0.045894813243 0 1 586.459502997682
93 0.045895946216 0.1 1 592.459504115889
36 0.046003058002 0.495142 2 601.459611244415
68 0.045930579121 0.2952 2 604.459538745417
5 0.045949999998 -0.131072 2 605.459562861347
