5 0.043271768037 0 2 21.25465242719
6 0.043489768036 0 2 21.254870395829
38 0.043396860212 0 2 22.254777652745
46 0.04337224697 0 2 26.254753031897
57 0.043276607811 0 2 29.254657324931
61 0.043329018209 0 2 41.254709813099
15 0.043534018208 0 2 41.254914827189
85 0.043542838519 0 2 43.254926731696
45 0.043313999997 0 2 48.254699138454
63 0.043297624483 0 2 50.254678285122
95 0.043515624482 0 2 50.254896193004
25 0.04337439456 0 2 51.254759259114
39 0.043305004213 0 2 55.254690485395
62 0.043523004212 0 2 55.254908479655
71 0.043451199805 0 2 57.254836007254
8 0.043677309594 0.1 2 63.255064484118
15 0.043947309593 0.1 2 63.255334172361
79 0.043408529799 0 2 64.254794064679
49 0.043626529798 -0.1 2 64.255011861938
69 0.04423198578 0 2 64.255617337244
26 0.043402438107 0 2 67.254788028181
60 0.043341946872 0 2 69.254725291898
65 0.043460241273 0 2 71.254841809572
95 0.043294719391 0 2 72.254677529741
53 0.043350867359 0 2 73.254736682323
24 0.04351525129 0 2 78.254898549999
29 0.043284999998 0 2 79.25467030553
27 0.043229800793 0 1 85.254614822784
87 0.043447800792 0 1 85.254832837654
61 0.043279494073 0 1 89.254668459116
96 0.043510494072 0 1 89.254899499599
75 0.043361522964 0 1 91.254746558566
17 0.043631522963 0 1 91.255016516697
3 0.043529832003 0.1 1 92.254918753727
35 0.043295151763 0 1 97.254680441446
70 0.043429159275 0 1 108.254808429565
4 0.043484012533 0 1 111.254863288963
0 0.043373709506 0 1 115.254763867957
80 0.043297999998 0 1 118.254692907454
16 0.043507612579 0 1 121.254897988799
69 0.043712612578 0.064 1 121.255102952389
79 0.04858900972 -0.18 1 124.259978746589
24 0.043737504247 0.1 1 126.255119761267
93 0.04364477347 0 1 128.25502611743
18 0.043729627155 0.18 1 129.255111551157
58 0.043627937889 -0.18 1 130.255018240006
97 0.043249539982 0 1 135.254631008652
13 0.044073224966 0.18 1 135.255454598205
86 0.043399465703 0 1 136.254793938912
50 0.043604465702 0 1 136.254999009159
0 0.043352788226 0.1 1 137.254733495794
17 0.043572784802 0 1 138.254954513468
80 0.043312092002 0.2952 1 140.254692804778
45 0.04326913945 0 1 143.254649952679
54 0.043532101403 -0.08 1 147.25491529024
44 0.043416392031 -0.1 1 153.254805122987
48 0.04368639203 0 1 153.255075045675
88 0.043400389356 0 1 158.254781199519
38 0.044197116568 -0.18 1 164.25557781709
57 0.04324848693 0 1 165.254628804229
33 0.04385424135 -0.18 1 165.255234560378
20 0.043487975505 0 1 167.254868774666
51 0.043731975504 0 1 167.255112641313
6 0.043923975503 0 1 167.255304563825
99 0.043473581023 -0.18 1 172.25485436112
66 0.043470538267 0 1 175.25485129172
93 0.043585350111 -0.32 1 181.254965845973
38 0.043356539737 -0.18 1 186.254738086253
57 0.043339110626 0.1 1 187.254719690687
68 0.043622110625 -0.18 1 187.255002919949
20 0.043242999999 0 1 189.254623711684
30 0.043306107792 0.1 1 194.254686773575
99 0.043458700193 -0.18 1 195.254838098184
67 0.043715700192 0 1 195.255095156995
69 0.043465718432 0.15616 1 197.25484645413
64 0.043410362755 -0.18 1 202.254791064987
29 0.043290938946 0.064 1 204.254670229512
62 0.043353548233 0 1 206.254742516932
46 0.043409640255 0 1 211.254789044344
40 0.043692640254 0 1 211.255072152109
81 0.04344885301 0 1 214.254827960028
32 0.043675578906 0 1 216.25505933382
12 0.043637432703 0.244 1 217.255016604344
96 0.043451085747 0 1 219.25483469845
41 0.043734085746 0 1 219.255117618599
15 0.044090727284 0.1 1 224.255476526954
74 0.04378507692 -0.4 1 226.255163323175
73 0.043485826598 -0.18 1 229.254864167696
3 0.043716826597 0.244 1 229.255095066852
88 0.043421194371 -0.18 1 233.254807154967
17 0.043516999113 0.244 1 238.254902544684
27 0.043255999999 0 1 240.254636798431
29 0.043324367226 -0.2048 1 241.254709995451
91 0.043607367225 0 1 241.254993035751
28 0.043363034436 -0.5 1 245.254749913449
56 0.043498130981 0 1 246.254878947838
75 0.043331916347 0 1 247.254716884636
80 0.043261646523 0.2952 1 250.254693744913
10 0.043531646522 0 1 250.25496368042
55 0.043275320856 0 1 256.254667611953
84 0.043386233237 -0.32 1 258.25476705467
31 0.043549991099 0.18 1 260.254937105086
40 0.043398547329 0 1 263.254779299574
32 0.043437265844 0 1 266.254827092138
9 0.043387262466 0.2952 1 269.254773257703
43 0.043247401349 -0.32 1 272.254636807158
64 0.043430388747 -0.5 1 281.25481429612
79 0.043484292132 -0.5 1 282.254874425118
90 0.04326644077 0 1 287.254649746513
51 0.043428150773 0 1 290.254811444022
17 0.043711150772 0.2952 1 290.255094480227
82 0.043566171264 0 1 291.254944617031
14 0.043491100183 0.244 1 295.254871894517
8 0.043521051907 0.2952 1 298.254901838493
50 0.043788184086 0.1 1 301.255168901238
19 0.043545263183 0.43616 1 302.254925949518
84 0.043750263182 -0.32 1 302.255130753989
58 0.043480212652 -0.5 1 304.254860955957
92 0.043763212651 0.1 1 304.2551439735
32 0.043581071048 0 1 305.254970819701
83 0.044728191254 -0.32 1 306.256113549309
52 0.043426321802 0 1 308.254812084565
66 0.043696321801 0 1 308.255082263967
90 0.043254357925 0.18 1 309.254636792329
17 0.043773715353 0.416114 1 312.255160736765
70 0.043412561814 0 1 314.254792510521
42 0.043617561813 0 1 314.254997536282
76 0.043479692005 0.1 1 316.254864477029
14 0.043504685978 0.2952 1 317.254884355247
81 0.043333948034 0 1 323.254713900143
10 0.043508409775 0.1 1 326.254888593145
82 0.04354184643 0 1 327.254931612141
98 0.043492999998 -0.5 1 334.254875726846
28 0.043373329916 -0.5 1 339.254763003705
27 0.043249645539 0 1 341.254636817259
74 0.043541155662 -0.4 1 342.254930941346
35 0.043254308722 0 1 343.254636798932
6 0.043369947679 0.1 1 350.254756782156
7 0.043318268381 0 1 351.254699072647
75 0.04334737789 0.1 1 358.254729883778
98 0.043557999998 -0.5 1 361.254940218832
35 0.043385440183 0.1 1 366.254775730779
3 0.043873440181 0.33616 1 366.255263642721
80 0.043351199147 0.368928 1 367.254744811288
8 0.043537715563 0.368928 1 369.254927895499
7 0.043277243196 0 1 375.254659361299
81 0.0439088995 0.244 1 375.25529121934
84 0.043460556335 -0.32 1 376.254855156478
58 0.043652556334 -0.5 1 376.255047240466
94 0.043935556333 -0.5 1 376.255330131836
21 0.043222632177 0 1 378.254610792376
90 0.043240520527 0.18 1 383.254622579474
52 0.043497520526 0 1 383.254879577094
23 0.043350589976 0.43616 1 385.254731404073
36 0.043620589975 0 1 385.255001397462
54 0.043507007072 -0.32 1 395.254889313832
59 0.043419809592 -0.5 1 396.254806421675
60 0.043277869273 0 1 397.254660402804
75 0.043385278623 0.1 1 407.254765961782
22 0.043590278622 0.1 1 407.254970923403
1 0.043427421099 0 1 411.254814380118
67 0.043542231887 0 1 415.254923055385
3 0.043472690601 0.395142 1 421.254853211631
77 0.043445020185 0 1 422.254825801665
13 0.0434585018 0.33616 1 423.25483929901
78 0.043570729963 -0.5 1 429.254951543413
32 0.043433334204 0.1 1 430.254814139698
67 0.04349805256 0 1 437.254883782617
84 0.043373217506 -0.32 1 448.254754023208
47 0.043279631764 0.1 1 453.254660450356
34 0.043562631763 -0.5 1 453.254943428496
89 0.043516329454 -0.5 1 455.254897066058
97 0.043322384104 0.1 1 458.254703164909
1 0.043566384103 0 1 458.254947152793
40 0.04345551023 0 1 459.25484440474
68 0.043318896934 -0.5 1 468.254707528458
96 0.043523896933 0.1 1 468.254912534577
17 0.043500730325 0.416114 1 471.254889576086
35 0.043303215228 0.1 1 474.254693476502
14 0.043530088973 0.368928 1 480.254910872097
77 0.043377171746 0 1 481.254757775859
34 0.04382676912 -0.5 1 481.255207534225
1 0.044070769119 0 1 481.255451466158
51 0.043492999998 0 1 483.254871517024
92 0.043534399805 0.1 1 488.254915200595
96 0.043417729918 0.1 1 490.25479854438
7 0.043278843596 0 1 497.254657021553
72 0.043509843595 0 1 497.25488800634
73 0.043551300507 -0.5 1 505.2549320521
94 0.043488343471 -0.5 1 509.254866918034
24 0.043517756809 0.495142 1 514.254898544923
46 0.043320274143 0.1 1 524.254701086243
55 0.043275229351 0.1 1 529.254665080013
2 0.04351922935 0 1 529.254909102568
86 0.043433280277 0.1 1 532.254823096363
52 0.043384867517 0 1 539.254765655007
97 0.04328695089 0.1 1 541.254676784999
7 0.043341701438 0 1 542.254722271896
88 0.043444608973 -0.5 1 543.254825343662
66 0.043649608972 0 1 543.255030433131
46 0.043359274242 0.244 1 546.254740086441
11 0.043268999999 0 1 547.254649822542
49 0.043495861635 -0.5 1 549.254884012421
94 0.043451756406 -0.5 1 552.254840942102
67 0.043490203591 0 1 553.254870998793
9 0.043457440327 0.416114 1 554.254838255969
90 0.043307278938 0.244 1 558.254696006739
39 0.043323094132 -0.5 1 563.254703888838
60 0.043279638229 0.244 1 566.254660462046
21 0.043286537362 0 1 583.254667338961
72 0.04331283382 0 1 587.254702541329
93 0.043564278239 -0.32 1 593.254953384077
36 0.043508996138 0 1 602.254887345633
