38 0.029094185418 0 2 21.554959596062
46 0.028810121226 0 2 25.554675524187
6 0.029080121225 0 2 25.554945195802
57 0.029086858617 0 2 29.554952148819
61 0.028933724297 0 2 41.554794114136
15 0.029190724296 0 2 41.55505112829
85 0.029024460494 0 2 43.55488969027
45 0.029045643693 0 2 46.554911055564
63 0.029095066963 0 2 47.554962520839
95 0.02888261904 0 2 48.55474330325
25 0.029042329656 0 2 50.554909485033
62 0.0288687746 0.1 2 54.554729361836
39 0.029086774599 0 2 54.554947367717
71 0.028921430325 0 2 57.554781854566
49 0.028902953033 -0.1 1 59.554770301286
69 0.028903605911 0 1 60.554763856004
8 0.028855473546 0 1 63.554715857753
15 0.029086473545 0 1 63.554946560674
79 0.028812999999 0 1 64.554678382538
95 0.029063014091 0 1 70.554926082712
26 0.02933301409 0 1 70.555196240105
60 0.029590014089 0 1 70.555453253682
65 0.029114818125 0 1 71.55498019001
53 0.028970552122 0 1 73.554833763519
24 0.029119307876 0 1 77.554983316455
29 0.029029693775 0 1 79.554892895695
49 0.028970030212 -0.1 1 81.55483528329
27 0.028896567888 0 1 85.554760003637
87 0.029114567887 0 1 85.554978018431
96 0.029222740318 0 1 90.555088060173
17 0.029093274236 0 1 92.554960580149
75 0.029311274235 0 1 92.555178621995
61 0.028990357213 0.1 1 94.554855510118
3 0.029208357212 0 1 94.555073633253
35 0.029102535747 0 1 97.554967912703
69 0.028872476172 0.2 1 100.554737847566
70 0.028863076236 0.344 1 107.554733871708
4 0.028936591541 0 1 111.554804602304
0 0.028825999999 0 1 115.55469139466
80 0.02910049324 0 1 117.554968805851
16 0.029000190823 0 1 120.554861273962
79 0.028811739149 0.28 1 121.554676931604
3 0.029003739148 0.2952 1 121.554869065394
18 0.029127256415 0 1 122.554995366744
93 0.028909674372 0 1 123.554775038813
24 0.029091907865 0.395142 1 124.554957316377
58 0.029081723911 0.1 1 128.554950888717
86 0.029113501439 0 1 129.554978896225
13 0.029112449173 0 1 130.554977822402
50 0.028865417092 0.18 1 136.55473464586
97 0.029135417091 0 1 136.555004659586
0 0.029089123227 0 1 139.554958439012
17 0.029333123226 0 1 139.55520234014
80 0.029577123225 0.244 1 139.555446309462
16 0.029017651189 0.1 1 142.554886670608
45 0.029061459671 0 1 143.55492400379
54 0.02906694152 0.424 1 146.554929501175
48 0.029024076377 -0.18 1 151.554889469558
44 0.029003982516 -0.1 1 153.554874916061
88 0.028865511132 0 1 158.554730894166
38 0.028967392604 0 1 161.554832800141
6 0.028889275428 0.1 1 162.554754189046
51 0.028847403429 0.1 1 164.554712775302
20 0.028850153886 0 1 167.554718197686
57 0.029260702154 0.1 1 167.555128631301
33 0.029517702153 0 1 167.555385632838
99 0.028859894972 0 1 171.554730397966
66 0.028919563466 0.18 1 174.55479002776
93 0.028891172621 0.18 1 181.554761492205
38 0.028889081221 0 1 183.554754177375
68 0.029165383922 0.18 1 187.555036137644
20 0.028926252104 0.18 1 189.554796145674
57 0.029118252103 0.424 1 189.554988100274
30 0.028930983446 0.1 1 191.554795211139
67 0.029161983445 0.244 1 191.555026237813
99 0.028812999999 0.244 1 193.554678110801
69 0.028816337841 0.36 1 195.554678398815
64 0.029090266037 0.18 1 199.554955676389
29 0.029006189255 0 1 203.554866909877
62 0.028864999999 0.28 1 205.554730393643
46 0.028851999999 -0.1 1 208.554717393742
81 0.029023363574 0 1 209.5548896805
32 0.028960608352 0 1 210.554824251725
40 0.029169752392 -0.08 1 211.555035120002
12 0.029065313766 0.2952 1 213.554932496724
41 0.02885660897 -0.18 1 215.554717402911
96 0.029051726332 0 1 217.554917119948
15 0.029110752603 0 1 223.554976140539
74 0.028860379078 0.344 1 226.554718859916
3 0.029023942638 0.2952 1 229.554882152058
73 0.029267942637 0.244 1 229.555126251168
88 0.028898560249 0 1 232.55475693997
17 0.028965978692 0.18 1 237.554831156731
27 0.028953584759 0.18 1 240.554812634655
91 0.029158584758 0 1 240.555017662213
29 0.028995420529 0.2952 1 241.554853735583
28 0.028894522284 0 1 244.554760196515
56 0.029099128402 0.424 1 246.554964518032
75 0.029001592893 0.36 1 247.554867252252
10 0.02901620132 0 1 248.554885438007
80 0.029076865373 0.244 1 250.554942813959
55 0.02918162803 0.664128 1 256.555047553615
84 0.029127999998 0 1 258.554993564313
31 0.028970706538 0 1 259.554836643565
40 0.029143205128 -0.4 1 262.55500912467
32 0.028932220021 0.2952 1 265.554798236701
9 0.029066491892 0 1 269.554936990369
43 0.029131440403 -0.5 1 272.554990399685
64 0.029179391478 0.728091 1 276.555046621727
79 0.028809190567 0.488 1 277.554678393629
90 0.029116653026 0 1 285.554983922541
51 0.028863137086 0.2952 1 288.554730380176
17 0.029007820262 0.18 1 289.554870091719
82 0.029015727411 0 1 291.554882959087
14 0.029042633998 0 1 295.554908001168
8 0.028855916065 0.18 1 297.554717404436
50 0.028901504953 0.4752 1 300.554762959704
84 0.029359324991 0.1 1 301.555226273012
58 0.029151441431 0.5904 1 302.555014908557
83 0.02938244143 0 1 302.555245797327
92 0.029178350855 0.1 1 303.555043568843
52 0.029188652453 0.2952 1 305.555053733454
19 0.029246816857 0 1 306.555111846592
90 0.029170768575 0 1 307.555034238721
70 0.028839409207 0.488 1 309.554704872865
66 0.029243981679 0.43616 1 310.555107268841
42 0.029034420651 -0.4 1 311.554899075565
32 0.02925242065 0.416114 1 311.555116856076
17 0.029496420649 0.244 1 311.555360831049
76 0.02903113282 0.51616 1 314.554895599914
14 0.029082069625 0.1 1 317.554946488948
81 0.028985290581 0 1 322.55485067553
10 0.029032981531 0 1 324.554898348681
82 0.028965572279 0.2952 1 327.554830954045
98 0.02906454954 0.33616 1 333.554929931363
28 0.028934032009 0 1 339.554799196813
27 0.028915314322 0.18 1 341.554785084825
74 0.028863753147 0.4752 1 342.554730383894
35 0.02912789035 0.244 1 343.554993902411
6 0.028966569788 0.33616 1 350.55483221134
7 0.029103395906 0 1 351.554962225099
75 0.029014098744 0.58016 1 358.554880251648
98 0.029038273058 0.368928 1 361.554903378399
74 0.02885081257 0.612928 1 364.554716169751
3 0.029055812569 0.33616 1 364.554921212236
80 0.029081653369 0.395142 1 366.554942709541
8 0.028883587192 0.244 1 369.554744574951
6 0.028920543234 0.33616 1 372.554780238288
7 0.029312019726 0 1 373.55517232275
84 0.029197726455 0.1 1 374.555060771578
58 0.029196249623 0.705088 1 375.555055784361
21 0.029093255812 0 1 377.554956597227
94 0.029337255811 0 1 377.555200382758
81 0.02956825581 0.1 1 377.555431398006
52 0.028952723116 0.43616 1 381.554812099098
90 0.029136829946 0 1 382.554996841697
36 0.028969826088 0 1 385.554835206987
23 0.029174826087 0 1 385.55504021346
54 0.029022198616 0.67232 1 394.554890524749
59 0.029102120484 0.368928 1 396.554963881073
60 0.0290137205 0.33616 1 397.554874439429
22 0.028892962075 0.1 1 403.554759278333
75 0.029075999998 0.785042 1 404.554945269366
1 0.028856040644 0.1 1 411.554717395216
67 0.029046837049 0.548928 1 415.554912233378
3 0.029030194352 0.45705 1 421.554895312764
77 0.029313194351 0.368928 1 421.555178593678
13 0.029069641728 0.244 1 423.554938815938
75 0.029049621681 0.828034 1 426.554919074524
78 0.028929173543 0.51616 1 429.554791094019
32 0.028932815897 0.416114 1 430.554798194287
67 0.029016501526 0.575142 1 437.554886014032
84 0.029128154326 0.244 1 448.554993532799
89 0.029183530125 0 1 453.55504887133
34 0.028895556343 0.18 1 456.554760683249
47 0.029152556342 -0.32 1 456.555017704445
1 0.028865190994 0.18 1 458.55472471864
97 0.029148190993 0.1 1 458.555007730817
40 0.029156841751 -0.4 1 459.555022140348
96 0.029014118048 0 1 469.554880042117
68 0.029258118047 0.368928 1 469.555124036459
17 0.02900472334 0.244 1 471.554870097713
35 0.029063553206 0.395142 1 474.554928947621
14 0.029059302543 0.1 1 479.55492106866
1 0.029051095431 0.2952 2 481.554916392131
77 0.02930809543 0.690342 2 481.555173298801
34 0.029552095429 0.244 2 481.555417460467
51 0.028880366475 0.690342 2 482.554739275035
92 0.029094466768 0.18 2 488.554960104642
72 0.028940869101 0.690342 2 492.554806253524
7 0.0291848691 0 2 492.555050267186
73 0.029030204366 0.639142 2 504.554895573919
94 0.029031553065 0.1 2 509.5548943307
24 0.029117905353 0.416114 2 513.554983311353
46 0.028904007347 -0.5 2 524.55476939229
55 0.029166999998 0.873164 2 528.555034583937
2 0.029119893488 0 2 529.554978552812
86 0.02911349264 0.1 2 532.554978878627
52 0.028972113047 0.516114 2 538.554838087808
97 0.028940230437 0.18 2 540.554807458059
88 0.028875100577 0.244 2 541.554741045769
7 0.029080100576 0 2 541.554945824832
66 0.028948790575 0.879204 2 543.554816078864
11 0.02911275769 0.18 2 547.554978492326
49 0.028939421818 -0.5 2 548.55480927377
94 0.028980108909 0.244 2 552.554842354804
67 0.029049760822 0.660114 2 553.55491217671
9 0.029080229286 0 2 554.554949988429
90 0.029186908912 0 2 558.555048892571
97 0.028926440825 0.33616 2 562.554794090733
39 0.029054315084 0.18 2 563.554924340982
60 0.028996102003 0.468928 2 566.554861498593
21 0.028907962251 0 2 583.55477122802
72 0.028976208059 0.849005 2 586.554834807824
93 0.028948692609 0.18 2 592.554814075287
36 0.028940979084 0.33616 2 601.554806378482
68 0.029157752698 0.432891 2 604.555023132016
5 0.028912050473 0.1 2 605.55477732538
