6 0.020784799536 0 2 21.958916808214
38 0.020799176051 0 2 23.95893463945
5 0.02106917605 0 2 23.95920470212
46 0.020752614916 0 2 26.958887989157
57 0.020982470412 0 2 29.959108459724
61 0.020712635144 0 2 41.958836172174
15 0.020982635143 0 2 41.959106186445
85 0.020878006311 0 2 42.95900936577
45 0.020857883065 0 2 47.958984513743
63 0.020838974856 0 2 48.958971103584
95 0.021082974855 0 2 48.959215006973
25 0.020787894519 0 2 50.95892187139
39 0.02082730872 0 2 53.958961075311
62 0.021110308719 0 2 53.959244069356
71 0.021060615729 0 2 57.959187476822
79 0.020804825958 0 2 63.958931363358
15 0.021178825957 0 2 63.959305053799
69 0.021396825956 0 2 63.959523179155
8 0.020902703109 0 2 64.959038071939
49 0.021107703108 0 2 64.959242903975
26 0.020941619769 0 2 70.959068574099
95 0.021393619768 0 2 70.959520433328
60 0.020972175235 0 2 71.959098962554
65 0.021255175234 0 2 71.959382110571
53 0.020836550457 0 2 72.958961109387
24 0.020930950634 0 2 77.95905765562
29 0.020825287126 0 2 79.958959177389
27 0.020939648492 0 1 84.959064380353
87 0.020893800731 0 1 85.959020062348
61 0.02071148919 0.1 1 87.958843709689
96 0.020787930448 0 1 88.958913982796
17 0.020862584529 0 1 90.958994780144
75 0.020739672079 0 1 91.95886592004
3 0.021020945671 0 1 92.959155611353
35 0.02098429728 0 1 96.959120037044
70 0.020923264858 0.344 1 107.959052244
4 0.020950117467 0 1 110.959078933412
0 0.020810480881 0 1 115.958938223161
80 0.020872700766 0 1 116.959007270555
16 0.020887930159 0 1 120.959012080973
79 0.020883228026 0.424 1 121.959016830086
3 0.021153228025 0.244 1 121.959286998237
69 0.021410228024 0.51616 1 121.959544005887
18 0.020852505572 0 1 122.95897753307
93 0.021109505571 0 1 122.95923453207
24 0.020904096407 0 1 124.959031655322
58 0.020989335681 0 1 128.959124751134
86 0.02097066259 0 1 130.95909765396
97 0.02119741082 0 1 132.959328885115
13 0.021013810468 0 1 133.95914949407
50 0.020961143855 0 1 134.959092014153
80 0.021074180034 0.244 1 138.959199936914
17 0.020839978557 0.1 1 139.958968598656
16 0.020916560303 0.18 1 142.959050538765
45 0.020832595962 0 1 143.958961166811
54 0.020979240116 0 1 146.959108096013
44 0.020782342311 0 1 152.958911369365
48 0.02106534231 0 1 152.959194291984
88 0.02097404646 0 1 158.959102662653
57 0.021233086359 0.1 1 164.959369306036
6 0.02078518732 0 1 167.958913787706
38 0.020864989581 0.18 1 168.958989709787
33 0.02131698958 0.18 1 168.959441808463
51 0.020702201305 0 1 169.958962080659
20 0.020946201304 -0.18 1 169.959206204736
99 0.020877244454 0 1 171.959002080561
66 0.020797404055 0.18 1 173.958933567665
93 0.020839839897 0 1 181.959106957953
68 0.021005281716 0.4752 1 186.95913675953
57 0.021288281715 0.18 1 186.959419504307
30 0.020644317853 0.28 1 190.958910145932
38 0.020888317852 0.424 1 190.959153821397
67 0.020924014814 0.244 1 191.959054244708
99 0.020908621786 0.2952 1 193.959040570665
69 0.020927884175 0.51616 1 195.959060088767
64 0.020966854504 0.18 1 200.959097611518
29 0.020906290121 -0.18 1 203.959037191673
62 0.021011946119 0.18 1 206.959142927013
46 0.020716633623 0 1 208.958849061243
81 0.020871583153 0 1 209.959007980744
40 0.020980318083 0 1 213.959107805067
32 0.020741702602 0.18 1 214.958873759052
12 0.020795255964 0.368928 1 217.958927236978
41 0.020772304216 0.416114 1 218.958903946515
96 0.020831944351 0.18 1 219.95896577025
3 0.021098966168 0.368928 1 224.959230703857
73 0.021200536631 0.28 1 225.959334723346
74 0.020877745186 0.18 1 227.959009349374
15 0.021160745185 0 1 227.959292327457
88 0.020917251717 0 1 232.959050708153
17 0.020828180917 0.1 1 237.95895580819
27 0.020877645072 -0.256 1 239.959012375793
91 0.020798243337 0.1 1 240.958929061914
29 0.020895890041 -0.32 1 241.959024017581
28 0.020739651486 -0.5 1 243.958870623925
75 0.020713617042 0.18 1 247.958845802864
56 0.020996617041 0.1 1 247.959128765097
10 0.021002178686 0 1 248.95913667675
80 0.020874752712 0.244 1 250.959007188671
55 0.02078762672 0 1 256.9589125263
84 0.020929145076 0 1 258.959057764157
31 0.020798206235 0.2952 1 260.958930369181
40 0.020807516371 0 1 261.958931000924
32 0.02075731202 0.4752 1 266.958889472656
9 0.020769196087 0 1 269.958901391318
43 0.021000131311 0.244 1 272.959132317051
64 0.020887503864 0.424 1 275.959019737824
79 0.020833999998 0.488 1 278.958967684421
90 0.020967183679 0 1 285.959101374902
51 0.020863001492 0 1 287.95899109415
17 0.020802032951 0.244 1 288.958929833328
82 0.020747522086 0 1 290.958883492054
14 0.021001565802 0.1 1 294.959132345087
8 0.020936431173 0 1 297.95906717224
84 0.020911999998 0 1 301.959044182329
83 0.021440163505 0 1 302.959566838793
92 0.020831192346 0.2952 1 303.95895880857
58 0.021177233623 0 1 304.959309636501
32 0.020752525767 0.5392 1 305.958878728173
50 0.020970525766 0.2952 1 305.959096470386
19 0.021253525765 0.1 1 305.95937948589
52 0.021536525764 0.1 1 305.959662609438
66 0.020804547592 0.244 1 306.958933538879
90 0.020975348959 0.18 1 308.959101322962
70 0.020917576057 0.5392 1 309.95905223788
42 0.020782365755 0.244 1 310.95891508982
17 0.021052365754 0.368928 1 310.959184818448
76 0.02077143629 0.4752 1 314.958901992385
14 0.02103814781 0.1 1 316.959170778689
82 0.020757383344 0.416114 1 326.958893495482
81 0.020923726274 0 1 327.959056981019
10 0.021167726273 0.18 1 327.959301050695
98 0.020704051176 0 1 332.958830229655
28 0.020835436636 -0.5 1 338.958961624579
74 0.021045237858 0.18 1 342.959178816794
27 0.020859999998 -0.2048 1 345.958989688643
35 0.021077999997 0.33616 1 345.959207759277
6 0.020778041961 0.1 1 353.958903791516
7 0.02106104196 0 1 353.959186819478
75 0.020755999998 0.51616 1 357.958892000724
98 0.020774074108 0.1 1 361.958907649061
74 0.020891980882 0.3952 1 364.959025674092
3 0.021174980881 0.395142 1 364.95930868045
80 0.020881118542 0.368928 1 365.959007174201
8 0.020912952851 0 1 369.959041138986
94 0.020777480151 0 1 372.958905624571
7 0.020850464967 0 1 375.958978483054
81 0.021211464966 0 1 375.95933965351
58 0.021142033572 0.1 1 377.959272477595
21 0.020838936688 -0.5 1 378.958967492741
84 0.021069936687 0 1 378.959198307314
52 0.020869112273 0.1 1 381.95899738169
90 0.021074112272 0.18 1 381.959202384457
36 0.020876468191 0.612928 1 384.95900111891
23 0.020795275661 -0.5 1 385.958930424376
54 0.020990987453 0 1 393.959121209535
59 0.020964006099 0 1 395.959089161476
60 0.020938874479 0.43616 1 396.959062789829
75 0.020726711075 0.548928 1 404.958857515677
22 0.021009711074 -0.4 1 404.95914047627
1 0.020958283531 0 1 411.959090599867
67 0.020997756543 0.639142 1 416.95913215088
3 0.020961624234 0.446313 1 421.959087809213
77 0.021218624233 0.368928 1 421.959345056725
13 0.021054150847 0.2952 1 422.959188838662
75 0.020768999998 0.548928 1 426.95890480506
32 0.020763668222 0.612928 1 429.95889950135
78 0.020994668221 0.705088 1 429.959130464319
67 0.020998607572 0.639142 1 439.959132271174
84 0.021002353142 0 1 447.959135823077
34 0.020875165394 0.468928 1 452.959007385969
89 0.020814840798 0 1 454.958943088349
47 0.021032840797 0 1 454.959161080226
1 0.020952277672 0.1 1 457.959088015598
97 0.021196277671 0.244 1 457.959332027664
40 0.020837743176 0.244 1 459.958969927
96 0.020815436353 0.2952 1 467.958944595656
68 0.021046436352 0.737856 1 467.959175589472
17 0.020813570681 0.368928 1 470.95894283945
35 0.020958258313 0.737856 1 474.95909398163
14 0.020993047436 0.2952 1 479.959119322415
34 0.020893196864 0.575142 2 481.959027555721
77 0.021111196863 0.516114 2 481.959245393292
1 0.021394196862 0.18 2 481.959528487012
51 0.020812643379 0.18 2 482.958939034828
92 0.020852727114 0.368928 2 487.958984951671
96 0.020866871447 0.2952 2 489.958991973362
72 0.020796685453 0.468928 2 491.958922635522
7 0.020896414091 0.1 2 492.959021716597
73 0.021061441038 0.596114 2 503.959186089001
94 0.020786411048 0.446313 2 508.958918641923
24 0.020926899044 -0.4 2 513.95905765053
46 0.020744429211 0.33616 2 524.958875043699
55 0.020767931668 0.395142 2 528.9588995563
2 0.020776121405 0.18 2 530.958911374494
86 0.020952305422 0.1 2 532.95908472656
52 0.020940384942 0.33616 2 538.95907600171
97 0.020943606987 0.244 2 540.959074434191
7 0.020827086582 0.1 2 542.95895385509
88 0.021097086581 0.416114 2 542.959224048323
66 0.020867834732 0.76407 2 543.958998528535
11 0.021038483592 0.2952 2 547.959162209366
49 0.020947303264 0.1 2 548.959080037722
94 0.020826277016 0.472512 2 553.958950162743
67 0.021096277015 0.660114 2 553.959220183567
9 0.020728219001 0.244 2 554.958862389194
90 0.020943144753 0.33616 2 558.959075344762
39 0.020796766555 0.548928 1 562.958931299189
97 0.021014766554 0.244 1 562.959149138068
60 0.020963831634 0.711314 1 566.959088758425
21 0.020865033289 -0.5 1 582.958989601551
72 0.020819170152 0.769051 1 586.958948570786
93 0.020949334805 0.18 1 591.959081568399
36 0.020831830957 0.785042 1 601.958962067014
68 0.021011592698 0.879204 1 603.959139595437
