0.016262
0.016289
0.016441
0.016162
0.016471
0.016371
0.016075
0.016093
0.016097
0.016058
0.016128
0.016224
0.016126
0.016102
0.01612
0.016401
0.016277
0.016292
0.016326
0.016335
0.016325
0.016299
0.016288
0.016466
0.016281
0.01632
0.016424
0.016348
0.01632
0.016147
0.016207
0.016102
0.016054
0.016136
0.016085
0.016167
0.01612
0.016151
0.016243
0.016418
0.016171
0.017058
0.016109
0.016142
0.016172
0.016181
0.016179
0.016732
0.016403
0.01627
0.016365
0.016286
0.016301
0.01625
0.016281
0.016264
0.016327
0.016263
0.016248
0.016079
0.016087
0.016076
0.016064
0.016348
0.016387
0.016287
0.016337
0.016364
0.01609
0.016137
0.016089
0.016135
0.016168
0.016247
0.01622
0.016431
0.01654
0.01622
0.017116
0.016224
0.016215
0.01621
0.016251
0.016222
0.016215
0.0166
0.016239
0.01628
0.016302
0.016281
0.016319
0.01632
0.016382
0.016259
0.01597
0.016093
0.016127
0.016168
0.016192
0.016046
0.016021
0.016106
0.016081
0.016116
0.016008
0.016041
0.016108
0.016086
0.016063
0.016187
0.016268
0.016097
0.016029
0.01605
0.016036
0.016202
0.016178
0.016047
0.01613
0.016393
0.016142
0.016015
0.016013
0.016058
0.016149
0.016172
0.016191
0.016124
0.016106
0.016101
0.016186
0.016139
0.01621
0.016176
0.016227
0.016101
0.016112
0.016112
0.016108
0.01611
0.016146
0.016145
0.016139
0.01615
0.016123
0.016234
0.016135
0.01618
0.01618
0.016273
0.016237
0.016165
0.016187
0.016274
0.016315
0.016216
0.016463
0.01716
0.016215
0.01626
0.016407
0.016199
0.016216
0.016199
0.016267
0.016247
0.016234
0.016226
0.01631
0.016222
0.016283
0.016392
0.016179
0.016202
0.016139
0.016258
0.016192
0.016537
0.016344
0.016082
0.016337
0.016073
0.016379
0.016255
0.016263
0.016041
0.016326
0.016115
0.016341
0.016029
0.016307
0.016049
0.01632
0.01608
0.016263
0.016056
0.016268
0.016189
0.016261
0.016047
0.016321
0.016659
0.016324
0.016076
0.01628
0.01607
0.016259
0.016011
0.016282
0.016396
0.016312
0.016052
0.016306
0.01604
0.016325
0.016059
0.016295
0.016214
0.016328
0.016304
0.016428
0.016098
0.016318
0.016063
0.016299
0.016205
0.016318
0.01607
0.016311
0.016199
0.016434
0.016063
0.016383
0.016521
0.016416
0.016079
0.016333
0.016296
0.016737
0.016191
0.016294
0.019844
0.016338
0.01611
0.016305
0.01653
0.016318
0.016059
0.016074
0.01616
0.016289
0.01616
0.016304
0.016163
0.016248
0.016235
0.016347
0.01619
0.016237
0.016117
0.016261
0.016162
0.016267
0.016153
0.016245
0.016209
0.016254
0.016283
0.016451
0.016228
0.016317
0.016204
0.017122
0.016237
0.016299
0.016188
0.017106
0.016201
0.016353
0.01615
0.016286
0.016132
0.016289
0.01618
0.016239
0.016189
0.016297
0.016205
0.016301
0.016245
0.016272
0.01651
0.016451
0.016184
0.016267
0.016224
0.016289
0.016217
0.016252
0.016172
0.016247
0.016188
0.016244
0.016189
0.016343
0.016193
0.016217
0.016167
0.01624
0.016184
0.016231
0.01618
0.016341
0.016201
0.016237
0.01628
0.016331
0.01599
0.016106
0.016131
0.016047
0.016161
0.016191
0.016294
0.016186
0.016175
0.016015
0.01615
0.016093
0.016168
0.016086
0.016123
0.016104
0.01616
0.016288
0.016169
0.016045
0.016169
0.016039
0.016453
0.016096
0.016182
0.016036
0.016179
0.016262
0.016192
0.016333
0.016121
0.016457
0.016159
0.016078
0.016146
0.016999
0.01642
0.016067
0.016506
0.016089
0.016152
0.016051
0.016151
0.016228
0.016178
0.016031
0.01623
0.016273
0.016161
0.016037
0.016251
0.016227
0.016182
0.016088
0.016151
0.016012
0.016189
0.016048
0.016193
0.016039
0.016395
0.016312
0.016139
0.016016
0.01613
0.016078
0.01616
0.016149
0.01612
0.016099
0.016111
0.016123
0.0165
0.01624
0.016143
0.016331
0.016149
0.016407
0.016096
0.015928
0.015847
0.016275
0.016041
0.016314
0.01637
0.017111
0.016098
0.015967
0.016336
0.016548
0.016376
0.016511
0.016446
0.016547
0.016373
0.016607
0.016387
0.016626
0.016381
0.016522
0.016362
0.016489
0.016337
0.016504
0.016022
0.016118
0.015899
0.01632
0.015915
0.016095
0.015903
0.016088
0.016329
0.016122
0.015937
0.016101
0.015899
0.016762
0.015895
0.016134
0.015937
0.016215
0.015869
0.016122
0.015913
0.016204
0.015903
0.016257
0.015957
0.016114
0.015915
0.016166
0.015905
0.016138
0.015935
0.016083
0.015929
0.016098
0.015927
0.016114
0.015895
0.016096
0.015926
0.016243
0.015938
0.016092
0.015983
0.016131
0.015931
0.016151
0.015913
0.016132
0.015934
0.016115
0.015893
0.016129
0.015939
0.016145
0.015937
0.016074
0.015936
0.016125
0.015934
0.016128
0.015925
0.016201
0.015918
0.016186
0.015946
0.016142
0.015892
0.016115
0.016036
0.016148
0.015941
0.016086
0.015917
0.016105
0.016237
0.016198
0.016422
0.016241
0.016233
0.016213
0.016231
0.016298
0.016151
0.016347
0.016318
0.01938
0.016199
0.016316
0.016376
0.016368
0.016185
0.016231
0.016204
0.016277
0.016145
0.016302
0.016237
0.016308
0.016251
0.016373
0.016138
0.016474
0.016222
0.016364
0.016249
0.016245
0.016153
0.016316
0.016192
0.016355
0.016383
0.016313
0.016244
0.016359
0.016134
0.016304
0.016248
0.016217
0.016131
0.016355
0.016204
0.016222
0.016158
0.016296
0.016271
0.016249
0.016249
0.016279
0.016766
0.016754
0.016249
0.016265
0.016334
0.016295
0.016221
0.016221
0.016234
0.016292
0.016105
0.016339
0.016184
0.016319
0.016269
0.016476
0.016222
0.016335
0.016199
0.016279
0.016141
0.016353
0.01628
0.016339
0.01622
0.016277
0.016104
0.016393
0.016266
0.016224
0.016245
0.016277
0.016172
0.016375
0.016222
0.016379
0.016188
0.016355
0.016205
0.016452
0.016137
0.016399
0.01587
0.016224
0.015997
0.016307
0.016155
0.016443
0.016126
0.016402
0.016199
0.01651
0.016124
0.016427
0.016166
0.016617
0.01614
0.0164
0.016118
0.016445
0.016153
0.016434
0.016228
0.016408
0.0161
0.01643
0.016163
0.01641
0.016085
0.016419
0.017071
0.016458
0.016176
0.016418
0.016246
0.016442
0.016222
0.016418
0.016144
0.01662
0.016139
0.016689
0.016102
0.01642
0.016231
0.016428
0.016129
0.01653
0.016114
0.016488
0.016135
0.016439
0.016283
0.016427
0.016118
0.016463
0.016805
0.016535
0.01617
0.016646
0.016334
0.016537
0.016183
0.016415
0.016132
0.016417
0.016114
0.016453
0.016141
0.016414
0.016151
0.016403
0.016125
0.01644
0.016278
0.01709
0.01619
0.016493
0.016166
0.016437
0.016108
0.016454
0.016996
0.016442
0.016132
0.016514
0.016121
0.016406
0.016171
0.01641
0.016112
0.016417
0.016119
0.016422
0.015829
0.016264
0.015899
0.016262
0.015879
0.016234
0.015919
0.016246
0.015919
0.016263
0.015876
0.016228
0.015927
0.016298
0.015936
0.016259
0.015947
0.016277
0.016026
0.016377
0.015953
0.016597
0.015893
0.016334
0.015892
0.016294
0.015926
0.016297
0.015948
0.016437
0.015928
0.016848
0.01585
0.016403
0.016823
0.016269
0.015909
0.016214
0.015973
0.016396
0.015925
0.016261
0.015965
0.016267
0.015886
0.01628
0.016238
0.016282
0.015912
0.016279
0.015968
0.01632
0.015922
0.016248
0.016
0.0164
0.015944
0.016324
0.015956
0.016301
0.01603
0.016248
0.015941
0.01626
0.015979
0.016254
0.015844
0.016227
0.015972
0.01629
0.015886
0.016275
0.015968
0.016399
0.015888
0.016307
0.016023
0.016464
0.0159
0.016292
0.015923
0.016685
0.015941
0.016382
0.015894
0.016259
0.016045
0.016341
0.015988
0.016234
0.016413
0.016202
0.016496
0.01663
0.015994
0.016221
0.015986
0.016232
0.015985
0.016264
0.016045
0.016241
0.016061
0.016201
0.016427
0.016246
0.016455
0.016292
0.01606
0.016257
0.016011
0.016232
0.015988
0.016192
0.015987
0.016227
0.016005
0.016202
0.016036
0.016225
0.015982
0.016243
0.015993
0.016258
0.015972
0.016249
0.015988
0.016225
0.016002
0.016359
0.01604
0.016327
0.016002
0.016222
0.016004
0.016223
0.015994
0.016306
0.016005
0.016228
0.016169
0.016407
0.016058
0.016249
0.016004
0.0162
0.01621
0.016208
0.016004
0.016304
0.016071
0.016223
0.015966
0.016439
0.015987
0.016386
0.016012
0.016233
0.016008
0.016205
0.016045
0.01639
0.015983
0.016457
0.015996
0.016256
0.016079
0.016197
0.016052
0.01621
0.016168
0.0164
0.015999
0.01619
0.015995
0.017074
0.016012
0.016217
0.015965
0.016194
0.016033
0.016179
0.015998
0.016313
0.016149
0.016238
0.016027
0.016205
0.01623
0.016227
0.016026
0.016241
0.015988
0.016211
0.016572
0.016235
0.016216
0.016374
0.016226
0.016277
0.016142
0.016237
0.016136
0.016211
0.016307
0.016222
0.016148
0.016247
0.016158
0.016205
0.016166
0.016265
0.016141
0.016252
0.016111
0.016266
0.016169
0.016265
0.016131
0.016347
0.016169
0.016224
0.016158
0.016217
0.016096
0.016268
0.016123
0.016842
0.016174
0.016241
0.016141
0.016259
0.016755
0.016242
0.016116
0.016383
0.016155
0.016299
0.016151
0.016255
0.016139
0.016276
0.016165
0.016229
0.01616
0.016235
0.01617
0.016303
0.016149
0.016225
0.016112
0.016371
0.01613
0.016263
0.016144
0.016334
0.016158
0.016268
0.016127
0.016299
0.01613
0.016276
0.016132
0.016283
0.016179
0.016884
0.016195
0.016385
0.016225
0.016249
0.01616
0.016292
0.016086
0.016047
0.015854
0.016297
0.016066
0.015942
0.016193
0.016363
0.015868
0.016265
0.016215
0.016392
0.016163
0.016366
0.016177
0.016398
0.01653
0.016415
0.016202
0.017193
0.016174
0.017172
0.01618
0.016391
0.01626
0.016421
0.016162
0.017176
0.016159
0.016378
0.01616
0.017152
0.016213
0.017159
0.016303
0.016575
0.016595
0.016367
0.016208
0.016376
0.016171
0.016384
0.016196
0.016371
0.016217
0.016492
0.016156
0.016516
0.016245
0.016364
0.016154
0.016393
0.016205
0.016375
0.016184
0.016428
0.01664
0.016571
0.016307
0.016477
0.016217
0.01638
0.01614
0.017133
0.0162
0.0164
0.016162
0.016366
0.01624
0.016054
0.016255
0.016052
0.01627
0.016055
0.016246
0.016183
0.016248
0.01611
0.016217
0.016092
0.016266
0.01608
0.016231
0.016113
0.016224
0.01611
0.016261
0.016073
0.016256
0.016119
0.016216
0.016108
0.016221
0.016097
0.016231
0.01613
0.016244
0.016163
0.016227
0.0161
0.016255
0.016079
0.016257
0.016318
0.017182
0.016141
0.016228
0.016068
0.016226
0.016092
0.016207
0.016076
0.016195
0.016052
0.016281
0.016151
0.016245
0.016102
0.016268
0.016081
0.016231
0.016093
0.017189
0.016061
0.016288
0.016103
0.016231
0.016087
0.016204
0.016095
0.016852
0.016073
0.016447
0.016265
0.016257
0.016064
0.016268
0.016069
0.016251
0.016091
0.016243
0.016118
0.016236
0.016069
0.016218
0.016093
0.016247
0.016064
0.016219
0.016237
0.016229
0.016217
0.01625
0.016443
0.016325
0.016286
0.016225
0.016218
0.016272
0.016158
0.016219
0.016227
0.016245
0.016679
0.016254
0.016279
0.016305
0.016269
0.016323
0.016491
0.016269
0.016248
0.016274
0.016286
0.016259
0.016285
0.017178
0.016271
0.016212
0.017068
0.016278
0.016254
0.016206
0.016268
0.016227
0.016201
0.01631
0.017136
0.016202
0.016236
0.016378
0.016385
0.016293
0.016248
0.016289
0.016172
0.01623
0.01618
0.01633
0.016234
0.016243
0.016272
0.016038
0.015955
0.016042
0.015945
0.016053
0.015927
0.016077
0.015932
0.01606
0.015943
0.01604
0.01592
0.01605
0.015975
0.016053
0.015903
0.016066
0.015918
0.016057
0.01593
0.016083
0.015943
0.016065
0.01594
0.016077
0.01593
0.016929
0.016046
0.016038
0.01596
0.016049
0.016022
0.016059
0.016001
0.016083
0.016068
0.016028
0.016007
0.016164
0.015994
0.016029
0.015997
0.01607
0.016066
0.01602
0.016007
0.016041
0.016008
0.015875
0.016232
0.016194
0.016082
0.015958
0.017363
0.015958
0.015954
0.015906
0.015943
0.015938
0.015897
0.016306
0.015925
0.015908
0.015877
0.015883
0.015936
0.01606
0.015902
0.016354
0.015865
0.016499
0.015977
0.015948
0.015811
0.015911
0.015815
0.016225
0.015863
0.015862
0.016158
0.015898
0.016495
0.016149
0.016496
0.015974
0.015953
0.016
0.016377
0.015858
0.01614
0.016191
0.016148
0.015868
0.015841
0.016149
0.015878
0.016196
0.016177
0.01591
0.015887
0.016541
0.016167
0.01616
0.016167
0.01584
0.016191
0.016242
0.0164
0.016201
0.016183
0.016182
0.016015
0.016052
0.016055
0.016015
0.016053
0.01605
0.016033
0.016049
0.016025
0.016003
0.016029
0.016039
0.015992
0.016019
0.016042
0.01602
0.016073
0.016083
0.016063
0.016095
0.016117
0.016103
0.016038
0.016123
0.01602
0.016086
0.016013
0.016036
0.016065
0.016055
0.016071
0.01605
0.016031
0.016081
0.01607
0.016001
0.016102
0.016111
0.016049
0.016058
0.016015
0.016021
0.016014
0.016105
0.015905
0.015979
0.016157
0.016303
0.016179
0.016387
0.016194
0.016567
0.016317
0.016314
0.016255
0.016138
0.016169
0.016239
0.016153
0.016233
0.016158
0.016155
0.016151
0.016235
0.016171
0.016552
0.016142
0.016207
0.016146
0.016223
0.016187
0.016444
0.016191
0.016435
0.016467
0.016429
0.016465
0.016466
0.016154
0.016179
0.016188
0.016249
0.016173
0.01622
0.016212
0.01619
0.016214
0.016124
0.016537
0.016553
0.016497
0.016522
0.016081
0.016107
0.016113
0.016144
0.016125
0.016078
0.016323
0.016083
0.016176
0.016127
0.016779
0.016081
0.016094
0.016162
0.016099
0.016143
0.016126
0.016199
0.016127
0.016124
0.016123
0.016113
0.016444
0.016132
0.016402
0.01649
0.016342
0.01632
0.016363
0.016333
0.016351
0.016327
0.016321
0.01652
0.016349
0.016343
0.016368
0.01636
0.016345
0.016364
0.016315
0.016353
0.016355
0.01649
0.016976
0.016529
0.01634
0.016306
0.016327
0.016314
0.016337
0.016332
0.016347
0.01639
0.016382
0.016357
0.016982
0.016309
0.016344
0.016347
0.016372
0.016386
0.016343
0.016354
0.016326
0.016679
0.016308
0.016358
0.016308
0.016313
0.016149
0.01612
0.016075
0.016117
0.01632
0.016124
0.016128
0.016098
0.016102
0.016093
0.016101
0.016109
0.01612
0.016765
0.016141
0.016085
0.016052
0.016086
0.016069
0.016094
0.016087
0.016115
0.015979
0.016309
0.016573
0.015949
0.015962
0.016222
0.015925
0.01599
0.015969
0.016148
0.016189
0.016133
0.015995
0.016077
0.016298
0.016155
0.016124
0.016296
0.016118
0.016224
0.016272
0.016083
0.016319
0.0161
0.016389
0.016279
0.016302
0.016096
0.016302
0.01615
0.01628
0.016091
0.016275
0.016076
0.016329
0.016781
0.016311
0.01626
0.016365
0.016166
0.0163
0.016062
0.01628
0.016163
0.016265
0.016105
0.016285
0.016078
0.016336
0.016108
0.016279
0.016246
0.016283
0.016081
0.016273
0.016122
0.016344
0.016067
0.016297
0.016177
0.016291
0.016067
0.016319
0.016067
0.016268
0.016457
0.016367
0.016379
0.016239
0.016469
0.016081
0.016319
0.016216
0.016346
0.016771
0.016383
0.016072
0.016441
0.016134
0.016327
0.016074
0.016352
0.016084
0.016347
0.016099
0.016366
0.016772
0.016353
0.016078
0.016309
0.016104
0.016374
0.01608
0.016385
0.016096
0.016337
0.016119
0.016379
0.01609
0.01632
0.016142
0.016358
0.017096
0.016186
0.016267
0.017059
0.016313
0.016297
0.016169
0.01631
0.016169
0.016411
0.016412
0.016363
0.016276
0.01615
0.016179
0.016975
0.016228
0.016269
0.016577
0.015931
0.016237
0.016375
0.016218
0.016252
0.015995
0.016119
0.015986
0.016027
0.015988
0.0161
0.015988
0.016079
0.015995
0.016042
0.016017
0.016032
0.016013
0.016049
0.016031
0.016067
0.016162
0.016071
0.015968
0.016051
0.016029
0.016049
0.016035
0.01608
0.016084
0.016073
0.01605
0.016107
0.015995
0.016089
0.016
0.016073
0.016041
0.016037
0.016025
0.016077
0.015945
0.016092
0.016122
0.016201
0.016193
0.01614
0.015917
0.016219
0.016044
0.015979
0.016075
0.016043
0.01599
0.016185
0.016006
0.016014
0.015959
0.016048
0.016102
0.016366
0.016124
0.016224
0.016067
0.016193
0.016301
0.016251
0.016294
0.016191
0.016054
0.016196
0.016356
0.016194
0.01609
0.017164
0.016124
0.016228
0.016068
0.016244
0.016024
0.016236
0.016071
0.016212
0.016062
0.016284
0.016471
0.016202
0.016075
0.016214
0.016091
0.016214
0.016005
0.016263
0.016084
0.016172
0.016075
0.016166
0.016039
0.016205
0.016106
0.016294
0.016038
0.016256
0.01605
0.016167
0.016095
0.016179
0.016073
0.016213
0.016058
0.016209
0.016025
0.01621
0.016019
0.016222
0.016201
0.016391
0.016478
0.01613
0.016136
0.016196
0.016127
0.016926
0.016166
0.016235
0.016182
0.016248
0.016195
0.016265
0.016182
0.016244
0.016181
0.016218
0.016171
0.016222
0.016237
0.016197
0.016205
0.01622
0.016233
0.016243
0.016201
0.01621
0.016176
0.016246
0.016332
0.016364
0.016293
0.016187
0.016296
0.016188
0.016056
0.016328
0.016042
0.016333
0.016006
0.01633
0.016023
0.016339
0.016037
0.016318
0.016151
0.016462
0.016058
0.016345
0.016037
0.016317
0.016248
0.016323
0.016004
0.016327
0.01622
0.016027
0.016051
0.015958
0.016091
0.015937
0.016115
0.015953
0.01606
0.015949
0.016115
0.015933
0.016068
0.015969
0.016104
0.015946
0.016109
0.015972
0.016069
0.015954
0.016071
0.015918
0.016078
0.015947
0.016382
0.016241
0.016314
0.016291
0.016351
0.01626
0.016315
0.016282
0.016392
0.016256
0.016374
0.016231
0.016366
0.01624
0.016486
0.016439
0.016358
0.016311
0.016355
0.016288
0.016372
0.01627
0.016403
0.017186
0.016382
0.016284
0.016376
0.016301
0.016358
0.016307
0.016408
0.01633
0.016404
0.016318
0.016398
0.016257
0.016342
0.016481
0.016397
0.016271
0.016131
0.01596
0.01626
0.016215
0.016253
0.016283
0.016172
0.015933
0.016167
0.016193
0.016193
0.016211
0.016181
0.016235
0.016195
0.01622
0.016346
0.016185
0.016281
0.016431
0.016172
0.01622
0.016185
0.016271
0.016165
0.016203
0.01618
0.016232
0.016035
0.015978
0.016031
0.015958
0.016089
0.01593
0.016932
0.016058
0.016063
0.015977
0.016065
0.016524
0.01603
0.015979
0.016019
0.015968
0.016046
0.015993
0.016196
0.016535
0.016176
0.016235
0.016171
0.016556
0.016221
0.016527
0.016202
0.016591
0.01623
0.016519
0.016196
0.01655
0.016808
0.016116
0.016232
0.016531
0.016263
0.01655
0.016271
0.016497
0.016592
0.016542
0.016252
0.016529
0.016256
0.016521
0.016242
0.016512
0.016236
0.016589
0.01624
0.016573
0.016205
0.016568
0.016218
0.01695
0.016262
0.016522
0.016236
0.016117
0.016656
0.016191
0.016402
0.016353
0.016246
0.016127
0.016274
0.016187
0.016202
0.016148
0.016258
0.016135
0.016223
0.016103
0.016214
0.016138
0.016206
0.016116
0.016238
0.01617
0.016236
0.016108
0.016317
0.01688
0.016253
0.016864
0.016272
0.016227
0.016205
0.016151
0.016255
0.016286
0.016734
0.016051
0.016125
0.01607
0.016123
0.016087
0.016104
0.016105
0.016123
0.016054
0.016085
0.016051
0.016033
0.01616
0.016162
0.016131
0.01611
0.016185
0.016123
0.016131
0.016077
0.016152
0.016128
0.016137
0.016107
0.016143
0.016105
0.016223
0.016142
0.01626
0.016178
0.016246
0.016162
0.016219
0.016208
0.016203
0.016151
0.016263
0.016192
0.016231
0.015935
0.016231
0.016144
0.016313
0.015905
0.016343
0.016259
0.016374
0.016313
0.016316
0.016133
0.016283
0.016167
0.016243
0.016124
0.016329
0.016121
0.016248
0.016122
0.016274
0.016174
0.016292
0.016136
0.016211
0.016136
0.016302
0.016137
0.016413
0.016156
0.016251
0.01645
0.016339
0.016229
0.016466
0.016277
0.016227
0.01644
0.016254
0.016262
0.01633
0.016599
0.016166
0.016156
0.016182
0.016425
0.016385
0.016376
0.016383
0.016393
0.016418
0.016398
0.016545
0.016423
0.016363
0.016446
0.016426
0.016397
0.016583
0.016433
0.016408
0.016431
0.016473
0.016074
0.016193
0.016202
0.01626
0.016481
0.01637
0.016105
0.016479
0.016113
0.016138
0.016452
0.016386
0.016386
0.016275
0.016556
0.016511
0.016375
0.016258
0.016109
0.016297
0.016104
0.016153
0.016133
0.016136
0.016098
0.016261
0.016102
0.016143
0.016067
0.016141
0.016109
0.016155
0.016108
0.016786
0.016294
0.016381
0.016327
0.016311
0.016239
0.016244
0.016107
0.016205
0.016227
0.016211
0.016244
0.016175
0.016255
0.016202
0.016228
0.016166
0.016213
0.016262
0.016266
0.016268
0.016259
0.01621
0.016219
0.016205
0.01627
0.016319
0.016267
0.016189
0.016225
0.016232
0.016233
0.01643
0.016222
0.016222
0.016223
0.016222
0.016199
0.016219
0.016087
0.016204
0.016328
0.016192
0.016955
0.016317
0.016136
0.016027
0.015998
0.016252
0.016315
0.016162
0.016085
0.015955
0.016183
0.01602
0.016333
0.01622
0.016212
0.016158
0.016245
0.016163
0.016132
0.016271
0.015982
0.016028
0.016621
0.016047
0.015926
0.016298
0.016039
0.016735
0.01624
0.016052
0.016412
0.016385
0.016013
0.017168
0.016118
0.016254
0.016185
0.016292
0.015901
0.016278
0.015949
0.016531
0.015955
0.016325
0.015985
0.016341
0.015947
0.016256
0.016018
0.016271
0.015989
0.016275
0.015908
0.016267
0.016073
0.016326
0.015968
0.016304
0.015908
0.016288
0.01597
0.016284
0.016
0.016278
0.01594
0.01701
0.015979
0.016243
0.016203
0.015991
0.01682
0.016387
0.016203
0.016387
0.016175
0.016391
0.016159
0.016394
0.016153
0.01643
0.016162
0.016404
0.016207
0.016465
0.016155
0.017276
0.016198
0.016432
0.016174
0.0164
0.016166
0.016499
0.016165
0.016422
0.016186
0.016391
0.016194
0.016377
0.016242
0.01639
0.016192
0.016412
0.01623
0.016505
0.016298
0.016458
0.016167
0.016435
0.016524
0.016624
0.016922
0.01639
0.01628
0.016427
0.016322
0.016086
0.016227
0.016297
0.016309
0.016091
0.016171
0.015998
0.016267
0.015991
0.016132
0.016024
0.016187
0.015973
0.016195
0.016024
0.016158
0.015998
0.016206
0.015948
0.016208
0.015974
0.016343
0.016099
0.016231
0.016131
0.016225
0.016021
0.01624
0.016014
0.016242
0.01598
0.016461
0.015963
0.016267
0.01598
0.016225
0.016015
0.016393
0.016663
0.016295
0.016236
0.016276
0.016213
0.016318
0.016272
0.016302
0.016282
0.016282
0.016268
0.016369
0.016238
0.016394
0.016205
0.016312
0.016303
0.016431
0.016233
0.016361
0.016228
0.016535
0.016232
0.016268
0.016234
0.016317
0.016213
0.016491
0.01623
0.016344
0.016291
0.016339
0.016368
0.016225
0.016802
0.01631
0.015997
0.016357
0.016011
0.016324
0.015994
0.016349
0.015988
0.016457
0.016013
0.01626
0.016045
0.016282
0.016018
0.016309
0.016082
0.016314
0.015996
0.016308
0.015984
0.016373
0.015994
0.016307
0.015994
0.016322
0.016078
0.016275
0.016767
0.016287
0.01603
0.016324
0.016018
0.016324
0.016032
0.016353
0.016019
0.016277
0.016051
0.016556
0.016045
0.016342
0.016016
0.016353
0.016159
0.016741
0.016336
0.016804
0.016171
0.016157
0.016194
0.016576
0.016108
0.016292
0.016257
0.016238
0.016236
0.016328
0.016432
0.016188
0.016162
0.016195
0.016152
0.01618
0.01618
0.016166
0.016212
0.016236
0.016189
0.016155
0.01658
0.016169
0.016185
0.01616
0.016305
0.016178
0.016163
0.016195
0.016239
0.016215
0.016209
0.016222
0.016346
0.016185
0.01621
0.01616
0.016193
0.016175
0.016204
0.016478
0.016171
0.016556
0.016152
0.016483
0.016036
0.016479
0.016057
0.016489
0.016052
0.016198
0.016163
0.016478
0.016664
0.016446
0.016065
0.01617
0.01621
0.016845
0.01604
0.016527
0.016076
0.016923
0.016075
0.016488
0.016029
0.016552
0.016051
0.016498
0.016057
0.016596
0.016169
0.016511
0.016033
0.016564
0.016088
0.016522
0.016049
0.016499
0.016076
0.016573
0.016141
0.017119
0.01615
0.016498
0.016157
0.016478
0.01607
0.016505
0.015985
0.016486
0.016042
0.016459
0.016048
0.01645
0.016051
0.0165
0.01603
0.016248
0.016248
0.016314
0.016272
0.016236
0.016202
0.016232
0.016208
0.016244
0.016316
0.016244
0.016227
0.016274
0.016261
0.016217
0.016238
0.016251
0.016252
0.016192
0.016267
0.016216
0.016238
0.016195
0.016173
0.016207
0.01621
0.01626
0.016247
0.016771
0.01619
0.016187
0.016241
0.016226
0.01619
0.016187
0.016265
0.016207
0.01619
0.016176
0.016232
0.016235
0.016677
0.016276
0.016209
0.016211
0.016185
0.016156
0.016203
0.016206
0.016166
0.016166
0.016245
0.016151
0.016509
0.016144
0.01626
0.016099
0.016259
0.016108
0.016428
0.016309
0.016245
0.016131
0.016271
0.016217
0.016442
0.016192
0.016316
0.016119
0.016276
0.0161
0.016352
0.016114
0.016221
0.016262
0.016266
0.016106
0.016291
0.016082
0.016264
0.016285
0.016223
0.016914
0.016222
0.016895
0.01631
0.016113
0.016267
0.016103
0.016278
0.016209
0.016356
0.016119
0.016241
0.016104
0.016269
0.016447
0.016032
0.016461
0.016013
0.016325
0.016361
0.016092
0.016234
0.016491
0.016231
0.015989
0.01631
0.016412
0.016421
0.016013
0.016315
0.016059
0.016344
0.016066
0.01633
0.016046
0.016378
0.015989
0.016424
0.016113
0.016322
0.016039
0.016261
0.015994
0.016306
0.016082
0.016271
0.016125
0.016303
0.016019
0.016294
0.016012
0.01632
0.01606
0.01626
0.015998
0.016254
0.015961
0.016324
0.016017
0.016247
0.016041
0.016265
0.016046
0.016287
0.016013
0.016292
0.016044
0.016257
0.01604
0.016265
0.016131
0.016444
0.016178
0.016157
0.016209
0.016248
0.016304
0.01628
0.016598
0.016301
0.016004
0.016306
0.01647
0.016479
0.016521
0.016235
0.016485
0.016033
0.016507
0.016097
0.01646
0.016094
0.016522
0.016052
0.016493
0.016058
0.016663
0.016052
0.016465
0.016196
0.016463
0.016074
0.016603
0.016048
0.016452
0.016073
0.016499
0.016038
0.016469
0.01606
0.016488
0.016115
0.016501
0.016132
0.016538
0.016037
0.016471
0.016091
0.016474
0.01605
0.016471
0.016061
0.016474
0.016069
0.016538
0.016055
0.016136
0.016173
0.01623
0.016237
0.016238
0.016161
0.016217
0.016191
0.016209
0.01636
0.016203
0.016154
0.016812
0.016251
0.016167
0.016095
0.016171
0.016126
0.016218
0.016148
0.016522
0.016046
0.016275
0.016267
0.016275
0.016207
0.016247
0.016255
0.016226
0.016308
0.016224
0.016287
0.016291
0.016285
0.016291
0.01685
0.016296
0.016215
0.016277
0.016252
0.016239
0.016263
0.016271
0.016858
0.016287
0.01626
0.016253
0.016293
0.016333
0.016232
0.016261
0.016241
0.016256
0.016255
0.016251
0.016312
0.01614
0.016813
0.016511
0.016075
0.016223
0.016251
0.016444
0.016266
0.016374
0.016102
0.016141
0.016279
0.01629
0.016167
0.016247
0.016347
0.016185
0.016445
0.016191
0.016315
0.016137
0.016299
0.016241
0.016354
0.016137
0.016495
0.01618
0.016391
0.016194
0.016338
0.016167
0.016327
0.016256
0.016145
0.016312
0.016176
0.016287
0.016138
0.016276
0.01616
0.016376
0.016221
0.016289
0.016155
0.016311
0.016142
0.016428
0.016233
0.016753
0.01621
0.01632
0.016107
0.016293
0.016161
0.016279
0.016116
0.016268
0.016119
0.016389
0.01635
0.016311
0.016176
0.016297
0.016107
0.016438
0.016218
0.016316
0.016103
0.016291
0.016092
0.01628
0.016157
0.016426
0.016226
0.016399
0.016244
0.016247
0.016385
0.016538
0.016285
0.016867
0.01715
0.016309
0.016275
0.016159
0.016088
0.016204
0.01632
0.016135
0.016262
0.016117
0.016289
0.016139
0.016267
0.016123
0.016393
0.016372
0.016265
0.016153
0.016261
0.016134
0.016284
0.016207
0.016246
0.016113
0.016296
0.016232
0.016358
0.016127
0.016246
0.016127
0.016263
0.016285
0.016268
0.017107
0.016245
0.016131
0.016272
0.016134
0.016319
0.016233
0.016277
0.016129
0.01625
0.016127
0.016283
0.016116
0.016299
0.016148
0.016301
0.016185
0.016267
0.016166
0.016246
0.016211
0.016087
0.016282
0.016144
0.016321
0.016135
0.016213
0.016566
0.016506
0.016713
0.016457
0.016313
0.016266
0.017152
0.016233
0.016549
0.016328
0.016645
0.01628
0.016497
0.01626
0.017155
0.016246
0.016558
0.016352
0.016662
0.016357
0.016575
0.016294
0.016512
0.016288
0.016563
0.016315
0.016533
0.016303
0.016511
0.016251
0.016549
0.016274
0.016505
0.016486
0.016626
0.016306
0.016603
0.016329
0.016291
0.016341
0.016296
0.016309
0.01633
0.016344
0.016315
0.016389
0.016357
0.016366
0.016289
0.016338
0.016294
0.016315
0.016352
0.016331
0.016341
0.016295
0.016352
0.016292
0.016322
0.016334
0.016563
0.016326
0.016298
0.016296
0.016327
0.016308
0.016317
0.016281
0.01632
0.016317
0.016296
0.01631
0.016604
0.016294
0.016349
0.016347
0.016341
0.016546
0.016368
0.016376
0.016411
0.016346
0.016347
0.016323
0.016305
0.016343
0.016049
0.016425
0.016073
0.016525
0.016065
0.016432
0.016135
0.016461
0.016128
0.017378
0.016324
0.016412
0.016043
0.016416
0.016083
0.016429
0.01607
0.0165
0.016137
0.016505
0.016029
0.016511
0.016148
0.016148
0.016127
0.01622
0.016078
0.016481
0.016073
0.01642
0.01605
0.016158
0.01616
0.016185
0.016063
0.016466
0.01612
0.016204
0.016124
0.016203
0.016067
0.016172
0.016098
0.016438
0.016092
0.016218
0.016078
0.01621
0.016084
0.017081
0.016042
0.016216
0.016069
0.016212
0.016099
0.017126
0.016116
0.01615
0.016116
0.016425
0.016086
0.016314
0.016251
0.016198
0.016066
0.016233
0.016085
0.016196
0.016095
0.016248
0.016123
0.016184
0.016078
0.016197
0.016106
0.016231
0.016341
0.016101
0.016138
0.016193
0.016222
0.016086
0.016195
0.016132
0.016305
0.016057
0.01623
0.016105
0.016634
0.017144
0.01623
0.016044
0.016276
0.016149
0.016176
0.016097
0.016204
0.016049
0.016193
0.016083
0.016157
0.016106
0.016137
0.016116
0.016134
0.016105
0.01613
0.016103
0.016134
0.016088
0.016127
0.016121
0.016181
0.01612
0.016168
0.016082
0.016149
0.016073
0.01621
0.01589
0.016507
0.016089
0.016047
0.016108
0.016091
0.016095
0.016155
0.01607
0.016089
0.016668
0.01603
0.016067
0.016089
0.016039
0.016075
0.016075
0.016087
0.016095
0.016144
0.016091
0.016083
0.016036
0.016066
0.016025
0.016124
0.016113
0.016124
0.016101
0.016158
0.016065
0.01618
0.016087
0.016173
0.016142
0.016141
0.016179
0.016081
0.016066
0.0161
0.016041
0.016081
0.016103
0.016024
0.016982
0.016075
0.016046
0.016084
0.016041
0.01607
0.016075
0.016073
0.016029
0.016125
0.016184
0.016069
0.016073
0.016041
0.016199
0.016145
0.0161
0.016266
0.016442
0.016431
0.016075
0.016293
0.016262
0.015902
0.016071
0.016263
0.016086
0.016262
0.01626
0.015956
0.016072
0.016882
0.016304
0.016539
0.016164
0.015905
0.016193
0.015956
0.016342
0.015924
0.016605
0.015901
0.016257
0.016029
0.016185
0.015954
0.016257
0.01595
0.016336
0.015901
0.016181
0.016
0.016273
0.015967
0.01616
0.015937
0.016208
0.016018
0.016161
0.016336
0.016058
0.016278
0.016072
0.016321
0.016039
0.016273
0.016057
0.016294
0.016147
0.016317
0.016066
0.016233
0.016061
0.016462
0.016229
0.016305
0.016077
0.016286
0.016125
0.01634
0.016079
0.016249
0.016139
0.016293
0.016114
0.016262
0.016116
0.016304
0.016076
0.016279
0.016073
0.016277
0.0168
0.016315
0.016221
0.016294
0.016296
0.016332
0.01628
0.016302
0.016455
0.016546
0.016177
0.015888
0.016449
0.016464
0.01641
0.016421
0.016422
0.016436
0.016522
0.016435
0.016425
0.01648
0.01648
0.016455
0.016553
0.016434
0.016398
0.01645
0.016394
0.016468
0.016393
0.016458
0.016419
0.016434
0.016398
0.016478
0.016411
0.016454
0.016409
0.016454
0.016391
0.01645
0.016401
0.016476
0.017055
0.016443
0.016393
0.016456
0.016539
0.016745
0.016588
0.016509
0.016448
0.016432
0.016421
0.016408
0.016454
0.016431
0.016457
0.016403
0.016464
0.016491
0.016345
0.01633
0.016436
0.016451
0.016316
0.016397
0.016295
0.016362
0.016319
0.016349
0.016322
0.016427
0.016304
0.016362
0.016516
0.016291
0.01632
0.016314
0.016339
0.016316
0.016329
0.016344
0.016477
0.016392
0.01634
0.016313
0.016307
0.01636
0.016437
0.0166
0.016518
0.016404
0.01632
0.016338
0.016298
0.016327
0.01631
0.016333
0.016373
0.016408
0.016422
0.016384
0.016146
0.016288
0.016177
0.016305
0.016896
0.01628
0.01611
0.016169
0.016064
0.016313
0.016108
0.016195
0.016053
0.01614
0.016091
0.016154
0.016075
0.016141
0.016032
0.016144
0.016284
0.016192
0.016052
0.016369
0.016094
0.016256
0.016069
0.016245
0.016052
0.016256
0.016072
0.01633
0.016036
0.016258
0.016036
0.016295
0.016293
0.016415
0.016083
0.016271
0.016084
0.016261
0.016094
0.01629
0.016094
0.016257
0.016094
0.016258
0.016139
0.01628
0.016146
0.016329
0.016304
0.016241
0.016194
0.016175
0.016239
0.01619
0.016244
0.016238
0.016227
0.016206
0.016253
0.01617
0.016268
0.016232
0.016277
0.016195
0.016251
0.01616
0.016243
0.016222
0.016439
0.016271
0.016254
0.016226
0.016275
0.016198
0.016229
0.01622
0.016263
0.016185
