61 610 52.755335105448
63 630 53.655445388099
95 950 69.955511707456
60 600 74.155586175287
85 850 74.156940175287
71 710 74.160976175287
65 650 76.655633682814
79 790 76.657026682814
87 870 76.658406682814
69 690 78.755419707668
62 620 78.756812707668
78 780 83.15779456102
84 840 83.16183056102
92 920 83.16318456102
94 940 87.658310066774
96 960 92.355383458532
83 830 92.356711458532
86 860 92.359471458532
81 810 100.777707819021
73 730 100.779074819021
80 800 100.780467819021
91 910 100.781821819021
77 770 100.783227819021
89 890 100.784607819021
98 980 100.785935819021
70 700 101.261748981207
67 670 101.267191435843
66 660 101.273949345115
82 820 101.275290345115
69 691 101.298518075232
76 760 103.665135181704
75 751 103.671931181704
61 611 112.755335435241
75 750 121.86107021037
88 880 121.86515821037
70 701 121.86649921037
88 881 121.86785321037
68 680 122.158274682978
72 720 122.159641682978
74 740 122.160995682978
68 681 122.177907482902
80 801 122.187502482902
87 871 122.258265679639
79 791 122.789737844221
90 900 124.169412572819
99 990 124.185829572819
73 731 124.187248572819
64 641 125.255606223644
97 971 125.256960223644
86 861 131.269292133934
93 930 134.655532222746
65 651 134.66478008115
99 991 134.67985608115
97 970 136.655556419488
64 640 136.656884419488
63 631 136.684419419488
83 831 136.687140419488
77 771 136.688507419488
76 761 136.699391419488
78 781 136.755543415282
91 911 136.756910415282
89 891 136.758277415282
82 821 136.765112415282
71 711 145.670390880143
90 901 145.673098880143
93 931 145.772103879252
96 961 164.662598951132
84 841 167.678757738872
98 981 167.684277738872
92 921 167.685631738872
81 811 167.77311373458
72 721 173.267705911609
85 851 173.270439911609
66 661 173.271819911609
94 941 173.273238911609
74 741 173.274605911609
67 671 181.684287992801
60 601 181.689742992801
60 602 181.696577992801
99 992 181.697918992801
66 662 187.26226207149
95 952 187.27041207149
88 882 187.28002007149
73 732 196.371011819187
70 702 196.372391819187
91 912 196.381843819187
75 752 196.384603819187
62 621 207.255510217331
62 622 207.256929217331
71 712 207.263842217331
68 682 207.265183217331
81 812 207.266524217331
74 742 207.267852217331
84 842 207.269219217331
85 852 207.270560217331
83 832 207.271927217331
90 902 207.288396217331
98 982 207.289737217331
80 802 207.292510217331
69 692 207.296663217331
64 642 208.161189636385
79 792 208.168024636385
86 862 208.169443636385
72 722 208.185886636385
61 612 208.187279636385
89 892 216.673297330935
82 822 231.263436061504
63 632 231.264790061504
78 782 231.797641921741
94 942 231.799060921741
60 603 231.855630436839
77 772 231.857023436839
73 733 234.686612918507
95 951 234.777996109407
74 743 235.165156547518
87 872 239.255379090073
69 693 239.273085090073
96 962 240.35543562077
76 762 241.680649667689
96 963 241.689085667689
88 883 242.180572935873
62 623 242.196989935873
95 953 247.695595386036
92 922 247.697001386036
65 652 247.698407386036
92 923 247.755527381531
77 773 255.284498816308
67 673 256.662321345065
68 683 256.670627345065
80 803 260.188662413353
76 763 260.190003413353
78 783 260.263761011055
97 972 263.26661201137
84 843 263.29689401137
61 613 263.29964101137
71 713 263.355661087167
98 983 263.357054087167
64 643 263.358408087167
63 633 269.183752216907
75 753 269.198997216907
90 903 278.183438882337
64 644 278.184844882337
99 993 286.76520417165
68 684 286.76797717165
73 734 286.76939617165
67 674 286.77081517165
65 653 299.667912635652
72 723 299.669279635652
84 844 299.767400142359
83 833 302.959764938716
85 853 302.961170938716
82 823 305.155585371805
66 663 305.156952371805
66 664 305.666206350398
63 634 305.671674350398
78 784 305.673067350398
83 834 305.674447350398
85 854 305.683886350398
76 764 305.699027350398
96 964 305.755500615578
94 943 307.688745706691
82 824 307.690073706691
92 924 307.774628538892
91 913 309.188193923796
77 774 309.193571661626
86 863 309.196254399456
93 933 309.198963137286
71 714 309.774465184979
61 614 310.370639792691
86 864 324.180888097259
81 813 330.655513301433
70 703 330.659627301433
81 814 330.660981301433
79 794 331.688564590736
87 874 331.689944590736
98 984 331.691272590736
65 654 335.195384429231
95 954 335.259527926976
93 934 335.260894926976
88 884 335.262261926976
91 914 343.294243733472
74 744 346.963313037772
60 604 346.964706037772
89 893 351.661641433865
89 894 351.662982433865
62 624 351.686273433865
80 805 351.757065436971
98 985 357.195340625429
80 804 357.686168264862
61 615 366.256759229103
69 694 366.274764229103
97 973 368.190057259146
97 974 368.191411259146
90 905 368.195512259146
62 625 368.196931259146
81 815 368.198259259146
89 895 371.699502934884
99 994 382.193428615432
65 655 382.194769615432
83 835 382.197451615432
93 935 382.255485611114
60 605 382.259729611114
84 845 390.968305135265
72 725 390.989943499789
77 775 390.998067621297
73 735 391.058374431111
79 795 391.061043509371
70 705 391.065092587631
78 785 391.169976123622
67 675 391.191965123622
94 945 391.194712123622
85 855 391.196118123622
71 715 391.28031802913
68 685 393.663577674972
91 915 393.666324674972
76 765 393.669097674972
75 754 393.673159674972
75 755 393.677351674972
70 704 393.681478674972
82 825 393.682845674972
94 944 393.685592674972
95 955 393.696632674972
69 695 393.777555141413
88 885 393.780328141413
86 865 401.188807976546
64 645 401.259826972517
63 635 401.261206972517
66 665 401.262547972517
60 606 408.797030203211
67 676 433.765918371697
92 925 433.767298371697
77 776 434.964940706404
97 975 435.163907194498
78 786 435.165313194498
90 906 435.187393194498
64 646 435.190218194498
93 936 435.197053194498
98 986 435.199878194498
87 876 435.259819190682
89 896 435.266784190682
80 806 435.268112190682
86 866 435.269453190682
97 976 435.270820190682
99 995 445.663840146706
84 846 457.168576953695
95 956 462.678895210583
87 875 466.67046335106
76 766 466.67870435106
68 686 466.68563035106
77 777 466.695631455871
82 826 471.294036954422
85 856 474.157856319972
91 916 474.159236319972
63 636 474.1822558703
68 687 474.258097579565
61 616 485.295189971553
62 627 485.362604967665
70 706 485.364010967665
71 716 485.756735756313
66 666 485.758141756313
96 966 485.759560756313
73 736 485.769064756313
83 836 485.773230756313
72 726 485.774584756313
94 946 485.781419756313
96 965 485.784218756313
79 796 493.284423332341
63 637 493.291206791729
84 847 493.297938251117
99 996 498.170223465709
75 756 498.171564465709
73 737 498.172957465709
69 696 498.178477465709
92 926 498.181133465709
79 797 498.185221465709
82 827 498.186627465709
74 747 498.188007465709
61 617 498.189361465709
78 787 498.190754465709
95 957 498.199008465709
96 967 498.259547461744
92 927 511.165501947255
65 657 511.166881947255
66 667 517.158068111188
94 947 517.163536111188
74 746 520.661040242119
73 738 520.692689242119
62 626 529.165793579817
85 857 529.174008579817
83 837 537.266859395892
71 717 537.281870395892
67 677 537.284669395892
86 867 537.286075395892
80 807 537.287416395892
88 887 537.290202395892
67 678 537.291543395892
68 688 537.292871395892
65 656 537.294199395892
71 718 537.295540395892
79 798 537.296959395892
72 727 537.355404391371
86 868 537.358138391371
60 607 537.359518391371
90 907 537.360885391371
97 977 537.362213391371
97 978 537.363593391371
92 928 537.364934391371
88 888 539.365165368676
69 697 543.283590869997
69 698 543.290529869997
76 767 543.291857869997
64 647 543.293198869997
93 937 543.294552869997
89 897 543.297312869997
65 658 543.298666869997
64 648 543.355479397232
88 886 549.262405028101
90 908 553.187968151018
99 997 553.189374151018
99 998 566.989489436661
74 748 572.659065098915
66 668 572.661812098915
94 948 572.771534530302
79 799 605.369267215398
99 999 605.374722215398
82 829 605.376128215398
64 649 605.380255215398
