69 620 78.756929891739
73 660 104.965282806349
56 660 104.965282806349
3 660 104.965282806349
4 680 124.164300009079
80 681 125.177341065851
0 681 125.177341065851
97 640 132.763368783532
16 640 132.763368783532
77 631 132.797172583115
36 631 132.797172583115
13 631 132.797172583115
45 651 134.679840098255
93 651 134.679840098255
20 670 168.687486470352
6 670 168.687486470352
57 621 168.698396470352
6 621 168.698396470352
40 661 176.670803193592
33 661 176.670803193592
20 641 176.679083193592
33 641 176.679083193592
71 682 207.263591854347
62 682 207.263591854347
12 602 207.281505854347
62 602 207.281505854347
64 652 208.161411514924
29 672 211.46954273442
26 632 216.682556053185
32 632 216.682556053185
32 601 217.162862513648
46 601 217.162862513648
73 612 234.67709357336
15 603 234.770835664248
96 692 245.171631505369
58 692 245.171631505369
17 692 245.171631505369
56 673 256.660162466419
77 623 260.685023951106
10 623 260.685023951106
9 613 275.769189360534
98 643 275.773368360534
40 643 275.773368360534
9 643 275.773368360534
36 633 275.784356360534
76 633 275.784356360534
9 633 275.784356360534
51 674 300.200068953107
92 683 300.255524878681
20 683 300.255524878681
51 683 300.255524878681
78 634 305.678976211235
83 634 305.678976211235
97 693 307.680073851683
73 693 307.680073851683
50 693 307.680073851683
73 684 307.684174851683
50 684 307.684174851683
82 663 309.25546253568
8 663 309.25546253568
8 664 309.35684998242
11 654 335.181789854015
53 654 335.181789854015
98 654 335.181789854015
35 694 335.188546854015
21 694 335.188546854015
98 694 335.188546854015
4 624 335.192634854015
46 624 335.192634854015
98 624 335.192634854015
89 604 368.159611064922
80 604 368.159611064922
80 615 368.166446064922
21 625 382.168564530301
62 614 382.169918530301
21 614 382.169918530301
21 605 382.179448530301
46 685 393.663745497352
36 685 393.663745497352
15 695 393.665151497352
36 695 393.665151497352
47 675 393.673379497352
76 675 393.673379497352
36 675 393.673379497352
45 655 398.177683788904
60 655 398.177683788904
63 665 407.865160645038
93 665 407.865160645038
59 665 407.865160645038
1 676 415.17013581686
10 644 432.662018140018
13 644 432.662018140018
10 645 432.663411140018
13 645 432.663411140018
77 646 434.972226050515
64 635 435.183197832291
97 635 435.183197832291
78 635 435.183197832291
40 686 463.280133523187
17 627 471.281277766821
76 656 471.282657766821
3 656 471.282657766821
17 656 471.282657766821
42 626 471.284063766821
3 626 471.284063766821
17 626 471.284063766821
6 607 474.263687836118
68 607 474.263687836118
35 666 479.165697981685
5 696 489.168986190564
92 696 489.168986190564
2 657 489.171772190564
92 657 489.171772190564
31 617 520.675315024412
73 617 520.675315024412
76 636 533.763719022962
46 636 533.763719022962
24 636 533.763719022962
76 637 533.765138022962
46 637 533.765138022962
24 637 533.765138022962
52 677 539.8633368545
55 677 539.8633368545
65 647 543.276386716432
66 647 543.276386716432
65 618 543.280435716432
66 618 543.280435716432
66 658 543.281854716432
66 698 544.972574779541
46 698 544.972574779541
39 638 563.667911325103
51 667 563.673327325103
39 667 563.673327325103
39 608 563.677467325103
31 678 563.687049325103
39 678 563.687049325103
39 697 563.766518330034
60 697 563.766518330034
67 697 563.766518330034
63 688 574.173517528214
60 688 574.173517528214
