61 610 52.755460578465
21 210 52.756879578465
63 630 53.655562734101
20 200 54.157401674309
25 250 56.655460325104
62 620 56.659626325104
60 600 74.155556758343
26 260 76.656805930098
69 690 78.755465275489
24 240 78.766440275489
27 270 78.767820275489
65 650 79.156950092208
29 290 80.655492479182
29 291 80.66090928042
27 271 101.659678600205
61 611 112.755408908258
69 691 116.755478163514
25 251 118.168037698113
66 660 122.192168764795
28 280 124.16088356376
28 281 124.16637756376
22 220 124.16774456376
68 680 124.16908556376
20 201 142.159257498843
64 640 142.160598498843
67 670 142.167368696591
64 641 142.170050748198
63 631 142.18088304482
60 601 142.192863934
62 621 166.761080900249
68 681 166.777820148795
67 671 186.177663726957
24 241 186.179004726957
24 242 186.181764726957
27 272 186.183118726957
26 262 186.188651726957
22 221 187.159795761973
66 661 187.255518004626
21 212 187.270349247362
62 622 207.259697863406
65 651 208.158488760303
23 231 208.159894760303
23 232 208.161261760303
64 642 208.162680760303
23 230 208.164073760303
22 222 208.166040781119
61 612 208.175380474965
69 692 210.765345176354
29 292 212.655466210159
25 252 212.658161210159
29 293 212.660921210159
67 672 212.666441210159
21 211 230.662987747061
60 602 230.675277747061
68 682 230.678050747061
20 202 232.157648642953
28 282 232.187104427811
20 203 253.262418229332
62 623 253.269150238228
63 633 255.684415997825
27 274 255.691354997825
65 652 256.155601535019
28 283 256.156929535019
25 253 256.174480922131
27 273 256.179858439389
63 632 256.182553683879
61 613 276.18356280482
67 673 276.255418508269
25 254 297.183409823377
24 244 297.195609817721
66 663 297.197002817721
23 233 297.198382817721
64 643 297.270124406396
63 634 297.272910406396
65 653 297.282479406396
64 644 297.286632406396
24 243 297.289405406396
20 204 298.195358292782
60 603 298.196712292782
67 674 298.198040292782
29 294 298.77815098744
21 213 298.79726298744
23 234 318.173347928425
68 684 318.174740928425
66 664 318.182981928425
69 693 319.274410468471
26 263 319.780693858675
69 694 320.679126389101
68 683 341.276881365836
23 235 341.282531365836
62 624 341.283924365836
27 275 341.285317365836
28 285 354.767129980488
61 614 354.771153421256
21 214 362.172721757109
65 654 362.180832757109
22 224 362.679962469553
29 295 366.184314490934
60 605 366.185720490934
62 625 366.187126490934
21 215 384.655389717847
21 216 384.681375479035
25 255 385.29247530054
67 675 385.29523530054
60 604 385.673453827424
22 225 385.674833827424
23 236 385.677580827424
65 655 385.680327827424
22 223 398.770955552289
61 615 398.783105215979
69 695 398.858292104848
60 606 404.178862313704
66 665 431.668123491929
28 286 431.669464491929
68 685 431.688940491929
24 245 431.690294491929
29 296 433.769802630004
64 645 433.771169630004
64 646 433.775231630004
68 686 474.159343555718
63 635 474.160723555718
67 676 474.186325946278
68 687 474.188995504989
65 656 474.193122760875
24 246 474.194476760875
20 206 474.197184760875
61 616 474.199905760875
25 256 474.259769814012
62 626 476.177775387874
22 226 476.181967387874
26 267 476.184688387874
24 247 476.187487387874
20 205 476.672667644157
61 617 516.684473330094
66 667 516.688483330094
69 696 516.689811330094
66 666 517.262125277829
27 277 517.264846277829
62 627 518.158405321761
28 287 539.16271703892
26 266 539.170906364374
29 297 539.176336015282
29 298 539.177755015282
67 677 539.181817015282
67 678 539.183223015282
60 607 539.184642015282
23 237 541.666916287718
23 238 541.668335287718
63 636 541.671004287718
66 668 543.256859334873
63 637 543.266493334873
24 248 543.267821334873
69 698 543.269175334873
65 657 543.270568334873
20 208 543.277494334873
65 658 543.278887334873
68 688 560.769658504185
22 227 561.175083171142
22 228 561.176502171142
62 628 561.18056516371
69 697 562.785799440029
61 618 605.258588456177
25 257 605.261244456177
21 217 605.262611456177
25 258 605.268131456177
