62 450 53.658191611987
63 450 53.658191611987
71 470 57.656907849666
0 440 74.157008327469
60 440 74.157008327469
79 480 76.658360876212
65 480 76.658360876212
58 400 95.160109824776
24 400 95.160109824776
58 430 95.161515824776
24 430 95.161515824776
3 401 101.276963049605
12 421 101.279710049605
3 421 101.279710049605
88 441 121.873009301892
70 441 121.873009301892
79 441 121.873009301892
0 431 124.179793612392
4 431 124.179793612392
49 481 128.664185868933
24 481 128.664185868933
80 410 130.658138332642
80 420 130.660911332642
48 491 156.256917869733
4 432 178.299519829892
99 432 178.299519829892
83 412 207.269353549197
5 412 207.269353549197
62 412 207.269353549197
5 461 207.277464549197
81 461 207.277464549197
62 461 207.277464549197
3 402 212.686061318723
64 402 212.686061318723
29 402 212.686061318723
3 422 212.687428318723
64 422 212.687428318723
29 422 212.687428318723
54 452 212.690097318723
64 452 212.690097318723
29 452 212.690097318723
52 492 218.167896854102
40 492 218.167896854102
60 411 218.188713854102
40 411 218.188713854102
32 462 219.663067663407
46 472 219.665762663407
32 472 219.665762663407
15 483 237.897773471628
55 493 262.18836249515
92 493 262.18836249515
10 493 262.18836249515
17 423 271.256827332677
80 423 271.256827332677
17 443 271.259548332677
80 443 271.259548332677
9 453 271.274533332677
32 453 271.274533332677
80 453 271.274533332677
79 433 284.262305836439
9 433 284.262305836439
78 424 300.686344870417
82 424 300.686344870417
14 444 300.687737870417
78 444 300.687737870417
82 444 300.687737870417
19 404 309.859504889847
23 484 312.179815534688
52 484 312.179815534688
95 464 312.186482016832
52 464 312.186482016832
32 464 312.186482016832
98 473 337.166969904878
98 474 337.168349904878
81 425 337.759711413419
35 465 343.775897218964
35 435 343.786833218964
35 494 347.269323145096
82 494 347.269323145096
26 454 351.684484311901
58 454 351.684484311901
27 454 351.684484311901
97 405 376.377652205855
49 405 376.377652205855
94 405 376.377652205855
29 455 378.189090431205
90 455 378.189090431205
80 455 378.189090431205
52 414 392.156978714343
17 415 392.162420714343
52 415 392.162420714343
36 495 397.784315761261
94 475 397.788468761261
49 475 397.788468761261
36 475 397.788468761261
60 445 404.159729300917
60 426 404.179088300917
87 416 435.185604702678
78 416 435.185604702678
5 436 435.189705702678
15 436 435.189705702678
78 436 435.189705702678
32 485 444.181989713828
32 466 444.187457713828
32 496 444.190152713828
32 486 444.194214713828
48 446 444.195620713828
32 446 444.195620713828
65 456 444.198289713828
32 456 444.198289713828
22 476 444.26239571626
32 476 444.26239571626
80 406 457.178603934947
84 406 457.178603934947
31 457 471.358294151886
70 457 471.358294151886
17 457 471.358294151886
97 407 474.194590159356
34 407 474.194590159356
26 427 489.264199877085
14 427 489.264199877085
92 447 489.276736877085
14 447 489.276736877085
24 467 529.765547690132
24 468 529.766888690132
55 497 533.659484384935
55 487 533.666319384935
55 408 533.671683384935
90 417 533.678479384935
86 417 533.678479384935
55 417 533.678479384935
21 478 552.276917057673
90 478 552.276917057673
11 478 552.276917057673
99 488 552.278245057673
92 488 552.278245057673
11 488 552.278245057673
53 448 554.971522243314
94 448 554.971522243314
53 428 554.974243243314
94 428 554.974243243314
94 438 554.978305243314
60 498 570.75966442087
93 418 605.260578266058
93 439 605.268741266058
21 449 605.271475266058
93 449 605.271475266058
