38 380 41.155535929681
8 80 48.157510571187
63 630 53.655461068769
39 390 63.655592561879
49 490 63.656998561879
3 30 68.659733340942
8 81 70.159595967434
69 690 78.755444705934
79 790 78.760886705934
48 480 78.762266705934
53 530 78.766367705934
18 180 78.768564238668
24 240 78.769944238668
9 90 78.771272238668
14 140 78.772678238668
24 241 78.774097238668
58 580 89.661065187233
3 31 89.666456017023
4 40 89.670440645705
33 330 89.673110475039
19 190 97.665187001392
44 440 97.672022001392
73 730 102.658240532419
78 780 111.678693396241
4 41 111.682742632655
74 740 111.684109632655
9 91 111.685437632655
28 281 111.686778681317
54 541 111.688171775193
54 540 111.689512823855
34 340 111.694928966393
69 691 111.759623530896
48 481 112.26317357546
59 590 114.97395529306
28 280 114.97672829306
79 791 121.855499898675
29 290 121.856905898675
29 291 121.858285898675
38 381 121.862321898675
84 840 124.165669664376
18 181 124.167023664376
68 681 124.176501664376
43 430 124.177829664376
14 141 124.179222664376
43 431 124.180602664376
19 191 124.184729664376
63 631 124.187424664376
33 331 124.188804664376
94 940 124.192892664376
13 130 124.194246664376
68 680 124.195639664376
13 131 124.198386664376
89 890 124.199792664376
98 980 124.255374661644
64 640 124.258121661644
64 641 124.259488661644
93 930 134.655431852144
83 830 134.658243852144
34 341 134.663737852144
93 931 134.665117852144
99 990 134.666497852144
73 731 134.678725946944
99 991 134.682775720644
13 132 138.69412136811
53 531 138.69690736811
59 591 138.69830036811
74 741 138.69966736811
58 581 139.164379245584
44 442 154.164986997865
88 880 156.77614623216
48 482 156.77885423216
54 542 159.174688233007
49 491 159.196612233007
44 441 159.199359233007
94 941 170.687270261846
18 182 170.689965261846
88 881 171.167104051293
23 231 178.697354314135
39 391 178.767644030545
84 841 178.773060160657
89 891 178.775781225713
43 432 178.778515290769
39 392 178.779843290769
24 242 178.781249290769
4 42 178.783944290769
38 382 181.69392427686
99 992 181.69672327686
68 682 200.163884247242
83 831 200.190282390936
3 32 200.193055147998
98 981 202.672093442087
14 142 202.673486442087
9 92 202.678889442087
74 742 202.680256442087
23 232 208.165091475552
64 642 208.167916475552
59 592 208.181729475552
8 82 208.183070475552
88 882 208.185869475552
69 692 210.766403606799
58 582 210.770478606799
98 982 221.687773079454
19 192 222.17116363019
28 282 222.17394963019
63 632 222.17535563019
84 842 222.18086263019
83 832 222.18219063019
94 942 224.171933232363
78 782 224.176047232363
3 33 224.177375232363
23 230 224.178742232363
34 342 224.180070232363
49 492 224.181450232363
29 292 224.967317203131
8 83 230.283575497409
78 781 231.658291757235
89 892 231.674591757235
73 732 234.655393838013
74 743 235.181389291842
53 532 236.673621912574
79 792 236.677852912574
48 483 236.687642912574
58 583 236.767876549179
73 733 236.769295549179
33 332 242.16097554453
88 883 242.179349063632
18 183 247.661051001211
4 43 247.672091001211
34 343 247.678952001211
19 193 247.680293001211
59 593 247.684355001211
39 393 247.685696001211
28 283 256.156691722555
23 233 256.174191626925
28 284 256.191730531295
49 493 268.678548778627
9 93 268.763842888778
98 983 269.169669813612
43 433 269.171049813612
84 843 269.172390813612
3 34 285.669185650822
43 434 285.670552650822
78 783 285.671893650822
44 444 285.673221650822
79 793 290.96233780466
79 794 290.98837580466
8 84 290.99530180466
78 784 290.99668180466
38 383 296.160886669843
24 243 300.170618192593
19 194 300.171985192593
18 184 300.173326192593
24 244 300.177375192593
33 333 300.180083192593
63 633 300.181463192593
64 643 300.182817192593
89 893 303.262027492846
14 143 303.291085492846
13 133 303.292426492846
14 144 303.296423492846
83 833 303.297816492846
13 134 303.299209492846
58 584 303.355504242212
83 834 303.356923242212
84 844 304.156070997229
48 484 304.170174586275
68 684 304.171515586275
23 234 305.69451607051
68 683 306.164346708936
44 443 306.167106708936
8 85 312.192346421682
64 644 315.181827589191
14 145 315.267884531239
9 94 334.661593038456
98 984 334.6725169644
94 944 334.675238273048
34 344 334.684703890344
69 694 334.69144850764
53 534 334.696851816288
54 543 334.762108484767
93 934 334.777671048357
88 884 334.779653825073
4 45 334.781007825073
23 235 334.782413825073
24 245 335.173802045158
73 734 335.177877045158
59 594 335.191417045158
39 394 339.26234141131
53 533 339.26775741131
59 595 339.26912441131
49 494 354.258163857655
43 435 354.296608857655
38 385 354.36113920091
98 985 357.190686675305
4 44 357.199031675305
38 384 357.258152218584
99 993 357.262162218584
74 744 357.666545081496
28 285 357.670568813573
89 894 357.698774415656
34 345 361.676748596452
19 195 371.667941345659
58 585 375.192715015203
83 835 375.195462015203
99 994 375.196816015203
99 995 375.198157015203
49 495 377.159513262769
63 634 377.165596882573
33 335 377.166924882573
94 945 377.172418882573
33 334 377.173837882573
39 395 378.174710919957
93 935 378.189734919957
8 86 378.191062919957
13 135 384.270150579329
84 845 384.278339579329
3 35 384.282388579329
54 544 398.16115453744
54 545 398.16248253744
69 695 398.16521653744
79 795 398.16800253744
88 885 398.17076253744
4 46 398.293821975908
44 445 400.159241966565
53 535 403.662462786558
59 596 403.663881786558
18 186 407.783668432465
94 946 407.790387805697
39 396 422.673118119751
28 286 422.677206119751
68 685 422.678612119751
3 36 424.68403339756
13 136 428.264308457744
13 137 428.271325457744
78 785 430.179563569267
93 936 430.183768569267
58 586 430.185187569267
94 943 444.174314232352
49 496 444.177048232352
48 485 444.179717232352
74 746 444.182386232352
48 486 444.183714232352
44 446 444.185081232352
64 646 471.664214744561
64 645 472.160709849487
98 986 472.177820575009
89 896 472.179200575009
43 437 472.181921575009
84 846 472.183340575009
68 686 474.157593407384
63 635 474.158960407384
63 636 474.16762870672
8 87 474.16895670672
78 786 474.17169070672
89 895 474.17439870672
68 687 474.19222170672
79 796 481.657088197637
69 696 481.658468197637
88 886 481.659822197637
3 37 481.661215197637
14 147 481.662608197637
34 346 481.663988197637
19 197 481.665342197637
53 536 481.666670197637
73 735 488.673281754916
73 736 488.674648754916
14 146 488.680181754916
24 246 489.175139793586
24 247 489.176558793586
53 537 489.180646793586
19 196 489.183406793586
38 386 491.669606531432
34 347 491.670999531432
14 148 491.672927245938
44 447 494.380112891174
99 996 507.68273295777
49 497 507.68411295777
79 797 507.68549295777
18 187 507.755406953405
94 947 507.756799953405
73 737 517.683192114184
54 547 517.684585114184
3 38 520.169691305049
64 647 526.1785527889
33 336 526.1799717889
43 436 526.1882387889
33 337 526.1896187889
8 88 526.1909857889
28 287 537.162683562041
28 288 537.172343562041
4 47 537.173697562041
38 387 537.177798562041
48 487 537.180532562041
83 836 537.181899562041
88 887 537.183253562041
38 388 537.184581562041
73 738 537.187237562041
18 185 547.660340479116
99 997 547.758220781033
69 697 547.760889911391
78 787 547.769066039303
63 638 547.770459039303
23 237 547.777411039303
23 238 547.778752039303
68 688 559.76090369262
88 888 559.76229669262
53 538 559.76919757918
39 397 559.77056457918
69 698 559.77335057918
49 498 559.77467857918
24 248 559.77600657918
63 637 559.77734757918
39 398 559.78015957918
74 748 559.78291957918
94 948 570.175979787024
44 448 570.181473787024
74 747 576.197738780987
58 587 576.199079780987
39 399 576.255458781664
99 998 589.35548132703
83 837 596.166625426663
83 838 596.167992426663
