7 310 63.662427561879
39 310 63.662427561879
3 320 71.168014027621
62 320 71.168014027621
49 320 71.168014027621
40 370 101.658403568657
27 370 101.658403568657
27 300 101.659809568657
30 350 101.662569568657
27 350 101.662569568657
54 340 101.669521568657
35 340 101.669521568657
27 340 101.669521568657
96 381 102.682372605997
3 301 111.683697548075
80 321 124.172605348872
0 311 124.198942348872
80 311 124.198942348872
13 330 124.25680534614
80 330 124.25680534614
13 361 138.85549436622
85 341 138.85687436622
36 341 138.85687436622
13 341 138.85687436622
36 331 138.860923526312
13 331 138.860923526312
71 371 149.188946771174
54 371 149.188946771174
88 312 172.693751845033
43 352 189.190339716156
99 352 189.190339716156
41 362 189.193047716156
43 362 189.193047716156
99 362 189.193047716156
68 302 193.159493838873
31 372 193.170494838873
50 372 193.170494838873
68 372 193.170494838873
66 342 203.178811386449
67 342 203.178811386449
90 322 203.182964386449
66 322 203.182964386449
67 322 203.182964386449
32 392 214.163586353585
41 303 225.690366022304
1 383 231.687180757235
3 383 231.687180757235
80 363 256.171717490541
55 353 256.264903382582
80 353 256.264903382582
40 324 275.18381880026
44 313 277.669527170299
43 313 277.669527170299
43 314 277.670855170299
10 343 280.182958313758
75 343 280.182958313758
32 343 280.182958313758
63 391 293.755599887309
64 391 293.755599887309
63 373 293.756927887309
64 373 293.756927887309
19 344 293.765038887309
64 344 293.765038887309
23 384 303.675057019319
50 384 303.675057019319
70 394 303.690198019319
32 394 303.690198019319
50 394 303.690198019319
19 393 305.167140984273
90 393 305.167140984273
92 304 309.169022141411
87 364 311.6803574751
96 364 311.6803574751
83 364 311.6803574751
87 374 311.6831434751
96 374 311.6831434751
83 374 311.6831434751
43 385 345.292497354072
35 385 345.292497354072
7 305 355.667806679483
61 334 373.659632813388
3 334 373.659632813388
41 333 373.664401486032
3 333 373.664401486032
49 354 374.171678388186
94 354 374.171678388186
94 365 374.193771388186
94 375 374.196492388186
38 345 381.177005568792
80 345 381.177005568792
1 315 381.182525568792
80 315 381.182525568792
84 335 383.159766239456
54 396 392.163792557762
36 396 392.163792557762
73 395 396.763966033797
98 395 396.763966033797
67 376 423.173401659446
71 356 428.697150446468
13 356 428.697150446468
40 306 430.170731750719
77 306 430.170731750719
84 346 449.176287508334
96 357 459.679689686102
47 357 459.679689686102
79 316 499.176728569756
92 316 499.176728569756
92 317 499.178108569756
92 307 499.183498569756
19 386 499.190424569756
70 386 499.190424569756
92 386 499.190424569756
72 367 508.162169218939
53 336 508.170267218939
79 336 508.170267218939
72 336 508.170267218939
2 308 529.162364893012
2 387 529.166478893012
38 318 529.167884893012
2 318 529.167884893012
76 377 536.172899619902
46 377 536.172899619902
56 338 536.175646619902
46 338 536.175646619902
55 388 545.677803992942
87 337 547.666131241997
66 337 547.666131241997
69 397 547.668865241997
66 397 547.668865241997
69 378 547.671599241997
66 378 547.671599241997
77 348 547.674307241997
69 348 547.674307241997
66 348 547.674307241997
49 358 559.667717404303
5 398 578.667540674263
60 398 578.667540674263
60 399 578.682629674263
47 368 596.167818993284
72 368 596.167818993284
2 339 603.270072778701
36 339 603.270072778701
93 339 603.270072778701
