6 60 25.155575443552
38 380 41.155483929681
15 150 51.655456547093
8 80 51.656797547093
20 200 51.658190547093
25 250 56.655621737023
14 140 56.656988737023
39 390 63.655579561879
7 70 63.656946561879
0 0 63.658287561879
16 160 63.659615561879
23 230 63.661008561879
31 310 63.662427561879
10 100 63.665213561879
32 320 71.168014027621
12 120 72.158668681143
18 180 72.160074681143
3 30 72.175020681143
11 110 75.664110131406
26 260 75.665451131406
24 240 75.684550131406
26 261 79.184984596151
22 220 79.186351596151
8 81 79.187692653772
29 290 80.655440724178
21 210 80.656820724178
5 50 80.658213724178
0 1 80.662276525416
29 291 80.675689730368
17 171 80.682461332844
27 270 101.655643568657
37 370 101.658403568657
30 300 101.659809568657
4 40 101.661176568657
35 350 101.662569568657
27 271 101.665355568657
14 141 101.666735568657
13 130 101.668154568657
34 340 101.669521568657
1 11 101.670888568657
4 41 101.672268568657
9 91 101.673661568657
7 71 102.670004605997
17 170 102.671358605997
19 190 102.674131605997
38 381 102.682372605997
1 10 102.683739605997
9 90 102.685106605997
35 351 105.662389197208
12 121 105.687125197208
2 20 105.688505197208
3 31 105.695353197208
30 301 111.683697548075
11 111 123.195823280309
18 181 123.273546145551
2 21 123.274913145551
28 280 124.158922348872
28 281 124.160289348872
32 321 124.172605348872
16 161 124.190610348872
31 311 124.198942348872
19 191 124.25542534614
33 330 124.25680534614
13 131 124.25818534614
20 201 124.25955234614
10 101 138.673579720942
13 132 138.793199825058
36 361 138.85549436622
34 341 138.85687436622
33 331 138.860923526312
22 221 138.864920686404
5 51 138.870375813611
24 241 142.689939431695
37 371 149.188946771174
6 61 149.6971762213
6 62 149.6985952213
33 332 170.66572467737
3 32 170.66711767737
22 222 170.676109963364
23 231 170.680288963364
31 312 172.693751845033
14 142 172.696434376923
20 202 172.8568917629
38 382 173.177030942799
7 72 173.186392051395
12 122 173.194464159991
2 22 173.260847728455
0 2 173.271666954831
5 52 173.277148011425
27 272 189.183504716156
35 352 189.190339716156
11 112 189.191719716156
36 362 189.193047716156
30 302 193.159493838873
37 372 193.170494838873
29 292 193.184268838873
26 262 203.163618386449
34 342 203.178811386449
23 232 203.180217386449
32 322 203.182964386449
1 12 205.761080862953
15 151 205.762486862953
15 152 205.763892862953
9 92 209.277591554055
12 123 209.278997554055
39 392 214.163586353585
19 192 214.169184353585
28 282 214.170538353585
10 102 214.171905353585
32 323 214.187033353585
3 33 214.192475353585
11 113 225.682138022304
8 82 225.683479022304
1 13 225.684898022304
30 303 225.690366022304
21 211 228.161794141713
21 212 228.163148141713
13 133 230.691080566119
2 23 231.681725757235
38 383 231.687180757235
5 53 256.163631347919
25 253 256.166313728793
25 251 256.169048109667
36 363 256.171717490541
23 233 256.193279014037
26 263 256.258185382582
4 42 256.259513382582
4 43 256.260893382582
0 3 256.262221382582
10 103 256.263562382582
35 353 256.264903382582
27 273 256.270371382582
28 283 256.271777382582
25 252 271.680158174527
7 73 271.691172174527
1 14 275.18245180026
32 324 275.18381880026
31 313 277.669527170299
31 314 277.670855170299
3 34 277.672274170299
34 343 280.182958313758
10 104 280.184338313758
9 94 280.191121313758
39 391 293.755599887309
37 373 293.756927887309
21 214 293.758268887309
6 63 293.759622887309
21 213 293.760989887309
16 162 293.763658887309
34 344 293.765038887309
19 193 293.767785887309
13 134 293.778877887309
26 264 293.780283887309
18 182 295.166523549757
11 114 295.193517255245
25 254 295.260724134613
38 384 303.675057019319
23 234 303.677830019319
9 93 303.687464019319
39 394 303.690198019319
0 4 303.691539019319
39 393 305.167140984273
19 194 305.168481984273
30 304 309.169022141411
14 143 309.173110141411
14 144 309.174529141411
5 54 309.181364141411
7 74 309.182757141411
22 224 309.184176141411
36 364 311.6803574751
37 374 311.6831434751
16 163 317.659555850724
19 195 317.697805850724
32 325 324.18147422534
10 105 335.164256892999
27 274 339.276127221132
23 235 339.284225221132
35 355 345.273242354072
11 115 345.274661354072
0 5 345.278788354072
38 385 345.292497354072
21 215 345.293903354072
3 35 355.666387679483
30 305 355.667806679483
7 75 357.166367037043
22 223 373.656924813388
33 334 373.659632813388
33 333 373.664401486032
22 225 373.667135486032
3 36 373.668476486032
35 354 374.171678388186
26 265 374.173032388186
36 365 374.193771388186
37 375 374.196492388186
25 255 374.756775624223
7 76 377.67330663006
34 345 381.177005568792
1 15 381.179752568792
31 315 381.182525568792
33 335 383.159766239456
13 135 383.161120239456
22 226 385.6843566321
5 55 391.760743909672
36 366 392.159769557762
1 16 392.161123557762
2 26 392.162451557762
39 396 392.163792557762
2 25 393.682578925499
23 236 393.685377925499
39 395 396.763966033797
12 124 396.770892033797
2 24 396.772272033797
11 116 423.170667659446
37 376 423.173401659446
13 136 428.694468446468
10 106 428.695822446468
35 356 428.697150446468
13 137 428.773421443896
30 306 430.170731750719
27 276 430.177644750719
27 275 430.178972750719
32 326 440.667981189081
32 327 440.674816189081
5 56 441.159108898187
25 256 441.165930898187
10 107 449.174907508334
34 346 449.176287508334
1 17 449.180375508334
19 196 459.674221686102
35 357 459.679689686102
11 117 463.181912790392
0 7 469.68306067913
31 316 499.176728569756
31 317 499.178108569756
5 57 499.182157569756
30 307 499.183498569756
2 27 499.186336569756
38 386 499.190424569756
36 367 508.162169218939
3 37 508.166192218939
33 336 508.170267218939
19 197 508.173053218939
0 6 514.167183912407
2 28 529.158276893012
30 308 529.162364893012
27 277 529.163692893012
26 268 529.165098893012
38 387 529.166478893012
31 318 529.167884893012
26 266 536.170152619902
37 377 536.172899619902
33 338 536.175646619902
38 388 545.677803992942
0 8 545.679131992942
23 237 545.681943992942
23 238 545.683310992942
7 77 545.690119992942
27 278 547.659205241997
33 337 547.666131241997
39 397 547.668865241997
5 58 547.670206241997
37 378 547.671599241997
34 348 547.674307241997
19 198 555.179030553391
7 79 555.684011047139
35 358 559.667717404303
13 138 559.677416404303
2 29 559.685631404303
39 398 578.667540674263
26 267 578.668946674263
39 399 578.682629674263
19 199 596.166425993284
36 368 596.167818993284
25 259 603.265984778701
33 339 603.270072778701
