38 380 41.155601822961
61 610 52.755446945223
21 210 52.756852945223
63 630 53.655559462782
25 250 53.661014462782
20 200 54.158708532924
62 620 56.660891955308
39 390 63.655641272649
60 600 74.155660749662
31 310 74.157027749662
26 260 76.656858599456
79 790 78.674440610326
69 690 78.755607703364
32 320 78.770696703364
37 370 78.772063703364
30 300 78.773469703364
33 330 78.774836703364
35 350 78.776216703364
27 270 78.777596703364
77 770 78.778950703364
24 241 78.780343703364
65 650 79.156949750033
26 261 79.159670750033
29 290 80.655460669585
78 780 83.161223626064
22 220 83.166717626064
24 240 83.168123626064
70 700 101.258803261505
67 670 101.265677261505
73 730 101.271132261505
30 301 101.272538261505
35 351 101.273879261505
27 271 101.275246261505
75 750 103.656625886148
76 760 103.687431760046
75 751 103.690113760046
61 611 105.863711981181
66 660 105.884476981181
25 251 105.888551981181
69 691 116.755646591389
68 681 116.759734591389
60 601 118.184936704762
79 791 118.186290704762
70 701 118.197330704762
39 391 122.683389012876
68 680 122.686214012876
72 720 122.687581012876
31 311 122.688961012876
63 631 122.690341012876
28 280 122.691734012876
29 291 123.288979941775
74 740 124.158561588996
28 281 124.16263674705
34 340 124.170773913814
37 371 140.281426590478
64 640 142.16395737236
20 201 142.16536337236
64 641 142.16669137236
76 761 142.18855037236
36 360 142.19132337236
36 361 142.19272937236
72 721 142.19689537236
77 771 142.19826237236
38 381 142.19961637236
33 331 143.199318753545
71 711 143.262105861206
22 221 145.756854452422
74 741 167.166408165494
34 341 167.173205216594
38 382 167.175874742144
27 272 167.177228742144
71 710 167.185236441057
78 781 167.273409735966
33 332 170.665041402159
65 651 170.666382402159
20 202 170.671863402159
62 621 185.258825985681
24 242 186.679858570817
66 661 187.25536429431
73 731 187.259645563149
23 232 187.285245487937
66 662 187.287928048621
60 602 187.364843418333
67 671 187.366184418333
36 362 187.370311418333
71 712 207.262242429354
29 292 207.270393449494
74 742 207.285535469634
37 372 207.286954469634
23 231 208.15816145235
64 642 208.16098645235
65 652 208.16239245235
72 722 208.16924045235
34 342 208.17064645235
61 612 208.17200045235
75 752 208.17339345235
79 792 208.17476045235
23 230 208.18164745235
22 222 208.18297545235
26 262 209.757000045289
67 672 209.758354045289
35 352 209.770761045289
25 252 209.776216045289
62 622 212.663610400562
32 321 212.667750400562
29 293 212.695389400562
28 282 216.682716829687
76 762 216.684044829687
78 782 216.685398829687
21 212 216.689512829687
77 772 216.692311829687
68 682 216.759687825167
30 302 216.761041825167
30 303 216.766613825167
21 211 230.668922694417
69 692 230.674287672881
70 702 230.682399162113
63 632 231.275244271336
32 322 232.190292501568
39 392 232.193078501568
73 732 234.655534125125
62 623 236.696540540509
38 383 236.758140772871
60 603 250.171435366519
20 203 250.179780366519
77 773 250.189362366519
34 343 250.190781366519
27 273 252.170494207372
25 253 252.174595207372
36 363 252.188330207372
28 283 256.158206452081
26 263 256.193231879947
28 284 256.270276198987
31 313 256.668035994788
67 673 256.670769994788
31 312 256.673477994788
75 753 258.67334976919
32 323 275.172568888603
35 353 277.661320059067
39 393 277.665447059067
21 213 278.186560138712
33 333 278.190609924026
65 653 278.19597470934
25 254 278.260865132838
34 344 278.27037076102
24 243 278.275774610588
24 244 278.283874309724
79 793 294.184936575043
79 794 294.194505575043
68 684 299.292542943225
23 233 299.672350471584
77 774 299.688793471584
21 214 299.694300471584
63 633 299.697112471584
37 373 299.698492471584
76 763 299.699885471584
63 634 299.755443471987
78 783 299.756823471987
78 784 299.758229471987
72 723 300.269321081401
66 663 302.262518848542
66 664 302.263924848542
26 264 302.960277121484
67 674 303.687591976884
29 294 303.690312976884
70 703 321.25538614237
30 304 321.25809414237
70 704 321.26218214237
73 734 321.273001366618
71 713 321.274329465948
64 643 321.279732578072
64 644 321.297750578072
32 324 324.155389160562
61 613 324.170143447425
23 234 324.187488523209
35 354 324.190171346943
68 683 324.296954976537
65 654 324.364958946368
20 204 324.370413946368
62 624 324.371780946368
27 274 324.373173946368
27 275 324.380112946368
37 374 340.164764099551
76 764 340.181389099551
24 245 340.197819099551
38 384 340.766929211419
23 235 340.864971986523
74 744 340.885168971717
60 604 340.893294303165
28 285 340.894635303165
31 314 341.693771498109
69 694 341.699291498109
38 385 341.755456493566
69 693 347.656869439801
72 724 347.659707439801
35 355 347.661048439801
39 394 347.699779439801
74 745 356.683408843952
67 675 360.291080551838
71 714 360.292408551838
34 345 367.258439595672
29 295 367.261238595672
33 335 385.268040041452
70 705 385.270722171784
73 735 385.28284356278
76 765 385.285564693112
36 365 385.358425138229
26 265 385.687526722408
33 334 387.261850536057
21 215 387.287875536057
65 655 390.663961749171
61 614 390.668101749171
61 615 390.669442749171
62 625 390.670861749171
36 364 390.679037749171
37 375 390.680417749171
75 754 392.171190311391
36 366 392.176684311391
69 695 392.178077311391
79 795 392.179483311391
60 605 400.765103870665
22 225 400.766470870665
71 715 400.767837870665
23 236 400.780322870665
22 226 400.784436870665
22 224 404.15697572311
60 606 404.18003272311
25 255 404.19506972311
77 775 404.19918372311
29 296 404.261422650632
39 396 408.174834488538
20 205 408.176162488538
39 395 408.180263488538
63 635 428.661414631793
35 356 428.669564631793
68 685 433.761702887894
26 266 433.763121887894
28 286 433.768615887894
67 676 433.770034887894
78 785 435.155484268627
78 786 435.156812268627
30 306 435.163621268627
64 646 435.181327268627
77 776 435.186847268627
72 725 435.189503268627
27 276 459.665943724679
68 686 474.161002047585
70 706 474.162343047585
66 665 474.166535047585
63 636 474.169308047585
30 305 474.178799047585
21 216 474.180218047585
25 256 474.182939047585
25 257 474.184332047585
68 687 474.191206047585
34 346 476.670556707778
32 326 476.671923707778
74 746 476.673251707778
32 327 476.681609707778
77 777 476.762255226932
66 666 478.662293533138
76 766 478.670379244336
69 696 478.683868078534
26 267 478.774280748433
70 707 478.776963016541
35 357 479.656882416597
79 796 497.265589520203
30 307 497.277699062719
38 386 497.290042026325
71 716 497.357038271764
72 726 498.155502681836
31 316 498.179250319572
36 367 500.173425091732
62 626 518.156764114672
62 627 518.158131114672
65 657 518.167908114672
24 248 518.169327114672
61 616 518.170655114672
61 617 518.171996114672
34 347 518.174756114672
31 317 520.67548717502
79 797 520.67826017502
72 727 520.68797217502
73 736 520.68932617502
73 737 523.160112171396
29 297 543.660037133139
29 298 543.662862133139
76 767 544.967037722942
37 378 544.984847722942
65 658 544.986253722942
38 387 545.773836755866
38 388 545.775177755866
60 607 545.777937755866
71 717 545.780671755866
71 718 545.782064755866
23 238 545.783444755866
74 747 545.790266755866
26 268 545.792961755866
28 288 545.794380755866
27 277 560.670539767339
78 787 560.755492768545
23 237 560.762200427627
24 246 560.776941209277
35 358 560.779649209277
70 708 560.781003209277
33 337 560.782344209277
31 318 561.174806570105
67 678 561.178868570105
37 376 561.185755570105
60 608 561.188489570105
66 667 561.189856570105
69 697 561.192655570105
69 698 561.255569829121
32 328 561.263654991975
22 227 561.266350013361
74 748 561.267691154829
33 336 561.275853637347
66 668 561.279954637347
37 377 561.281334637347
22 228 561.286750637347
78 788 561.289484637347
68 688 561.294991637347
67 677 563.75565883991
39 397 580.158420736576
28 287 580.169369736576
63 638 580.172077736576
39 398 580.173431736576
65 656 580.174850736576
75 758 580.198206736576
39 399 580.255608738286
60 609 580.256988738286
62 628 605.258301322542
34 349 605.262429019882
25 258 605.269148414562
74 749 605.275906809242
32 329 605.278628506582
66 669 605.281388506582
