46 460 45.155510633658
61 610 52.755457670452
63 630 53.655512455032
45 450 53.658259455032
57 570 53.659587455032
71 710 57.655572292505
47 470 57.656978292505
49 490 57.658332292505
60 600 68.658365378519
44 440 74.156944042544
65 650 76.655497833498
79 790 76.656890833498
48 480 76.658270833498
69 690 78.755626668477
62 620 78.759701668477
53 530 78.768733201211
43 430 79.270375805522
56 560 79.271755805522
66 660 79.273148805522
73 730 79.277262805522
75 750 103.655415392493
51 510 103.656782392493
70 700 103.658136392493
55 550 103.660792392493
58 580 103.662172392493
40 400 103.663526392493
52 520 103.664867392493
77 770 103.667575392493
78 780 103.668955392493
76 760 103.680034392493
48 481 103.685476392493
75 751 103.686882392493
67 670 104.968357268207
42 421 104.975309268207
68 680 104.976663268207
74 740 104.979449268207
72 720 104.980842268207
40 401 104.982183268207
54 541 104.983563268207
79 791 121.855562574047
50 500 121.858244574047
59 590 121.865053574047
44 441 123.278830687068
70 701 123.280197687068
54 540 124.173202444975
43 431 124.180167444975
42 420 125.658853015691
56 561 125.673864015691
68 681 125.694603015691
50 501 125.696022015691
69 691 128.671536381019
41 410 130.666662176941
55 551 132.273064557335
64 640 132.275772786239
64 641 132.278494015143
47 471 135.195071357622
66 661 135.196425357622
61 611 135.197766357622
58 581 139.162250380758
76 761 139.186999380758
71 711 145.681728426811
41 411 154.15686995222
60 601 154.16246795222
44 442 154.17626795222
65 651 154.18989895222
45 451 154.19125295222
45 452 154.787020235813
49 491 156.256945033132
48 482 156.258364033132
54 542 159.1841735394
73 731 159.1896545394
52 521 159.1910605394
50 502 159.1992625394
53 531 168.659613064559
77 771 168.679011064559
72 721 168.681745064559
46 461 168.683073064559
43 432 180.689001873528
56 562 180.691748873528
67 671 180.694443873528
42 422 187.284159094418
66 662 187.285513094418
51 511 187.369081292052
51 512 187.375994292052
62 621 207.255573426926
62 622 207.256927426926
40 402 218.158316550503
61 612 218.159683550503
41 412 218.161076770565
72 722 218.162417979323
46 462 218.166480628205
49 492 218.167808836963
47 472 218.169176057025
63 632 218.178629343485
40 403 218.181324552243
59 592 218.182691772305
76 762 218.184019772305
79 792 218.185360981063
68 682 218.186688981063
60 602 218.188056201125
74 742 218.190764629945
63 631 218.660897055204
70 702 221.861144602449
59 591 221.862511602449
74 741 221.863891602449
53 532 221.866690602449
52 522 221.874970602449
46 463 224.169347339577
57 571 224.181845339577
71 712 224.979900245642
57 572 224.982660245642
73 732 224.984027245642
58 582 225.056901249237
55 552 226.198835758498
41 413 226.2556692492
64 642 229.287626858905
77 772 229.297221858905
48 483 229.298614858905
78 781 231.274259689276
78 782 231.275587689276
58 583 234.684309736972
73 733 234.685650736972
42 423 234.692498736972
44 443 234.693891736972
74 743 235.170508650978
65 652 249.187337890505
77 773 253.782856238767
62 623 253.785564238767
52 523 253.788311238767
55 553 255.286343259043
49 493 255.287749259043
59 593 255.289142259043
56 563 255.355592665497
50 503 262.668707240912
76 763 262.679554953074
55 554 269.684206057355
63 633 280.171415691026
64 643 280.175620691026
40 404 280.177039691026
75 752 280.183874691026
75 753 280.185241691026
45 453 284.755627112519
43 433 285.655668358337
71 713 285.666643358337
43 434 285.668036358337
78 783 285.670718358337
44 444 285.672124358337
79 793 289.160777457873
79 794 289.182610457873
65 653 296.668363175465
53 533 296.676643175465
72 723 296.678062175465
50 504 296.680809175465
56 564 296.686238175465
66 663 296.690378175465
64 644 296.693099175465
57 573 296.694479175465
52 524 296.697200175465
77 774 296.699934175465
61 613 296.766627176135
78 784 300.681610836786
66 664 300.687143836786
68 684 303.261080362308
51 514 303.262486362308
68 683 303.269399362308
75 754 310.693073068586
47 473 310.697174068586
70 703 313.158126624512
54 544 313.164103276906
53 534 313.176930161447
59 594 313.178271161447
76 764 324.162388935543
71 714 325.171833198355
42 424 325.264977314379
67 673 328.767754277977
67 674 328.769095277977
54 543 336.160493966503
57 574 336.178407966503
49 494 350.657278340362
69 693 350.665584340362
69 694 350.666977340362
48 484 350.668318340362
73 734 350.672432340362
46 464 350.673773340362
65 654 350.682926657763
46 465 350.693759591591
70 704 350.755328338446
59 595 350.760848338446
43 435 350.762202338446
47 474 350.763582338446
56 565 350.764975338446
74 744 351.16272277981
60 603 351.166745915038
60 604 351.169428050266
41 414 351.199009267318
58 584 351.679601904673
61 614 354.670417692984
72 725 374.793748274146
70 705 374.79785008638
75 755 374.859456242903
48 485 374.862152065575
40 405 374.863480065575
78 785 374.866188888247
62 624 378.189908061715
62 625 378.192668061715
58 585 378.194087061715
42 425 378.198175061715
45 454 378.255695057459
45 455 378.257062057459
65 655 391.160870613881
72 724 391.890279699983
71 715 391.966173018059
52 525 391.974325548013
60 605 391.975693244653
41 415 391.977034391331
73 735 391.981175087971
67 675 391.982529087971
76 765 391.985224087971
69 695 391.990705087971
68 685 391.992085087971
45 456 391.993413087971
52 526 392.169226879953
49 495 396.761155367435
47 475 396.762483367435
53 535 396.763876367435
57 575 396.773406367435
77 775 396.774760367435
54 545 397.758602965158
51 513 397.784809965158
74 745 397.855625965524
54 546 401.187115555223
44 445 404.159639015992
55 555 404.167789015992
60 606 404.255564012986
59 596 404.272137012986
75 756 409.668242674986
77 776 434.961065582947
40 406 434.968056582947
64 645 434.970816582947
63 634 434.973550582947
63 635 434.974917582947
64 646 434.976284582947
41 416 434.977612582947
58 586 434.981700582947
78 786 435.159753454485
66 665 435.176365454485
46 466 442.698386800902
49 496 442.759701802215
48 486 442.763763802215
55 556 442.765130802215
42 426 442.769244802215
44 446 442.770572802215
65 656 442.771952802215
47 476 442.774751802215
73 736 457.980209404153
62 626 457.981602404153
56 566 462.161711526286
40 407 462.187853526286
68 686 462.275996724451
72 726 463.771926670773
47 477 463.774686670773
79 795 463.776092670773
76 766 463.777433670773
74 746 463.778800670773
67 676 473.763549296202
54 547 475.688632484389
77 777 480.955610371089
62 627 491.672640601478
70 707 491.675387601478
55 557 491.678056601478
49 497 491.679423601478
69 696 491.680816601478
79 797 491.682235601478
71 716 491.690307601478
60 607 491.691661601478
76 767 491.693002601478
53 536 495.363273303442
42 427 495.374235303442
44 447 495.375589303442
53 537 495.381161303442
61 615 498.158320513719
61 616 498.159648513719
72 727 498.161015513719
46 467 498.162395513719
43 436 498.169321513719
50 505 498.170662513719
50 506 498.172003513719
70 706 498.181468513719
79 796 498.182796513719
66 666 513.356930481364
66 667 513.358258481364
74 747 513.371993481364
75 757 513.376159481364
48 487 513.377565481364
57 576 513.381640481364
58 587 513.382981481364
73 737 513.388488481364
73 738 517.296866722137
63 637 543.299321939193
65 658 543.355668934688
78 788 543.357087934688
60 608 544.99370063794
78 787 544.99506763794
49 498 544.99647363794
65 657 544.99782763794
40 408 545.983090318589
41 417 545.985759318589
55 558 545.987139318589
68 687 545.988506318589
43 438 545.996682318589
66 668 547.673387277919
44 448 547.685742277919
53 538 547.687070277919
62 628 547.688398277919
42 428 547.689804277919
56 567 552.261834687271
52 528 552.281154687271
71 718 552.283862687271
45 457 554.966675555593
63 636 554.968016555593
57 577 554.990304555593
72 728 554.991710555593
48 488 554.997178555593
74 748 563.283252681338
63 638 563.284606681338
70 708 563.287418681338
52 527 563.290230681338
54 548 563.360970235159
58 588 563.363782235159
43 437 568.670746692978
71 717 568.694219692978
49 499 568.698333692978
77 778 601.759766272567
74 749 601.769335272567
45 458 605.262846778372
56 568 605.268327778372
50 507 605.271087778372
47 479 605.272467778372
42 429 605.275201778372
76 768 605.286124778372
