46 460 45.155642549719
61 610 52.755405514293
63 630 53.655405611987
45 450 53.658191611987
57 570 53.659532611987
71 710 57.655540849666
47 470 57.656907849666
49 490 68.655501874599
60 600 68.658183874599
44 440 74.157008327469
65 650 76.655626876212
79 790 76.657006876212
48 480 76.658360876212
69 690 78.755390967687
62 620 78.759543967687
53 530 78.767719967687
58 580 95.158768824776
40 400 95.160109824776
43 430 95.161515824776
52 520 95.162882824776
55 550 95.164249824776
70 700 95.165577824776
50 500 95.166905824776
59 590 95.168311824776
77 770 95.169652824776
56 560 95.171071824776
66 660 95.172490824776
78 780 101.268735049605
67 670 101.270154049605
40 401 101.276963049605
42 421 101.279710049605
68 680 101.281103049605
73 730 101.282522049605
74 740 101.283863049605
72 720 101.285243049605
54 541 101.286597049605
75 750 103.655586344713
51 510 103.656927344713
76 760 103.673448344713
75 751 103.691375344713
54 540 108.1785107023
69 691 108.1854237023
61 611 108.1949927023
44 441 121.873009301892
70 701 121.874402301892
60 601 121.875756301892
43 431 124.179793612392
79 791 124.189375612392
48 481 128.664185868933
41 410 130.658138332642
42 420 130.660911332642
56 561 130.673279332642
68 681 130.678682332642
50 501 130.681468332642
58 581 132.290294144601
64 640 132.292989373505
55 551 132.294382373505
76 761 139.276979282541
71 711 154.170611832856
44 442 154.180245832856
66 661 154.187171832856
65 651 154.188590832856
45 451 154.755403785913
49 491 156.256917869733
48 482 156.258271869733
52 521 177.758216929182
72 721 177.855462577443
56 562 178.298113829892
43 432 178.299519829892
67 672 178.358158826563
53 531 187.363723537186
62 622 207.256959549197
51 512 207.266632549197
77 771 207.267999549197
41 412 207.269353549197
74 742 207.272061549197
46 461 207.277464549197
74 741 207.281617549197
50 502 207.285796549197
51 511 212.661338318723
62 621 212.662757318723
57 571 212.664176318723
71 712 212.668238318723
64 642 212.681947318723
65 652 212.683340318723
55 552 212.684668318723
40 402 212.686061318723
42 422 212.687428318723
54 542 212.688769318723
45 452 212.690097318723
77 772 212.691451318723
78 781 212.692779318723
75 752 212.694146318723
52 522 212.696958318723
67 671 212.698351318723
69 692 212.699679318723
73 731 212.75554931956
58 582 212.75696831956
73 732 212.75974131956
61 612 218.161074854102
72 722 218.163821854102
49 492 218.167896854102
64 641 218.171997854102
66 662 218.179001854102
40 403 218.187307854102
41 411 218.188713854102
60 602 218.190054854102
53 532 218.678729160956
79 792 218.682830160956
41 413 218.690863160956
46 462 219.663067663407
47 472 219.665762663407
78 782 219.683650663407
46 463 224.169945316194
57 572 224.26118831583
63 632 231.284520059436
48 483 237.897773471628
59 592 240.695587597796
76 762 240.696941597796
75 753 240.699636597796
62 623 245.689713428154
52 523 262.18561549515
55 553 262.18699549515
49 493 262.18836249515
76 763 262.669268288143
59 593 262.678760963707
77 773 262.761122613909
50 503 271.183126332677
42 423 271.256827332677
44 443 271.259548332677
63 633 271.273166332677
45 453 271.274533332677
55 554 271.275900332677
64 643 284.188677832038
79 793 284.260925836439
43 433 284.262305836439
71 713 285.656914521626
58 583 285.659622521626
43 434 285.665116521626
53 533 296.165208199589
72 723 296.167864199589
51 513 296.173397199589
64 644 296.178904199589
78 783 300.676814870417
56 563 300.678168870417
42 424 300.686344870417
44 444 300.687737870417
78 784 300.690471870417
61 613 300.693283870417
67 673 303.259397216903
65 653 303.266090750111
60 603 303.274151283319
51 514 303.282211049923
57 573 309.761494650125
50 504 309.789734459997
77 774 309.795072645813
73 733 309.799056672113
40 404 309.859504889847
72 724 309.86895713454
79 794 309.887757699433
52 524 312.163709777167
48 484 312.179815534688
46 464 312.186482016832
67 674 312.197249933152
70 703 321.255640721111
70 704 321.258400721111
53 534 321.262514721111
59 594 321.263881721111
47 473 337.166969904878
47 474 337.168349904878
76 764 337.169742904878
66 663 337.172515904878
66 664 337.173921904878
68 684 337.674642413809
63 634 337.681594413809
73 734 337.685825413809
69 693 337.688572413809
62 624 337.689913413809
58 584 337.691241413809
68 683 337.693897413809
54 543 337.695303413809
54 544 337.696670413809
42 425 337.759711413419
57 574 343.696354785303
65 654 343.769023218964
46 465 343.775897218964
59 595 343.785453218964
43 435 343.786833218964
49 494 347.269323145096
69 694 347.270742145096
45 454 351.684484311901
70 702 351.756853315007
71 714 366.673171427346
70 705 376.361131205855
72 725 376.368005205855
62 625 376.373499205855
40 405 376.377652205855
45 455 378.189090431205
58 585 378.191915431205
63 635 385.26539510621
64 645 385.26812910621
52 525 392.155559714343
41 414 392.156978714343
78 785 392.161053714343
41 415 392.162420714343
52 526 392.178759714343
79 795 397.773249761261
49 495 397.784315761261
47 475 397.788468761261
77 775 397.789861761261
60 605 399.181087604404
60 604 399.189341604404
54 545 401.15544455823
53 535 401.16647155823
54 546 401.17059855823
44 445 404.159729300917
71 715 404.173542300917
65 655 404.174909300917
42 426 404.179088300917
60 606 404.180416300917
41 416 435.185604702678
43 436 435.189705702678
48 485 444.181989713828
46 466 444.187457713828
49 496 444.190152713828
48 486 444.194214713828
44 446 444.195620713828
45 456 444.198289713828
61 614 444.25558671626
70 706 444.25829471626
47 476 444.26239571626
40 406 457.178603934947
62 626 463.7596038621
47 477 463.7637048621
72 726 463.7678838621
65 656 463.7733778621
77 776 465.162817921801
64 646 465.165577921801
70 707 471.356953151886
45 457 471.358294151886
40 407 474.194590159356
42 427 489.264199877085
44 447 489.276736877085
53 537 489.278155877085
65 657 489.279483877085
53 536 497.672362043923
78 786 497.686032043923
63 636 497.691539043923
63 637 497.692932043923
62 627 497.694312043923
79 796 523.161977666511
46 467 529.765547690132
46 468 529.766888690132
55 557 533.658130384935
49 497 533.659484384935
79 797 533.660851384935
72 727 533.662218384935
48 487 533.666319384935
58 586 533.667647384935
52 527 533.670316384935
40 408 533.671683384935
71 716 533.673011384935
55 558 533.675693384935
58 587 533.677112384935
41 417 533.678479384935
52 528 548.689147443579
54 547 548.691843259453
60 607 550.757926799317
71 717 552.268793057673
71 718 552.270134057673
54 548 552.275589057673
47 478 552.276917057673
48 488 552.278245057673
44 448 554.971522243314
53 538 554.972902243314
42 428 554.974243243314
64 647 554.975610243314
62 628 554.976938243314
43 438 554.978305243314
65 658 568.667766189058
78 788 568.669133189058
64 648 568.670552189058
49 499 568.694077189058
49 498 570.75966442087
58 588 570.78434842087
63 638 570.78572842087
70 708 570.78708242087
60 609 570.78844942087
41 418 605.260578266058
43 439 605.268741266058
44 449 605.271475266058
63 639 605.272842266058
79 799 605.274196266058
