62 450 53.658259455032
63 450 53.658259455032
71 470 57.656978292505
71 490 57.658332292505
0 440 74.156944042544
60 440 74.156944042544
65 790 76.656890833498
79 480 76.658270833498
65 480 76.658270833498
77 430 79.270375805522
24 430 79.270375805522
56 730 79.277262805522
24 730 79.277262805522
75 700 103.658136392493
58 400 103.663526392493
70 400 103.663526392493
75 400 103.663526392493
70 770 103.667575392493
75 770 103.667575392493
12 780 103.668955392493
70 780 103.668955392493
75 780 103.668955392493
75 760 103.680034392493
15 481 103.685476392493
75 481 103.685476392493
12 421 104.975309268207
3 421 104.975309268207
72 740 104.979449268207
54 740 104.979449268207
3 740 104.979449268207
4 720 104.980842268207
54 720 104.980842268207
3 720 104.980842268207
54 401 104.982183268207
3 401 104.982183268207
88 441 123.278830687068
70 441 123.278830687068
0 431 124.180167444975
4 431 124.180167444975
80 420 125.658853015691
2 410 130.666662176941
18 410 130.666662176941
66 471 135.195071357622
93 471 135.195071357622
50 471 135.195071357622
58 761 139.186999380758
17 711 145.681728426811
44 411 154.15686995222
65 451 154.19125295222
93 451 154.19125295222
44 451 154.19125295222
48 491 156.256945033132
45 731 159.1896545394
54 731 159.1896545394
50 771 168.679011064559
18 771 168.679011064559
6 771 168.679011064559
7 721 168.681745064559
33 721 168.681745064559
6 721 168.681745064559
33 461 168.683073064559
6 461 168.683073064559
38 432 180.689001873528
99 432 180.689001873528
66 422 187.284159094418
39 412 218.161076770565
32 412 218.161076770565
61 722 218.162417979323
40 722 218.162417979323
32 462 218.166480628205
52 492 218.167808836963
40 492 218.167808836963
46 472 218.169176057025
32 472 218.169176057025
10 762 218.184019772305
3 762 218.184019772305
32 762 218.184019772305
42 792 218.185360981063
15 792 218.185360981063
40 792 218.185360981063
35 742 218.190764629945
3 742 218.190764629945
32 742 218.190764629945
44 702 221.861144602449
96 702 221.861144602449
22 741 221.863891602449
44 741 221.863891602449
96 741 221.863891602449
29 712 224.979900245642
12 712 224.979900245642
21 732 224.984027245642
50 732 224.984027245642
12 732 224.984027245642
29 413 226.2556692492
81 413 226.2556692492
16 772 229.297221858905
48 772 229.297221858905
15 772 229.297221858905
15 483 229.298614858905
3 781 231.274259689276
3 782 231.275587689276
17 423 234.692498736972
73 423 234.692498736972
17 443 234.693891736972
73 443 234.693891736972
10 773 253.782856238767
55 493 255.287749259043
92 493 255.287749259043
29 493 255.287749259043
80 763 262.679554953074
40 752 280.183874691026
40 753 280.185241691026
9 453 284.755627112519
32 453 284.755627112519
43 713 285.666643358337
44 783 285.670718358337
43 783 285.670718358337
43 444 285.672124358337
65 723 296.678062175465
90 723 296.678062175465
90 774 296.699934175465
82 784 300.681610836786
66 754 310.693073068586
83 754 310.693073068586
96 473 310.697174068586
66 473 310.697174068586
83 473 310.697174068586
92 714 325.171833198355
66 424 325.264977314379
92 424 325.264977314379
35 494 350.657278340362
69 484 350.668318340362
72 484 350.668318340362
35 484 350.668318340362
72 734 350.672432340362
35 734 350.672432340362
73 464 350.673773340362
72 464 350.673773340362
35 464 350.673773340362
35 465 350.693759591591
35 704 350.755328338446
35 435 350.762202338446
21 474 350.763582338446
43 474 350.763582338446
35 474 350.763582338446
28 744 351.16272277981
61 414 351.199009267318
28 414 351.199009267318
75 725 374.793748274146
47 725 374.793748274146
94 725 374.793748274146
94 705 374.79785008638
76 755 374.859456242903
94 755 374.859456242903
73 485 374.862152065575
70 485 374.862152065575
94 485 374.862152065575
73 405 374.863480065575
70 405 374.863480065575
94 405 374.863480065575
53 785 374.866188888247
49 785 374.866188888247
94 785 374.866188888247
90 425 378.198175061715
81 425 378.198175061715
22 454 378.255695057459
42 454 378.255695057459
81 454 378.255695057459
22 455 378.257062057459
42 455 378.257062057459
81 455 378.257062057459
62 724 391.890279699983
90 724 391.890279699983
65 715 391.966173018059
23 715 391.966173018059
90 715 391.966173018059
84 415 391.977034391331
90 415 391.977034391331
98 735 391.981175087971
73 765 391.985224087971
98 765 391.985224087971
98 456 391.993413087971
94 495 396.761155367435
94 475 396.762483367435
94 775 396.774760367435
36 745 397.855625965524
60 445 404.159639015992
56 406 434.968056582947
77 406 434.968056582947
64 416 434.977612582947
77 416 434.977612582947
32 466 442.698386800902
32 496 442.759701802215
32 486 442.763763802215
32 426 442.769244802215
20 446 442.770572802215
32 446 442.770572802215
22 476 442.774751802215
32 476 442.774751802215
19 736 457.980209404153
84 736 457.980209404153
97 407 462.187853526286
48 726 463.771926670773
47 726 463.771926670773
88 795 463.776092670773
47 795 463.776092670773
88 766 463.777433670773
47 766 463.777433670773
29 746 463.778800670773
88 746 463.778800670773
47 746 463.778800670773
14 707 491.675387601478
55 497 491.679423601478
70 497 491.679423601478
14 497 491.679423601478
19 797 491.682235601478
14 797 491.682235601478
7 716 491.690307601478
14 716 491.690307601478
8 767 491.693002601478
7 767 491.693002601478
14 767 491.693002601478
92 427 495.374235303442
92 447 495.375589303442
72 467 498.162395513719
85 436 498.169321513719
95 436 498.169321513719
72 436 498.169321513719
19 706 498.181468513719
55 706 498.181468513719
72 706 498.181468513719
72 796 498.182796513719
94 747 513.371993481364
74 757 513.376159481364
94 757 513.376159481364
75 487 513.377565481364
74 487 513.377565481364
94 487 513.377565481364
94 737 513.388488481364
65 788 543.357087934688
66 788 543.357087934688
49 787 544.99506763794
66 787 544.99506763794
46 787 544.99506763794
66 498 544.99647363794
46 498 544.99647363794
86 408 545.983090318589
90 417 545.985759318589
86 417 545.985759318589
7 438 545.996682318589
86 438 545.996682318589
60 448 547.685742277919
49 448 547.685742277919
55 448 547.685742277919
91 428 547.689804277919
49 428 547.689804277919
55 428 547.689804277919
16 718 552.283862687271
90 718 552.283862687271
11 718 552.283862687271
42 457 554.966675555593
53 457 554.966675555593
94 457 554.966675555593
56 728 554.991710555593
42 728 554.991710555593
94 728 554.991710555593
99 488 554.997178555593
88 488 554.997178555593
94 488 554.997178555593
39 748 563.283252681338
39 708 563.287418681338
87 437 568.670746692978
49 437 568.670746692978
16 717 568.694219692978
90 717 568.694219692978
49 717 568.694219692978
24 778 601.759766272567
36 778 601.759766272567
36 749 601.769335272567
93 458 605.262846778372
36 479 605.272467778372
93 479 605.272467778372
36 429 605.275201778372
93 429 605.275201778372
14 768 605.286124778372
24 768 605.286124778372
93 768 605.286124778372
