39 490 63.656772356171
29 191 80.673224855886
53 840 83.869080994812
79 840 83.869080994812
87 440 105.8687102399
61 440 105.8687102399
87 940 105.8701162399
61 940 105.8701162399
68 340 111.755430374448
54 340 111.755430374448
69 340 111.755430374448
54 41 111.758125434038
35 41 111.758125434038
69 541 111.763476603185
54 91 111.766171723524
35 91 111.766171723524
70 240 121.856856058935
79 240 121.856856058935
24 140 121.858184058935
70 140 121.858184058935
79 140 121.858184058935
81 590 124.159961931522
80 590 124.159961931522
80 391 124.173761931522
43 141 124.179346931522
31 141 124.179346931522
80 141 124.179346931522
43 740 124.180687931522
80 740 124.180687931522
31 190 124.186142931522
80 190 124.186142931522
13 640 124.198497931522
80 640 124.198497931522
13 890 124.199864931522
80 890 124.199864931522
13 641 124.25695692879
80 641 124.25695692879
68 540 124.26109692879
14 540 124.26109692879
80 540 124.26109692879
68 90 132.160858703893
0 90 132.160858703893
93 341 134.663787544848
93 991 134.673293092248
22 591 138.695229202006
83 591 138.695229202006
13 591 138.695229202006
22 741 138.696635202006
83 741 138.696635202006
13 741 138.696635202006
45 990 144.258438724825
93 990 144.258438724825
24 990 144.258438724825
31 142 171.271091599869
93 142 171.271091599869
6 941 173.766455214458
57 441 173.769189214458
6 441 173.769189214458
57 491 173.770517214458
6 491 173.770517214458
80 241 181.679109045397
27 241 181.679109045397
99 241 181.679109045397
80 242 181.680502045397
27 242 181.680502045397
99 242 181.680502045397
43 392 181.685944045397
27 392 181.685944045397
99 392 181.685944045397
99 42 181.689993045397
30 891 200.162580195564
61 342 208.177368672501
86 342 208.177368672501
64 342 208.177368672501
81 292 210.760033820721
62 292 210.760033820721
5 892 210.766920820721
62 892 210.766920820721
98 841 210.772349820721
14 841 210.772349820721
62 841 210.772349820721
62 842 210.779223820721
7 92 210.783298820721
84 92 210.783298820721
62 92 210.783298820721
85 742 210.784652820721
84 742 210.784652820721
62 742 210.784652820721
41 942 224.184976279132
60 942 224.184976279132
15 942 224.184976279132
46 192 224.660965243905
47 592 224.767688541753
41 592 224.767688541753
40 592 224.767688541753
96 442 234.683134326738
42 792 244.366614313802
15 792 244.366614313802
29 792 244.366614313802
10 343 244.373527313802
29 343 244.373527313802
55 492 244.376222313802
92 492 244.376222313802
29 492 244.376222313802
55 493 244.377602313802
92 493 244.377602313802
29 493 244.377602313802
10 43 244.378956313802
92 43 244.378956313802
29 43 244.378956313802
92 193 256.263895965232
55 193 256.263895965232
80 193 256.263895965232
92 393 256.265288965232
55 393 256.265288965232
80 393 256.265288965232
55 593 256.266655965232
80 593 256.266655965232
55 843 268.765084478706
55 93 268.767818478706
98 643 276.175347574417
32 643 276.175347574417
21 143 276.182195574417
9 143 276.182195574417
32 143 276.182195574417
32 94 276.183536574417
87 243 278.256720914005
65 243 278.256720914005
64 243 278.256720914005
65 344 278.274366161845
64 344 278.274366161845
19 693 278.277178161845
64 693 278.277178161845
64 194 278.278558161845
51 893 302.675078494066
50 893 302.675078494066
67 294 306.265045968451
20 294 306.265045968451
84 294 306.265045968451
70 543 310.768593061547
70 394 310.778136061547
39 594 310.782185061547
70 594 310.782185061547
81 894 310.784971061547
70 894 310.784971061547
89 443 310.786312061547
81 443 310.786312061547
70 443 310.786312061547
89 444 310.787640061547
81 444 310.787640061547
70 444 310.787640061547
21 944 328.260934272315
10 944 328.260934272315
97 44 328.282535307565
86 44 328.282535307565
10 44 328.282535307565
86 694 328.283941307565
10 694 328.283941307565
65 244 332.285811119267
23 244 332.285811119267
81 244 332.285811119267
20 844 332.289938119267
23 844 332.289938119267
81 844 332.289938119267
23 45 332.291344119267
81 45 332.291344119267
35 494 343.661684507344
46 245 343.676708507344
72 245 343.676708507344
35 245 343.676708507344
59 993 343.699856507344
35 993 343.699856507344
35 595 343.756898502872
6 395 356.667233208614
6 345 356.668652208614
98 745 357.263736517851
31 95 357.267824517851
27 95 357.267824517851
98 95 357.267824517851
47 945 361.264975490943
75 945 361.264975490943
94 495 377.174717309039
21 295 388.679276216883
21 296 388.680630216883
25 943 391.160541636989
52 943 391.160541636989
52 845 391.163314636989
36 544 393.659259490898
36 545 393.660626490898
15 695 393.667513490898
36 695 393.667513490898
65 445 394.189914565342
90 445 394.189914565342
39 96 397.759585443739
54 96 397.759585443739
54 396 397.762242177371
10 895 434.696332185585
13 895 434.696332185585
63 645 434.759622185035
27 645 434.759622185035
13 645 434.759622185035
32 995 434.766535185035
83 995 434.766535185035
13 995 434.766535185035
32 496 441.769527268444
72 795 441.772274268444
32 795 441.772274268444
22 46 441.776440268444
32 46 441.776440268444
89 97 462.678828173036
80 346 462.684413173036
1 346 462.684413173036
89 346 462.684413173036
84 347 464.187047747293
77 846 466.997391110225
40 846 466.997391110225
46 446 483.671385865323
0 446 483.671385865323
51 446 483.671385865323
0 47 483.672713865323
51 47 483.672713865323
14 196 491.659879457774
14 197 491.663203054914
14 746 491.664557054914
55 297 491.668671054914
14 297 491.668671054914
92 447 491.683773054914
14 447 491.683773054914
1 897 518.16667963809
24 897 518.16667963809
19 497 518.16807263809
1 497 518.16807263809
24 497 518.16807263809
19 797 518.16947863809
1 797 518.16947863809
24 797 518.16947863809
96 946 518.17765463809
51 946 518.17765463809
24 946 518.17765463809
49 996 537.160976465042
2 996 537.160976465042
26 747 537.166431465042
2 747 537.166431465042
52 997 537.167772465042
2 997 537.167772465042
11 98 544.673627291354
97 98 544.673627291354
55 98 544.673627291354
66 298 547.663851020041
69 397 547.665192020041
66 397 547.665192020041
85 597 563.658074650455
39 597 563.658074650455
95 247 563.66603159882
67 247 563.66603159882
67 548 563.679921702044
51 498 563.690780496835
60 498 563.690780496835
67 498 563.690780496835
99 796 564.188092615792
97 796 564.188092615792
60 448 568.660891092295
49 448 568.660891092295
60 697 568.662297092295
49 697 568.662297092295
65 646 568.663664092295
49 646 568.663664092295
90 99 568.680068092295
49 99 568.680068092295
39 696 574.279521194212
60 696 574.279521194212
60 948 574.289194194212
53 647 574.291902194212
94 647 574.291902194212
60 647 574.291902194212
53 198 574.293256194212
94 198 574.293256194212
60 198 574.293256194212
72 199 596.164985172611
42 149 596.167745172611
47 149 596.167745172611
72 149 596.167745172611
21 998 598.988096433038
57 748 599.059828437511
44 748 599.059828437511
21 748 599.059828437511
85 598 599.061156437511
44 598 599.061156437511
21 598 599.061156437511
85 898 599.062549437511
44 898 599.062549437511
21 898 599.062549437511
21 449 599.065309437511
99 798 599.066728437511
21 798 599.066728437511
