38 380 41.155527369864
8 80 48.158864982699
63 630 53.655583009152
39 390 63.655418356171
49 490 63.656772356171
8 81 70.15966062112
69 690 78.755456549486
29 290 80.656907908956
29 291 80.662299487728
48 480 80.6677170665
18 180 80.670399855886
19 191 80.673224855886
79 790 83.855475994812
3 30 83.866372994812
78 780 83.867752994812
84 840 83.869080994812
18 181 97.163628374151
33 330 97.166414374151
3 31 97.167807374151
53 530 102.66695192378
53 531 102.67933292378
38 381 102.68072592378
44 440 105.8687102399
94 940 105.8701162399
73 730 105.8741782399
28 280 111.682963447091
68 680 111.693705771469
34 340 111.755430374448
4 41 111.758125434038
54 541 111.763476603185
9 91 111.766171723524
69 691 111.767525747928
4 40 112.15548886584
58 580 114.188978058873
79 791 121.855450058935
24 240 121.856856058935
14 140 121.858184058935
88 880 121.865149058935
59 590 124.159961931522
28 281 124.164049931522
68 681 124.172368931522
39 391 124.173761931522
43 430 124.177940931522
14 141 124.179346931522
74 740 124.180687931522
43 431 124.182054931522
19 190 124.186142931522
13 131 124.197156931522
64 640 124.198497931522
89 890 124.199864931522
98 980 124.25561592879
64 641 124.25695692879
13 130 124.25836292879
54 540 124.26109692879
58 581 124.26248992879
9 90 132.160858703893
93 930 134.655507544848
83 830 134.658306544848
34 341 134.663787544848
93 931 134.665115544848
99 991 134.673293092248
13 132 138.692469202006
59 591 138.695229202006
74 741 138.696635202006
99 990 144.258438724825
73 731 144.259818724825
83 831 148.690535515702
33 331 148.782482275932
54 542 159.174556559459
63 631 159.186924559459
3 32 159.261016557909
23 231 159.262435557909
98 981 171.269698599869
14 142 171.271091599869
93 932 171.272484599869
8 82 171.275257599869
94 941 173.766455214458
44 441 173.769189214458
49 491 173.770517214458
48 481 173.771884214458
58 582 173.777352214458
24 241 181.679109045397
24 242 181.680502045397
43 432 181.684603045397
39 392 181.685944045397
4 42 181.689993045397
38 382 181.695422045397
99 992 181.759711045729
69 692 198.755456553596
73 732 198.758268553596
53 532 198.780114553596
89 891 200.162580195564
68 682 200.165262195564
23 232 208.162383672501
64 642 208.163711672501
34 342 208.177368672501
29 292 210.760033820721
83 832 210.765514820721
89 892 210.766920820721
78 781 210.770995820721
84 841 210.772349820721
84 842 210.779223820721
9 92 210.783298820721
74 742 210.784652820721
98 982 210.787425820721
33 332 210.855466816719
29 293 212.671926198456
94 942 224.184976279132
48 482 224.187723279132
18 182 224.197370279132
18 183 224.198763279132
19 192 224.660965243905
28 282 224.665066561237
63 632 224.674519513233
59 592 224.767688541753
88 881 229.266489761009
13 133 234.673707338162
44 442 234.683134326738
74 743 235.174538663441
79 792 244.366614313802
34 343 244.373527313802
49 492 244.376222313802
49 493 244.377602313802
4 43 244.378956313802
23 233 256.16355003256
63 633 256.183810698678
78 782 256.261174965232
19 193 256.263895965232
39 393 256.265288965232
59 593 256.266655965232
43 433 268.763691478706
84 843 268.765084478706
9 93 268.767818478706
98 983 276.173928574417
64 643 276.175347574417
14 143 276.182195574417
9 94 276.183536574417
28 283 278.199048849673
24 243 278.256720914005
53 533 278.258087914005
93 933 278.262111763573
34 344 278.274366161845
64 644 278.275772161845
69 693 278.277178161845
19 194 278.278558161845
43 434 285.658328748738
79 793 289.176081017465
79 794 289.185611017465
63 634 291.172835333368
78 783 291.178238333368
78 784 291.180920333368
68 683 300.182644597842
88 882 302.673685494066
89 893 302.675078494066
48 483 302.677851494066
23 234 302.681978494066
83 833 305.655585155481
13 134 305.658358155481
29 294 306.265045968451
83 834 306.278638353117
54 543 310.768593061547
39 394 310.778136061547
53 534 310.780831061547
59 594 310.782185061547
89 894 310.784971061547
44 443 310.786312061547
44 444 310.787640061547
14 144 315.159612256326
14 145 315.360979284019
19 195 317.691116070321
94 944 328.260934272315
4 44 328.282535307565
69 694 328.283941307565
24 244 332.285811119267
68 684 332.287204119267
93 934 332.288597119267
84 844 332.289938119267
4 45 332.291344119267
23 235 332.292698119267
98 984 335.158346730787
49 494 343.661684507344
24 245 343.676708507344
99 993 343.699856507344
59 595 343.756898502872
74 744 350.164539657406
39 395 356.667233208614
34 345 356.668652208614
98 985 357.258346517851
74 745 357.263736517851
9 95 357.267824517851
43 435 361.262280490943
94 945 361.264975490943
49 495 377.174717309039
29 295 388.679276216883
29 296 388.680630216883
94 943 391.160541636989
84 845 391.163314636989
78 785 391.164681636989
54 544 393.659259490898
54 545 393.660626490898
68 685 393.664727490898
69 695 393.667513490898
44 445 394.189914565342
9 96 397.759585443739
39 396 397.762242177371
53 535 397.770275911003
13 135 398.366659508864
13 136 434.693637185585
89 895 434.696332185585
63 635 434.697725185585
64 645 434.759622185035
93 935 434.761028185035
83 835 434.765207185035
99 995 434.766535185035
83 836 434.767954185035
13 137 434.772107185035
49 496 441.769527268444
79 795 441.772274268444
4 46 441.776440268444
78 786 459.695795399847
89 896 462.657008173036
93 936 462.663804173036
23 236 462.667918173036
9 97 462.678828173036
98 986 462.680247173036
43 437 462.683033173036
34 346 462.684413173036
34 347 464.187047747293
84 847 464.188466747293
84 846 466.997391110225
68 686 474.156038802283
63 636 474.164305802283
43 436 474.167013802283
68 687 474.170963326703
44 446 483.671385865323
4 47 483.672713865323
14 147 491.658473457774
19 196 491.659879457774
19 197 491.663203054914
74 746 491.664557054914
29 297 491.668671054914
44 447 491.683773054914
53 537 491.685192054914
14 148 491.687952054914
24 248 518.15968863809
89 897 518.16667963809
49 497 518.16807263809
79 797 518.16947863809
94 946 518.17765463809
23 237 526.176403558104
99 996 537.160976465042
74 747 537.166431465042
99 997 537.167772465042
23 238 544.668159291354
9 98 544.673627291354
29 298 547.663851020041
39 397 547.665192020041
63 637 547.671923317093
88 887 550.155566594827
88 888 550.165200594827
53 536 551.778176489088
39 398 563.655405650455
13 138 563.656746650455
59 597 563.658074650455
24 247 563.66603159882
54 548 563.679921702044
49 498 563.690780496835
93 937 563.692160496835
63 638 563.694894496835
79 796 564.188092615792
44 448 568.660891092295
69 697 568.662297092295
64 646 568.663664092295
68 688 568.670590092295
43 438 568.677386092295
9 99 568.680068092295
49 499 568.681448092295
69 696 574.279521194212
94 948 574.289194194212
64 647 574.291902194212
19 198 574.293256194212
83 837 596.159582172611
83 838 596.160975172611
19 199 596.164985172611
53 538 596.166404172611
14 149 596.167745172611
99 998 598.988096433038
74 748 599.059828437511
59 598 599.061156437511
89 898 599.062549437511
44 449 599.065309437511
79 798 599.066728437511
13 139 599.072222437511
