46 460 45.155486550564
61 610 52.755615105829
63 630 53.655626152003
45 450 53.658347152003
57 570 53.659753152003
71 710 57.655546330382
47 470 57.656887330382
49 490 57.658241330382
60 600 74.155633617858
44 440 74.157000617858
65 650 76.65553670443
79 790 76.65690370443
48 480 76.65825770443
69 690 78.755577713249
62 620 78.759600713249
53 530 78.762373713249
43 430 87.658358076962
40 400 87.659777076962
55 550 87.661196076962
52 520 87.662537076962
58 580 87.663865076962
70 700 87.665271076962
59 590 87.666638076962
77 770 87.668018076962
56 560 87.669346076962
66 660 87.670674076962
73 730 87.674814076962
67 670 101.267114459263
50 500 101.271137913899
40 401 101.284627277807
72 720 101.356914459784
78 780 101.35958381929
54 541 101.36096391058
68 680 101.362292270086
74 740 101.366393270086
75 750 103.655494098355
51 510 103.656822098355
75 751 103.678837098355
61 611 105.878315141787
76 760 105.892310141787
54 540 108.17237807406
69 691 108.18481107406
48 481 112.264831973986
79 791 121.85557549109
44 441 121.86382949109
70 701 121.86515749109
60 601 121.86653749109
45 451 122.1787079901
73 731 122.1800879901
41 410 123.262378259502
42 420 125.660332139409
56 561 125.672661139409
68 681 125.689325139409
43 431 125.692059139409
50 501 125.696173139409
42 421 125.697501139409
64 640 125.758475138481
58 581 125.759855138481
55 551 125.761196138481
64 641 125.762576138481
66 661 132.782027608114
65 651 132.791739608114
52 521 132.797168608114
76 761 139.298610179441
53 531 155.863530124757
45 452 155.864871124757
54 542 159.169287942587
71 711 159.184584942587
50 502 166.792303927187
51 511 166.793683927187
56 562 176.794861310107
43 432 176.796202310107
67 671 176.797569310107
59 591 177.766794287744
46 461 179.191114747359
40 402 179.196531589943
42 422 179.256775802443
66 662 179.260812230333
78 781 179.756952684634
77 771 179.765038748162
57 571 182.655412776598
62 621 182.656818776598
57 572 182.660893776598
74 741 182.692308776598
72 721 187.264989844698
62 622 207.256916525787
71 712 207.265118525787
74 742 207.278853525787
64 642 208.156817379566
65 652 208.158236379566
55 552 208.159603379566
77 772 208.167714379566
53 532 208.170409379566
72 722 208.174497379566
61 612 208.177257379566
59 592 208.180030379566
69 692 211.270745647287
73 732 211.273531647287
58 582 211.274885647287
41 412 218.162922035546
46 462 218.172336322006
47 472 218.176359750826
41 411 218.198013103684
60 602 218.199367103684
78 782 218.263854390819
68 682 218.269439390819
47 471 218.663628607868
41 413 218.678782607868
52 522 218.688468607868
49 491 218.755400603459
49 492 218.756793603459
70 702 234.673032506261
58 583 234.674412506261
79 792 234.685193494837
48 482 236.199496933386
51 513 245.68451084874
62 623 245.68724484874
56 563 248.161574765217
42 423 248.168383765217
67 673 248.173903765217
63 632 249.183134564437
50 503 249.191969958408
60 603 251.358257915619
52 523 251.359650915619
55 553 251.360991915619
75 752 253.771078249544
75 753 253.773877249544
63 631 262.172502245828
66 663 262.176512245828
76 762 262.177866245828
64 643 262.179285245828
43 433 262.182032245828
76 763 262.184753245828
63 633 262.186133245828
40 404 262.187526245828
59 593 263.177969090298
40 403 268.971495723686
67 672 269.677354787554
55 554 269.759609787632
45 453 284.75553086324
61 613 284.75685886324
79 793 289.161744562178
71 713 289.170050562178
79 794 289.176963562178
65 653 293.658358519315
53 533 293.659686519315
72 723 293.661079519315
77 773 293.663865519315
68 683 293.665284519315
51 514 293.666703519315
78 783 293.672327519315
67 674 293.673655519315
57 573 296.172257573857
69 693 296.173676573857
56 564 296.191655573857
64 644 296.193074573857
77 774 296.69711755901
50 504 299.291613808221
52 524 299.293032808221
78 784 300.683994705771
47 473 300.688108705771
47 474 300.690894705771
76 764 300.692300705771
45 454 308.874596946412
72 724 309.868985405781
68 684 312.177328260653
58 584 312.256708441554
70 703 321.255542751305
70 704 321.262312751305
53 534 321.269290751305
59 594 321.270618751305
66 664 325.265113559924
62 624 328.259769273357
54 543 337.161092855734
71 714 337.176488928737
42 424 337.199129657091
42 425 337.259491389489
69 694 343.268390615293
73 734 343.293048615293
65 654 343.358371610775
57 574 343.361092610775
54 544 343.374684610775
59 595 343.376051610775
74 744 351.672128533519
60 604 351.674862533519
74 745 352.868751855463
61 614 355.689209244925
61 615 380.168913476564
63 634 380.177011476564
75 755 380.193389476564
56 565 380.194782476564
67 675 380.196123476564
70 705 380.197490476564
79 795 380.198909476564
75 754 384.672298360669
53 535 384.673626360669
77 775 384.674954360669
72 725 384.687465360669
62 625 384.691527360669
40 405 384.695667360669
73 735 384.696995360669
76 765 384.76367936114
65 655 386.19599707277
58 585 386.19733807277
41 414 386.259469186926
58 586 391.191227562781
52 525 392.155406283606
41 415 392.158192283606
78 785 392.162410283606
57 575 392.169271283606
52 526 392.191247283606
54 545 397.759322980434
68 685 397.760650980434
69 695 397.762069980434
54 546 397.859591488066
47 475 397.869329488066
60 605 398.282970553571
45 455 398.284389553571
71 715 398.288490553571
55 555 398.289883553571
42 426 398.291211553571
59 596 403.685691830247
40 406 403.695260830247
63 635 403.696588830247
60 606 404.192771909465
75 756 409.671268496778
67 676 419.776006359636
66 665 425.15831005757
64 645 425.15965105757
50 506 434.96111480494
50 505 435.163748796815
78 786 435.166573796815
57 576 435.167914796815
56 566 435.184539796815
77 776 435.187234796815
64 646 435.194030796815
41 416 435.198235796815
51 515 435.263735792999
51 516 455.159939410967
40 407 472.171769156684
68 686 474.156839385904
70 706 474.158167385904
63 636 474.170779853431
68 687 474.180232370207
45 456 474.181560431994
66 666 483.166790896528
73 736 483.198400896528
72 726 483.199793896528
76 766 485.872958497067
62 626 485.880338542983
70 707 485.888411357083
45 457 485.891197357083
55 557 485.892603357083
72 727 498.164998893667
58 587 498.167732893667
73 737 498.169086893667
42 427 498.174554893667
55 556 498.175934893667
79 797 498.182769893667
61 616 498.184123893667
61 617 498.185516893667
53 536 498.188198893667
79 796 498.189526893667
47 476 498.192221893667
69 696 498.193575893667
71 716 499.168105267638
60 607 499.169511267638
51 517 501.65835867973
53 537 509.175099696587
65 657 509.176453696587
74 746 513.194161975008
54 547 518.175029333826
77 777 529.775114067725
46 467 532.160006005162
41 417 543.175034747625
57 577 543.176388747625
71 718 543.177768747625
40 408 543.179174747625
55 558 543.180515747625
52 527 543.181934747625
67 677 543.183301747625
56 567 543.184642747625
66 667 549.680484899385
75 757 549.681890899385
62 627 549.692865899385
66 668 549.694193899385
69 697 549.695560899385
63 637 549.696966899385
65 656 549.698385899385
69 698 549.756891895692
64 647 549.759677895692
65 658 549.761005895692
51 518 549.762385895692
53 538 549.765093895692
57 578 549.773321895692
42 428 549.774649895692
62 628 549.776016895692
78 787 549.777357895692
64 648 549.778711895692
78 788 553.281330972886
56 568 554.980454555737
76 767 554.981795555737
72 728 554.988682555737
74 747 554.992757555737
59 597 554.994124555737
63 638 563.667433894465
70 708 563.668813894465
60 608 563.692221894465
74 748 563.694942894465
54 548 563.697650894465
52 528 563.756956889939
68 688 563.758375889939
67 678 574.359747576472
73 738 574.361166576472
58 588 574.362520576472
79 798 574.363939576472
60 609 574.365306576472
71 717 576.164048873406
