61 610 52.755663900697
21 210 52.757082900697
63 630 53.655498823638
25 250 53.659508823638
20 200 54.160547152214
62 620 56.659402125212
60 600 74.155524466643
26 260 76.656854091091
65 650 76.66118910218
69 690 78.755674650301
24 240 78.766662650301
24 241 78.768055650301
26 261 79.158198694458
29 291 80.659597728503
61 611 97.264407935667
27 270 100.166309928342
27 271 101.661099677299
29 290 102.658793724909
60 601 118.169815886235
25 251 118.172601886235
28 280 124.157830172245
28 281 124.163272172245
22 220 124.164626172245
64 640 142.157437037761
20 201 142.160223037761
64 641 142.161551037761
67 670 142.162931037761
63 631 142.165600037761
66 660 142.167006037761
27 272 162.184460081698
23 230 164.18871261362
66 661 168.666040513459
22 221 184.16610611922
20 202 185.269707960123
26 262 185.275214960123
67 672 185.279341960123
23 231 185.280747960123
23 232 185.282140960123
66 662 187.260932782643
21 211 187.264995343327
21 212 187.266336343327
22 222 187.269070343327
62 621 207.25547854258
25 252 207.25821254258
29 292 207.26235254258
64 642 208.16021404952
67 671 209.755428555427
68 681 228.171938614277
68 682 228.173292614277
60 602 230.669387308673
62 622 250.193062945079
62 623 250.198582945079
20 203 252.690544545583
67 673 252.691898545583
61 612 253.170913820236
22 223 253.172254820236
25 253 256.158221843112
63 632 256.16630760486
65 652 256.177088366608
28 283 256.178416366608
65 653 278.181269486214
61 613 278.185384455881
65 654 278.194772951824
23 233 297.265496227937
21 213 297.266915227937
64 643 297.269649227937
63 633 297.271042227937
63 634 297.272409227937
28 282 297.773583330534
25 254 297.779012330534
69 693 297.783191330534
66 663 297.785873330534
67 674 300.673106141878
60 603 301.761162541276
23 234 301.770913541276
68 683 301.772280541276
68 684 301.773660541276
22 224 317.283605016575
64 644 317.355666766969
21 214 320.160236073933
66 664 320.161642073933
26 263 321.665805592014
26 264 340.165522476858
23 235 341.277760187377
69 694 361.267492594186
62 624 361.268898594186
20 204 361.271688693842
20 205 361.274461693842
21 215 362.184687697442
67 675 362.194308697442
60 604 362.195675697442
61 614 362.199737697442
65 655 383.275980643607
60 605 383.278714643607
62 625 383.281422643607
25 255 384.682069696515
28 284 384.698137956571
23 236 385.673394195884
28 285 387.678677439776
22 225 387.680031439776
61 615 387.681398439776
69 695 404.160875440091
22 226 404.162229440091
60 606 404.188359729449
26 265 406.257004361167
63 635 431.672007694649
26 266 433.760922398032
68 685 433.762315398032
67 676 433.763643398032
64 646 433.770556398032
64 645 433.771975398032
66 665 473.855447258842
66 666 473.858168258842
28 286 474.158240682308
20 206 474.166352002483
63 636 474.170388457472
25 256 474.17312271586
68 687 474.177171974248
20 207 475.669621638081
62 626 475.687638667
68 686 476.678215827774
62 627 492.193253962273
26 267 495.766237720375
61 616 496.66040709341
66 667 517.27096619002
60 607 538.663122077831
23 237 538.755572856147
23 238 538.756900856147
28 287 540.664760354424
26 268 540.667507354424
67 677 540.672988354424
28 288 540.674394354424
25 257 540.682557354424
20 208 543.280135552206
65 658 543.281502552206
61 617 558.173355393461
67 678 558.177418253134
66 668 558.180100422193
69 696 558.181467422193
69 697 558.184162936559
63 637 558.188199450925
61 618 558.192287450925
64 647 558.196349450925
65 657 560.761211198827
68 688 562.681870370391
69 698 581.288274815696
60 609 581.359664475047
25 259 604.665740133449
