62 570 66.759947013497
55 520 93.662065322582
3 520 93.662065322582
55 580 93.664734322582
3 580 93.664734322582
55 590 93.666140322582
3 590 93.666140322582
12 530 93.667520322582
55 530 93.667520322582
3 530 93.667520322582
24 560 93.671595322582
39 560 93.671595322582
3 560 93.671595322582
58 550 95.163178277082
24 550 95.163178277082
69 540 112.682969754205
69 541 112.685638754205
4 531 115.179347274297
75 500 115.186169274297
4 500 115.186169274297
75 501 115.187510274297
4 501 115.187510274297
80 561 130.664157320855
75 510 132.777056159245
93 510 132.777056159245
97 551 137.663497531983
97 581 137.677206531983
38 521 137.685447531983
36 521 137.685447531983
97 521 137.685447531983
22 591 137.688168531983
83 591 137.688168531983
97 591 137.688168531983
93 511 175.679445196395
93 512 175.682153196395
97 502 224.96320261245
12 502 224.96320261245
21 582 224.96727761245
50 582 224.96727761245
12 582 224.96727761245
12 503 224.96867061245
8 522 226.665757006152
96 522 226.665757006152
96 583 226.672527006152
95 562 243.796348272527
15 562 243.796348272527
88 513 245.676917685825
11 532 248.182866310143
51 532 248.182866310143
29 532 248.182866310143
28 592 262.662898834125
55 523 269.658134490733
55 593 269.659514490733
80 552 269.678613693346
19 573 293.172072821709
6 573 293.172072821709
64 573 293.172072821709
65 533 293.176290821709
34 533 293.176290821709
64 533 293.176290821709
64 563 293.181680821709
50 524 299.167971616218
70 543 311.178273763083
39 594 311.187790763083
70 594 311.187790763083
10 574 331.781411774261
86 564 336.180599594934
98 564 336.180599594934
35 595 350.199205798633
8 555 377.181951105003
8 585 377.183357105003
75 534 377.65906489091
75 575 377.66039289091
84 515 378.194931258445
84 505 378.196272258445
84 525 378.197678258445
36 544 394.198009774482
36 545 394.199402774482
94 565 397.855374916993
3 596 413.185787122174
26 535 419.767920768484
69 535 419.767920768484
1 535 419.767920768484
81 566 460.66609255992
89 566 460.66609255992
87 576 460.66743355992
89 576 460.66743355992
14 556 488.187589947345
14 557 488.191587289195
95 506 488.195623935545
70 506 488.195623935545
14 506 488.195623935545
96 516 488.19696549057
64 586 488.268959759356
68 586 488.268959759356
51 586 488.268959759356
24 518 529.766803142438
16 547 535.162929785214
86 547 535.162929785214
16 587 535.165741785214
86 587 535.165741785214
55 536 535.168579785214
86 536 535.168579785214
79 527 535.171261785214
86 527 535.171261785214
79 528 535.172602785214
86 528 535.172602785214
86 558 535.173969785214
81 577 535.178174785214
97 577 535.178174785214
86 577 535.178174785214
57 567 546.166444406349
8 567 546.166444406349
66 567 546.166444406349
8 537 546.167785406349
66 537 546.167785406349
8 538 546.169191406349
66 538 546.169191406349
8 578 546.170597406349
66 578 546.170597406349
30 597 548.272634610229
88 597 548.272634610229
5 598 573.788748485067
60 598 573.788748485067
60 548 573.794281485067
31 588 573.859519339276
54 588 573.859519339276
60 588 573.859519339276
