15 200 51.658292430252
8 100 70.156990860961
37 140 75.164078833712
12 140 75.164078833712
53 140 75.164078833712
37 30 75.165471833712
12 30 75.165471833712
53 30 75.165471833712
19 120 75.665062431516
48 120 75.665062431516
79 120 75.665062431516
48 110 75.666468431516
79 110 75.666468431516
7 0 96.659474872386
17 0 96.659474872386
7 160 96.660841872386
17 160 96.660841872386
17 190 96.665046872386
17 10 96.668584152562
17 11 96.672711152562
1 40 96.674078152562
17 40 96.674078152562
1 41 96.675445152562
38 41 96.675445152562
17 41 96.675445152562
30 121 112.176536025379
69 121 112.176536025379
78 20 112.191651025379
3 20 112.191651025379
69 20 112.191651025379
0 161 132.158287366728
31 191 132.166851417885
0 191 132.166851417885
30 31 132.171004417885
27 31 132.171004417885
0 31 132.171004417885
84 180 132.176446417885
80 180 132.176446417885
0 180 132.176446417885
58 130 132.177813417885
80 130 132.177813417885
0 130 132.177813417885
31 141 137.678853407297
80 141 137.678853407297
58 131 137.688448407297
80 131 137.688448407297
13 101 137.689828407297
58 101 137.689828407297
80 101 137.689828407297
50 201 137.692562407297
43 201 137.692562407297
80 201 137.692562407297
97 21 139.696880928127
97 22 139.698286928127
76 111 160.169513280228
54 111 160.169513280228
45 181 160.190135280228
54 181 160.190135280228
45 182 160.191476280228
54 182 160.191476280228
51 172 176.277287104619
27 122 179.668665912357
38 122 179.668665912357
33 32 186.159776606744
20 32 186.159776606744
12 112 200.16028649418
30 112 200.16028649418
2 152 203.159964351866
23 152 203.159964351866
67 152 203.159964351866
39 142 203.165562351866
11 142 203.165562351866
67 142 203.165562351866
78 192 204.659113750012
55 192 204.659113750012
64 192 204.659113750012
34 12 204.667367750012
64 12 204.667367750012
46 102 220.664581677201
46 33 220.679683677201
77 13 220.687833677201
3 13 220.687833677201
46 13 220.687833677201
77 23 220.689239677201
3 23 220.689239677201
46 23 220.689239677201
41 153 226.17675217041
62 153 226.17675217041
12 153 226.17675217041
48 163 226.17814517041
62 163 226.17814517041
12 163 226.17814517041
88 203 246.675094934905
51 183 246.684702934905
88 183 246.684702934905
29 103 247.688973535894
10 3 247.690353535894
29 3 247.690353535894
10 43 247.691681535894
29 43 247.691681535894
95 113 247.693022535894
10 113 247.693022535894
29 113 247.693022535894
29 104 247.694441535894
31 133 265.679712460661
80 133 265.679712460661
31 34 265.681118460661
80 34 265.681118460661
90 184 289.665158985861
51 114 290.765118566267
39 193 292.667289696711
34 193 292.667289696711
64 193 292.667289696711
19 44 292.675582696711
64 44 292.675582696711
64 194 292.676962696711
86 154 296.18627161923
19 154 296.18627161923
79 154 296.18627161923
84 204 300.159351992136
83 143 309.661356040056
83 134 309.664611710908
30 24 317.687068918755
92 24 317.687068918755
19 24 317.687068918755
76 14 352.687258067163
98 14 352.687258067163
70 4 357.172633234733
98 4 357.172633234733
74 4 357.172633234733
70 124 357.174000234733
98 124 357.174000234733
74 124 357.174000234733
59 205 359.191903800548
70 205 359.191903800548
75 205 359.191903800548
59 45 362.176168612031
35 45 362.176168612031
25 135 379.689353440329
41 135 379.689353440329
84 135 379.689353440329
38 15 379.756983629747
80 15 379.756983629747
34 125 379.762542629747
38 125 379.762542629747
80 125 379.762542629747
7 35 385.656780248166
50 175 385.765076840676
84 175 385.765076840676
8 175 385.765076840676
97 115 402.663073879305
59 115 402.663073879305
34 5 404.672971813209
23 5 404.672971813209
36 5 404.672971813209
54 155 413.691789035607
75 155 413.691789035607
1 25 418.661037372369
62 186 418.680032620571
84 186 418.680032620571
22 186 418.680032620571
18 46 425.769986639928
83 46 425.769986639928
13 46 425.769986639928
83 106 425.771366639928
13 106 425.771366639928
67 26 427.171780820328
96 196 464.663901281744
83 196 464.663901281744
1 196 464.663901281744
88 206 464.668067281744
47 206 464.668067281744
1 206 464.668067281744
89 116 466.686122858238
11 176 466.687463858238
89 176 466.687463858238
88 126 466.758178712545
47 126 466.758178712545
89 126 466.758178712545
40 157 467.675865386281
40 156 470.693205979087
34 156 470.693205979087
17 127 484.663601869812
14 197 484.667663869812
17 197 484.667663869812
49 47 494.158512242917
48 47 494.158512242917
35 47 494.158512242917
31 207 508.160009169054
72 207 508.160009169054
88 146 509.668858356244
73 146 509.668858356244
3 27 509.681187356244
95 27 509.681187356244
73 27 509.681187356244
95 137 509.682580356244
73 137 509.682580356244
82 187 509.683908356244
95 187 509.683908356244
73 187 509.683908356244
80 48 512.663024695393
94 48 512.663024695393
46 128 529.684709480751
46 178 529.686076480751
56 158 529.687417480751
46 158 529.687417480751
8 107 550.188378936615
66 107 550.188378936615
8 198 550.191151936615
66 198 550.191151936615
62 208 550.192557936615
8 208 550.192557936615
66 208 550.192557936615
49 138 551.664301967121
95 37 551.668351129531
88 37 551.668351129531
88 8 551.673820451019
23 168 551.68323569185
7 168 551.68323569185
87 18 551.689916329323
28 18 551.689916329323
88 18 551.689916329323
8 117 551.691244827657
49 117 551.691244827657
23 167 551.763460642192
55 167 551.763460642192
49 167 551.763460642192
30 28 554.680521863526
52 28 554.680521863526
52 29 554.688801863526
97 119 557.696568885292
39 38 573.162538973789
39 169 573.168084973789
33 149 599.181396914526
93 149 599.181396914526
72 149 599.181396914526
