15 200 51.658252615066
8 100 70.15697482786
7 160 70.161597674748
49 160 70.161597674748
8 160 70.161597674748
48 190 75.662676936145
79 190 75.662676936145
19 120 75.664004936145
48 120 75.664004936145
79 120 75.664004936145
48 110 75.665358936145
79 110 75.665358936145
1 140 96.680502432394
96 140 96.680502432394
20 130 98.16020423299
35 130 98.16020423299
30 121 112.181118494865
69 121 112.181118494865
53 180 112.187966494865
12 180 112.187966494865
69 180 112.187966494865
58 131 137.689247623994
80 131 137.689247623994
13 101 137.690601623994
58 101 137.690601623994
80 101 137.690601623994
13 201 137.691981623994
14 201 137.691981623994
80 201 137.691981623994
43 141 137.693309623994
80 141 137.693309623994
43 191 137.694676623994
80 191 137.694676623994
0 161 138.676057241647
14 161 138.676057241647
13 161 138.676057241647
45 181 155.68318528539
54 181 155.68318528539
45 182 155.68457828539
54 182 155.68457828539
76 111 179.667165149949
27 111 179.667165149949
38 111 179.667165149949
43 142 198.194082168288
99 142 198.194082168288
30 112 200.159196361126
2 152 203.169484361884
23 152 203.169484361884
67 152 203.169484361884
3 163 220.683264634869
46 163 220.683264634869
46 192 221.672780005474
40 192 221.672780005474
43 123 226.193181727376
81 123 226.193181727376
41 153 226.259418766096
81 153 226.259418766096
41 102 237.670828647085
62 102 237.670828647085
15 102 237.670828647085
88 203 237.676400647085
62 203 237.676400647085
15 203 237.676400647085
44 133 250.6567586253
17 133 250.6567586253
51 172 251.681601985658
29 172 251.681601985658
51 183 251.685702985658
29 183 251.685702985658
29 103 251.691118985658
39 193 271.670641345919
55 193 271.670641345919
90 184 286.679575048874
64 184 286.679575048874
64 194 286.686436048874
51 113 293.686327741573
51 114 293.690377337101
92 143 313.676168095949
14 134 313.677522095949
92 134 313.677522095949
76 104 332.193765000129
76 105 332.263632642515
81 124 334.157890915603
93 204 334.168891915603
81 204 334.168891915603
67 115 340.190074502866
14 115 340.190074502866
98 115 340.190074502866
59 205 340.191480502866
14 205 340.191480502866
98 205 340.191480502866
97 154 362.157379112054
35 154 362.157379112054
3 135 362.263813260398
7 135 362.263813260398
98 135 362.263813260398
78 175 381.199034990623
84 175 381.199034990623
80 175 381.199034990623
65 125 396.161771496978
60 125 396.161771496978
23 125 396.161771496978
1 166 418.670449160765
2 165 418.681294408967
47 165 418.681294408967
22 165 418.681294408967
39 185 423.180223699922
67 185 423.180223699922
83 186 425.76219243289
13 186 425.76219243289
78 155 441.164502798051
40 156 441.172639798051
60 156 441.172639798051
78 156 441.172639798051
32 206 444.162320951902
96 196 462.67258595504
83 196 462.67258595504
34 196 462.67258595504
83 106 462.67664795504
84 106 462.67664795504
34 106 462.67664795504
89 116 465.671089104268
11 176 466.667528339615
40 176 466.667528339615
40 117 466.670275339615
17 126 484.660898673866
17 127 484.662239673866
24 137 491.159725999749
14 137 491.159725999749
88 146 494.157379226742
35 146 494.157379226742
54 167 512.661387257143
94 167 512.661387257143
31 197 516.168359338722
73 197 516.168359338722
82 187 516.169687338722
79 187 516.169687338722
73 187 516.169687338722
78 188 545.667933044813
28 188 545.667933044813
88 188 545.667933044813
82 138 550.166513043895
65 138 550.166513043895
66 138 550.166513043895
7 157 551.677461076795
8 198 551.694807882907
49 198 551.694807882907
86 198 551.694807882907
21 107 555.656788534027
11 107 555.656788534027
62 207 556.671047226998
53 207 556.671047226998
94 207 556.671047226998
39 168 573.167788534726
39 169 573.169129534726
72 199 596.164052122092
36 179 596.165419122092
47 179 596.165419122092
72 179 596.165419122092
89 139 596.173660122092
21 139 596.173660122092
72 139 596.173660122092
83 158 602.164835617124
93 158 602.164835617124
42 149 602.166779404198
83 149 602.166779404198
93 149 602.166779404198
12 178 602.176387404198
36 178 602.176387404198
93 178 602.176387404198
