39 390 63.655384433961
49 490 63.656725433961
34 340 68.65812737095
24 240 78.155428003286
14 140 78.156782003286
69 690 78.755578198422
19 190 78.756997198422
29 290 80.655627587746
29 291 80.656955587746
19 191 80.660978587746
79 790 83.855625932268
59 590 100.169041245044
44 440 105.865996939317
94 940 105.868743939317
49 491 105.883586849744
24 241 105.889145849744
14 141 122.183294688436
84 840 122.194230688436
54 540 125.173368483587
54 541 125.174696483587
89 890 125.182872483587
4 40 132.15983189084
9 90 132.16121189084
4 41 136.664426485466
64 640 136.682210485466
59 591 136.684918485466
99 990 137.657199631259
74 740 142.163754152154
84 841 142.18499122407
89 891 142.18631922407
24 242 144.189193553417
54 542 159.165191620551
44 442 159.169318620551
34 341 159.173432620551
99 991 159.174799620551
74 741 168.673182385588
64 641 168.675890385588
94 941 168.677218385588
9 91 178.665207929245
34 342 202.681582827566
64 642 208.160861926799
29 292 210.761053723681
74 742 210.766599723681
4 42 210.774892723681
14 142 210.778967723681
19 192 224.661383021416
39 391 224.664039021416
39 392 224.666695338748
44 441 232.157919830055
89 892 232.177351577937
84 842 232.181374875448
74 743 235.164022836015
94 942 242.160274797624
9 92 242.163073797624
4 43 249.168379297733
29 293 256.656942332292
29 294 256.667878332292
49 492 271.165613537561
59 593 271.168283358623
39 393 271.169637358623
9 93 271.177737821809
9 94 271.179104821809
64 643 276.161610444316
34 343 276.168419886116
19 193 276.171102107016
84 843 276.177833548816
44 443 276.194030653316
24 243 278.163752172751
89 893 278.166486172751
34 344 278.167840172751
64 644 278.177513172751
4 44 278.183033172751
84 844 300.676396534653
14 144 308.181282782307
19 194 308.680767415984
14 143 308.688917415984
14 145 315.170858912008
19 195 317.677330669977
49 493 337.687962771045
94 944 340.174152942574
49 494 340.178253942574
24 244 340.180987942574
24 245 340.189267942574
74 744 343.155561060088
74 745 343.190819352168
94 943 357.162915118499
54 543 357.168422118499
4 45 357.171195118499
59 594 357.172562118499
39 394 357.173942118499
59 595 357.175309118499
44 444 357.178069118499
89 894 381.16657271351
29 295 381.16929371351
34 345 381.17201471351
39 395 384.189497015313
84 845 386.155476400454
29 296 398.677690094086
54 544 398.680463094086
54 545 398.681804094086
94 945 399.156961977765
49 495 403.657017176058
59 596 403.662446176058
4 46 409.172053447516
54 546 420.176937251227
44 445 430.187770806492
49 496 438.168304953312
74 746 438.172354261798
64 646 438.176416718644
39 396 438.18588202713
89 895 438.18728802713
64 645 438.18870702713
84 846 459.699964135318
19 196 459.756791367212
89 896 459.763639367212
34 346 462.698772732832
94 946 476.665004825756
14 146 493.674892851951
19 197 499.163712151799
24 246 499.165053151799
29 297 499.166394151799
24 247 503.681450116303
89 897 503.682778116303
94 947 517.156974949424
14 147 517.162455949424
49 497 517.168526169048
24 248 518.158148825037
34 347 518.160921825037
4 47 537.680269834187
59 597 550.16162879289
44 447 550.163543054662
49 498 552.658205516566
64 647 552.683336422016
19 198 552.685992845414
84 847 552.687333845414
34 348 552.688662191485
59 598 552.69556269221
64 648 552.69696869221
14 148 552.756970660754
44 446 553.161997033515
39 398 570.184589971946
