46 460 45.155552393444
47 470 67.758350334065
49 490 67.759743334065
44 440 88.16159009063
48 480 90.2635061923
58 580 95.157739056635
40 400 95.159106056635
43 430 95.160473056635
52 520 95.161879056635
55 550 95.163285056635
59 590 95.164704056635
56 560 95.166058056635
50 500 109.669143155623
57 570 109.671890155623
53 530 111.768476760159
45 450 111.779464760159
42 421 111.780857760159
54 540 111.782224760159
40 401 111.784919760159
54 541 111.787076942817
41 410 111.788456942817
42 420 111.789836942817
44 441 114.191119704124
56 561 130.66726220753
43 431 130.67838020753
55 551 132.186376586646
53 531 132.765327471196
51 510 132.769402471196
50 501 135.157001868879
58 581 138.178236271401
45 451 138.182311271401
48 481 156.255535991452
49 491 156.258243991452
54 542 159.159484254626
52 521 159.165069254626
59 591 159.166488254626
45 452 159.167816254626
48 482 159.171995254626
41 411 159.173362254626
47 471 174.16058288721
43 432 176.777837430014
50 502 179.162547415749
51 511 179.163953415749
51 512 179.166739415749
42 422 179.69782701318
57 571 182.655540470828
57 572 182.656894470828
41 412 199.771996120157
55 552 203.66027839668
47 472 218.165148810225
46 462 219.660173672331
46 461 219.662920672331
58 582 224.967991954531
52 522 226.682657891889
58 583 226.684076891889
49 492 227.676643370667
53 532 227.678049370667
56 562 227.680796370667
48 483 227.689050370667
44 442 227.697213370667
42 423 242.779834393177
40 402 245.685132094087
51 513 245.686486094087
50 503 262.192076340524
55 553 262.197427570978
59 593 262.200135570978
59 592 262.663987727774
40 403 262.692371410028
55 554 269.680162709119
45 453 271.177380771878
43 433 271.181533771878
43 434 290.179859596172
44 443 290.181187596172
42 424 303.162350331677
41 413 303.165149331677
47 473 303.167948331677
47 474 303.174679331677
49 493 310.262350627975
50 504 310.271713217173
52 524 310.281075827823
57 573 310.355479822977
49 494 310.356820822977
56 563 310.359593822977
56 564 310.360921822977
58 584 310.660802118222
52 523 311.161128763226
46 464 311.162521763226
53 533 331.774403988157
53 534 331.775783988157
54 543 336.158328497914
44 444 336.161063376466
40 404 337.192263361576
59 594 350.189157297138
46 465 350.196083297138
59 595 350.198856297138
51 514 350.25558661074
42 425 350.25694061074
45 454 352.168252890358
57 575 377.662100847629
47 475 377.667044560197
58 585 378.163057312206
51 515 380.184220591867
50 505 380.189638109255
45 455 380.197128408923
54 545 397.771615210361
57 574 397.78906251813
54 546 397.855396400926
49 495 397.862140526203
56 565 402.190809189118
48 485 402.192137189118
59 596 403.663706637424
52 525 403.670580637424
52 526 403.690719950685
48 484 419.761187840755
40 405 419.765353840755
53 535 419.768113840755
47 476 424.192098283903
42 426 439.176901815075
55 555 439.178255815075
55 556 439.179622815075
48 486 439.180950815075
49 496 439.182278815075
45 456 439.184999815075
40 406 460.157613579416
50 506 460.192420008372
57 576 460.193761008372
47 477 463.767865144752
56 566 465.163258312749
44 445 466.993901715205
55 557 484.785464330131
42 427 484.786805330131
51 516 487.655602680923
51 517 487.656956680923
46 467 512.158451431547
49 497 512.166563607135
51 518 529.774911792915
53 538 549.683272512636
48 487 549.684626512636
58 587 549.686032512636
55 558 549.687425512636
41 416 549.688792512636
41 417 549.690198512636
59 597 552.656825146544
49 498 552.658153146544
44 447 552.660952146544
44 448 552.662345146544
53 537 552.693667338505
53 536 554.997525451317
48 488 555.055389276352
52 528 555.056730276352
56 567 555.059425276352
43 436 571.162297562869
54 547 571.166476562869
54 548 576.978551412186
59 598 598.982914491257
47 478 598.985596491257
56 568 598.986989491257
50 507 598.988395491257
50 508 598.989736491257
42 428 598.991077491257
43 437 598.992418491257
43 438 598.993824491257
