15 80 48.160166701802
69 30 78.756804376585
69 530 78.763665376585
53 180 78.765058376585
69 180 78.765058376585
69 240 78.766451376585
79 480 83.856890179006
61 940 97.668421415835
87 440 97.672548415835
61 440 97.672548415835
96 730 102.658719362443
3 580 111.656915810352
30 40 111.659662810352
3 40 111.659662810352
30 330 111.661055810352
3 330 111.661055810352
30 590 111.66510495289
3 590 111.66510495289
78 281 111.689166920022
12 281 111.689166920022
69 281 111.689166920022
69 540 111.69186206256
54 680 111.697187483808
69 680 111.697187483808
68 340 111.755450201547
54 340 111.755450201547
69 340 111.755450201547
3 541 111.759486630729
15 481 111.763496828149
54 41 111.764824977769
69 41 111.764824977769
72 740 111.771465381783
54 740 111.771465381783
69 740 111.771465381783
78 280 111.776855808763
12 280 111.776855808763
35 280 111.776855808763
15 241 111.779511966943
54 141 111.791633802701
35 141 111.791633802701
24 140 121.856916243129
70 140 121.856916243129
79 140 121.856916243129
18 840 121.862397243129
70 840 121.862397243129
79 840 121.862397243129
11 880 121.865183243129
70 880 121.865183243129
79 880 121.865183243129
76 181 121.866589243129
70 181 121.866589243129
79 181 121.866589243129
80 681 124.173063856564
80 431 124.185392856564
50 331 124.190912856564
43 331 124.190912856564
80 331 124.190912856564
0 430 124.195091856564
80 430 124.195091856564
14 130 124.196419856564
80 130 124.196419856564
13 890 124.197799856564
14 890 124.197799856564
80 890 124.197799856564
13 980 124.199140856564
14 980 124.199140856564
80 980 124.199140856564
13 641 124.255651853832
14 641 124.255651853832
80 641 124.255651853832
13 640 124.257057853832
58 640 124.257057853832
80 640 124.257057853832
42 780 131.668062311325
16 780 131.668062311325
58 131 131.691301311325
16 131 131.691301311325
16 581 131.694009311325
21 830 134.658421187943
93 830 134.658421187943
93 341 134.663915187943
33 631 138.694925125664
83 631 138.694925125664
13 631 138.694925125664
22 591 138.696344125664
83 591 138.696344125664
13 591 138.696344125664
22 741 138.699078125664
83 741 138.699078125664
13 741 138.699078125664
36 381 138.755451124666
13 381 138.755451124666
24 931 144.193589125874
45 990 144.194982125874
93 990 144.194982125874
24 990 144.194982125874
45 731 144.196362125874
93 731 144.196362125874
24 731 144.196362125874
93 991 144.197690125874
24 991 144.197690125874
45 531 159.071892541406
17 531 159.071892541406
53 230 159.073272541406
45 230 159.073272541406
17 230 159.073272541406
53 231 159.074652541406
45 231 159.074652541406
17 231 159.074652541406
45 182 159.075993541406
17 182 159.075993541406
54 482 159.199268727367
6 941 168.693564255469
33 831 170.663701161301
20 332 176.694412234973
33 32 176.695753234973
20 32 176.695753234973
98 891 180.186177534338
56 891 180.186177534338
38 891 180.186177534338
98 841 180.187596534338
43 841 180.187596534338
38 841 180.187596534338
43 142 180.188924534338
38 142 180.188924534338
14 981 180.190278534338
43 981 180.190278534338
38 981 180.190278534338
38 432 180.191606534338
38 42 180.197100534338
0 232 181.758262963887
99 232 181.758262963887
93 881 192.786970041679
67 881 192.786970041679
67 932 192.788298041679
30 682 200.162545744671
62 842 205.793335575277
85 742 205.862320362563
84 742 205.862320362563
62 742 205.862320362563
26 632 205.871760075343
43 632 205.871760075343
62 632 205.871760075343
54 882 208.178710204379
64 882 208.178710204379
95 592 208.181418204379
54 592 208.181418204379
64 592 208.181418204379
54 532 208.182746204379
64 532 208.182746204379
61 342 208.191039204379
86 342 208.191039204379
64 342 208.191039204379
86 82 208.193734204379
64 82 208.193734204379
46 282 224.661184212684
90 982 224.685519434008
46 982 224.685519434008
41 942 224.762245524896
40 942 224.762245524896
3 782 224.763651524896
41 782 224.763651524896
40 782 224.763651524896
41 33 224.764979524896
40 33 224.764979524896
3 781 231.65964979016
3 892 231.67596279016
73 582 234.656873560036
73 83 234.666455689418
13 692 234.675947077564
58 692 234.675947077564
73 692 234.675947077564
73 583 234.682665336328
42 792 234.766824218364
15 792 234.766824218364
51 183 242.190654007556
88 183 242.190654007556
0 43 247.677934500164
75 43 247.677934500164
10 343 247.691708500164
75 343 247.691708500164
50 633 256.182594376192
80 633 256.182594376192
55 593 256.18797213794
80 593 256.18797213794
99 383 256.190641518814
55 383 256.190641518814
80 383 256.190641518814
55 993 256.194781899688
80 993 256.194781899688
76 693 268.697634370457
25 693 268.697634370457
55 693 268.697634370457
32 983 269.171480018586
98 643 269.172886018586
32 643 269.172886018586
21 143 273.666238116063
9 143 273.666238116063
31 143 273.666238116063
98 843 273.755635119621
32 843 273.755635119621
31 843 273.755635119621
63 233 278.169117020959
64 233 278.169117020959
6 333 278.173153806273
64 333 278.173153806273
51 483 278.260797224497
65 483 278.260797224497
64 483 278.260797224497
65 184 278.264834003111
64 184 278.264834003111
73 344 278.271513781725
65 344 278.271513781725
64 344 278.271513781725
90 244 278.275511560339
65 244 278.275511560339
64 244 278.275511560339
58 133 285.662446547122
43 133 285.662446547122
43 34 285.666534547122
43 443 285.669346547122
43 793 285.681675547122
51 893 293.667091005521
50 684 293.678170005521
91 684 293.678170005521
51 684 293.678170005521
52 234 304.160591184362
84 234 304.160591184362
52 683 304.163121141448
84 683 304.163121141448
83 144 305.658155250737
8 783 305.678506023593
83 783 305.678506023593
14 84 306.190222449493
27 84 306.190222449493
92 84 306.190222449493
27 894 306.191615449493
92 894 306.191615449493
26 134 306.195807449493
45 134 306.195807449493
92 134 306.195807449493
96 334 306.27200244507
66 334 306.27200244507
92 334 306.27200244507
83 784 310.756751475102
17 784 310.756751475102
17 834 310.758144475102
82 634 312.165018656614
8 634 312.165018656614
39 533 313.198573829248
70 533 313.198573829248
92 444 315.362141160307
14 444 315.362141160307
10 243 334.670912516922
21 944 334.685755751514
10 944 334.685755751514
13 984 334.69253936881
10 984 334.69253936881
81 543 334.77679833478
82 543 334.77679833478
23 44 334.78286863418
82 44 334.78286863418
23 934 334.78424863418
82 934 334.78424863418
23 534 334.78561563418
82 534 334.78561563418
23 384 334.78700863418
82 384 334.78700863418
23 45 334.78834963418
82 45 334.78834963418
82 235 334.78967763418
82 584 334.79245063418
57 933 335.169237103238
53 933 335.169237103238
98 933 335.169237103238
98 245 335.173338103238
81 544 337.659698934189
14 832 337.672027934189
27 832 337.672027934189
81 832 337.672027934189
35 594 343.774755611469
27 385 353.758225283688
64 35 357.267895890302
74 35 357.267895890302
98 35 357.267895890302
6 884 371.68975620198
7 884 371.68975620198
46 734 373.669192846313
35 734 373.669192846313
3 734 373.669192846313
6 345 373.695399846313
3 345 373.695399846313
33 135 377.165169626951
94 135 377.165169626951
70 595 377.174725626951
94 595 377.174725626951
70 435 377.176131626951
94 435 377.176131626951
70 795 377.177550626951
94 795 377.177550626951
60 445 378.181643456205
23 445 378.181643456205
8 445 378.181643456205
81 585 378.195313456205
8 585 378.195313456205
58 994 385.678558239915
23 994 385.678558239915
36 545 393.673397268268
68 484 393.677628268268
36 484 393.677628268268
69 485 393.687392268268
2 485 393.687392268268
36 485 393.687392268268
1 694 393.690061268268
2 694 393.690061268268
36 694 393.690061268268
1 695 393.691467268268
2 695 393.691467268268
36 695 393.691467268268
94 335 399.160036141449
54 885 401.15691774319
26 535 401.18160174319
54 535 401.18160174319
26 685 401.18441374319
54 685 401.18441374319
52 845 403.662160866395
17 845 403.662160866395
59 845 403.662160866395
47 995 405.263747797386
22 995 405.263747797386
60 995 405.263747797386
75 835 413.196656113475
7 835 413.196656113475
83 185 413.199442113475
75 185 413.199442113475
7 185 413.199442113475
83 186 413.255652115361
75 186 413.255652115361
7 186 413.255652115361
1 696 422.675787417716
62 735 424.693648219563
22 735 424.693648219563
27 635 432.666353140018
13 635 432.666353140018
63 935 432.667746140018
27 935 432.667746140018
13 935 432.667746140018
78 936 435.19831399707
48 446 442.168206569787
32 446 442.168206569787
87 586 462.661047391199
89 586 462.661047391199
93 646 462.663742391199
89 646 462.663742391199
23 645 462.665083391199
89 645 462.665083391199
9 986 462.678740391199
89 986 462.678740391199
97 436 462.681448391199
89 436 462.681448391199
1 836 463.76886138043
47 846 464.16091561052
68 636 467.259563406874
15 636 467.259563406874
40 636 467.259563406874
40 437 467.262375406874
34 46 467.269158406874
84 46 467.269158406874
40 46 467.269158406874
84 346 467.270551406874
40 346 467.270551406874
34 386 467.271931406874
84 386 467.271931406874
40 386 467.271931406874
40 847 467.274704406874
12 796 474.178707372559
43 796 474.178707372559
68 796 474.178707372559
88 746 475.683239593318
35 746 475.683239593318
62 486 475.687327593318
88 486 475.687327593318
35 486 475.687327593318
0 47 475.690126593318
88 47 475.690126593318
35 47 475.690126593318
96 736 481.66481450427
36 886 489.056764665705
51 886 489.056764665705
17 886 489.056764665705
92 287 489.191212534143
92 146 489.192618534143
76 37 491.661430922771
17 37 491.661430922771
14 37 491.661430922771
13 286 518.159514013244
24 286 518.159514013244
24 38 518.160920013244
15 837 526.176757427698
32 837 526.176757427698
46 837 526.176757427698
76 88 526.179504427698
32 88 526.179504427698
46 88 526.179504427698
2 447 537.161315251022
26 597 537.165442251022
2 597 537.165442251022
87 647 537.166848251022
2 647 537.166848251022
2 288 537.169595251022
55 487 537.179034251022
0 487 537.179034251022
2 487 537.179034251022
52 387 537.181807251022
0 387 537.181807251022
2 387 537.181807251022
52 887 537.183161251022
0 887 537.183161251022
2 887 537.183161251022
0 388 537.184541251022
2 388 537.184541251022
88 737 537.185895251022
2 737 537.185895251022
88 997 537.187262251022
2 997 537.187262251022
7 237 539.659331238903
16 547 539.662000238903
23 547 539.662000238903
7 547 539.662000238903
66 87 547.67321062125
16 587 547.679967773031
90 587 547.679967773031
86 587 547.679967773031
43 336 547.681308918302
8 336 547.681308918302
66 336 547.681308918302
8 337 547.682649918302
66 337 547.682649918302
21 987 547.686673070083
86 987 547.686673070083
8 537 547.786497077295
49 537 547.786497077295
86 537 547.786497077295
8 538 547.787825077295
49 538 547.787825077295
86 538 547.787825077295
1 787 547.789153205207
66 787 547.789153205207
1 788 547.791874335565
66 788 547.791874335565
1 698 547.794569465923
66 698 547.794569465923
65 348 547.795897468369
49 348 547.795897468369
86 348 547.795897468369
52 738 550.686197747309
61 747 550.690246747309
28 747 550.690246747309
52 747 550.690246747309
97 238 550.762397774953
52 238 550.762397774953
90 996 554.665059619343
9 996 554.665059619343
31 187 554.671920619343
90 187 554.671920619343
9 187 554.671920619343
95 797 554.678664619343
99 797 554.678664619343
9 797 554.678664619343
9 998 554.680018619343
95 246 567.294237813
67 246 567.294237813
60 448 567.365149816729
67 448 567.365149816729
80 48 567.373338816729
60 48 567.373338816729
67 48 567.373338816729
60 638 567.376059816729
67 638 567.376059816729
63 598 567.377478816729
60 598 567.377478816729
67 598 567.377478816729
39 697 567.378806816729
60 697 567.378806816729
67 697 567.378806816729
39 748 567.380160816729
60 748 567.380160816729
67 748 567.380160816729
49 138 568.658169750926
1 648 568.681525750926
49 648 568.681525750926
60 548 573.856795820252
62 937 586.19452837991
44 937 586.19452837991
21 937 586.19452837991
44 89 586.25819937551
21 89 586.25819937551
28 898 586.26237837551
44 898 586.26237837551
21 898 586.26237837551
19 897 596.164302921929
72 897 596.164302921929
50 838 596.175108921929
72 838 596.175108921929
