62 250 53.661014462782
63 250 53.661014462782
25 620 56.660891955308
60 310 74.157027749662
65 260 76.656858599456
65 790 78.674440610326
95 790 78.674440610326
24 320 78.770696703364
69 320 78.770696703364
24 370 78.772063703364
69 370 78.772063703364
70 300 78.773469703364
24 300 78.773469703364
69 300 78.773469703364
70 330 78.774836703364
24 330 78.774836703364
69 330 78.774836703364
70 350 78.776216703364
24 350 78.776216703364
69 350 78.776216703364
32 270 78.777596703364
24 270 78.777596703364
69 270 78.777596703364
24 770 78.778950703364
69 770 78.778950703364
26 650 79.156949750033
53 780 83.161223626064
3 700 101.258803261505
30 670 101.265677261505
3 670 101.265677261505
47 730 101.271132261505
56 730 101.271132261505
3 730 101.271132261505
3 301 101.272538261505
3 351 101.273879261505
35 271 101.275246261505
3 271 101.275246261505
75 760 103.687431760046
73 660 105.884476981181
96 660 105.884476981181
61 660 105.884476981181
75 251 105.888551981181
61 251 105.888551981181
12 681 116.759734591389
69 681 116.759734591389
79 601 118.184936704762
79 701 118.197330704762
80 391 122.683389012876
30 391 122.683389012876
0 391 122.683389012876
14 680 122.686214012876
16 680 122.686214012876
0 680 122.686214012876
14 720 122.687581012876
16 720 122.687581012876
0 720 122.687581012876
14 311 122.688961012876
16 311 122.688961012876
0 311 122.688961012876
16 631 122.690341012876
0 631 122.690341012876
78 280 122.691734012876
42 280 122.691734012876
0 280 122.691734012876
70 291 123.288979941775
72 740 124.158561588996
4 740 124.158561588996
80 281 124.16263674705
68 340 124.170773913814
80 340 124.170773913814
17 371 140.281426590478
13 640 142.16395737236
13 641 142.16669137236
13 761 142.18855037236
13 360 142.19132337236
13 361 142.19272937236
83 721 142.19689537236
36 721 142.19689537236
13 721 142.19689537236
36 771 142.19826237236
13 771 142.19826237236
7 381 142.19961637236
36 381 142.19961637236
13 381 142.19961637236
36 331 143.199318753545
58 331 143.199318753545
17 711 143.262105861206
58 711 143.262105861206
22 741 167.166408165494
38 741 167.166408165494
7 341 167.173205216594
38 341 167.173205216594
38 272 167.177228742144
29 710 167.185236441057
88 710 167.185236441057
89 781 167.273409735966
91 781 167.273409735966
88 781 167.273409735966
61 651 170.666382402159
33 651 170.666382402159
57 621 185.258825985681
66 731 187.259645563149
27 602 187.364843418333
99 602 187.364843418333
66 602 187.364843418333
99 671 187.366184418333
66 671 187.366184418333
41 362 187.370311418333
99 362 187.370311418333
66 362 187.370311418333
62 712 207.262242429354
62 292 207.270393449494
12 742 207.285535469634
62 742 207.285535469634
12 372 207.286954469634
62 372 207.286954469634
64 652 208.16239245235
64 722 208.16924045235
61 342 208.17064645235
72 342 208.17064645235
64 342 208.17064645235
72 612 208.17200045235
64 612 208.17200045235
72 752 208.17339345235
64 752 208.17339345235
8 792 208.17476045235
72 792 208.17476045235
64 792 208.17476045235
67 262 209.757000045289
41 352 209.770761045289
67 352 209.770761045289
62 252 209.776216045289
67 252 209.776216045289
29 622 212.663610400562
81 321 212.667750400562
29 321 212.667750400562
47 282 216.682716829687
94 282 216.682716829687
41 282 216.682716829687
19 762 216.684044829687
94 762 216.684044829687
41 762 216.684044829687
3 782 216.685398829687
41 782 216.685398829687
2 772 216.692311829687
41 772 216.692311829687
41 682 216.759687825167
68 302 216.761041825167
41 302 216.761041825167
41 303 216.766613825167
91 692 230.674287672881
96 692 230.674287672881
61 702 230.682399162113
96 702 230.682399162113
39 632 231.275244271336
76 632 231.275244271336
3 632 231.275244271336
46 322 232.190292501568
15 322 232.190292501568
32 392 232.193078501568
46 392 232.193078501568
15 392 232.193078501568
88 623 236.696540540509
92 383 236.758140772871
88 383 236.758140772871
29 603 250.171435366519
29 773 250.189362366519
10 343 250.190781366519
75 343 250.190781366519
29 343 250.190781366519
27 253 252.174595207372
80 363 252.188330207372
1 363 252.188330207372
27 363 252.188330207372
50 263 256.193231879947
28 263 256.193231879947
56 313 256.668035994788
56 673 256.670769994788
44 312 256.673477994788
56 312 256.673477994788
10 753 258.67334976919
40 323 275.172568888603
55 353 277.661320059067
59 393 277.665447059067
55 393 277.665447059067
6 333 278.190609924026
64 333 278.190609924026
64 653 278.19597470934
65 254 278.260865132838
64 254 278.260865132838
65 344 278.27037076102
64 344 278.27037076102
95 684 299.292542943225
50 684 299.292542943225
84 684 299.292542943225
90 774 299.688793471584
82 633 299.697112471584
90 633 299.697112471584
63 373 299.698492471584
82 373 299.698492471584
90 373 299.698492471584
63 763 299.699885471584
82 763 299.699885471584
90 763 299.699885471584
82 634 299.755443471987
90 634 299.755443471987
82 783 299.756823471987
90 783 299.756823471987
82 784 299.758229471987
90 784 299.758229471987
65 723 300.269321081401
17 723 300.269321081401
83 663 302.262518848542
51 663 302.262518848542
83 664 302.263924848542
51 664 302.263924848542
14 264 302.960277121484
50 674 303.687591976884
67 294 303.690312976884
50 294 303.690312976884
70 304 321.25809414237
52 734 321.273001366618
32 734 321.273001366618
70 734 321.273001366618
92 713 321.274329465948
92 643 321.279732578072
92 644 321.297750578072
9 613 324.170143447425
32 613 324.170143447425
23 354 324.190171346943
25 354 324.190171346943
76 354 324.190171346943
92 683 324.296954976537
32 683 324.296954976537
93 654 324.364958946368
81 654 324.364958946368
4 624 324.371780946368
93 624 324.371780946368
81 624 324.371780946368
81 274 324.373173946368
81 275 324.380112946368
87 374 340.164764099551
98 374 340.164764099551
86 764 340.181389099551
10 764 340.181389099551
98 764 340.181389099551
57 384 340.766929211419
93 384 340.766929211419
82 384 340.766929211419
28 744 340.885168971717
10 744 340.885168971717
74 604 340.893294303165
28 604 340.893294303165
82 604 340.893294303165
82 285 340.894635303165
27 314 341.693771498109
73 694 341.699291498109
38 694 341.699291498109
27 694 341.699291498109
27 385 341.755456493566
35 693 347.656869439801
48 724 347.659707439801
35 724 347.659707439801
59 394 347.699779439801
14 394 347.699779439801
35 394 347.699779439801
75 675 360.291080551838
28 675 360.291080551838
92 714 360.292408551838
76 714 360.292408551838
28 714 360.292408551838
6 345 367.258439595672
38 345 367.258439595672
80 345 367.258439595672
61 295 367.261238595672
80 295 367.261238595672
94 335 385.268040041452
94 705 385.270722171784
70 735 385.28284356278
94 735 385.28284356278
94 765 385.285564693112
94 365 385.358425138229
21 265 385.687526722408
23 265 385.687526722408
84 334 387.261850536057
12 655 390.663961749171
8 655 390.663961749171
52 655 390.663961749171
81 614 390.668101749171
8 614 390.668101749171
52 614 390.668101749171
81 615 390.669442749171
8 615 390.669442749171
52 615 390.669442749171
81 625 390.670861749171
8 625 390.670861749171
52 625 390.670861749171
62 364 390.679037749171
58 364 390.679037749171
52 364 390.679037749171
62 375 390.680417749171
58 375 390.680417749171
52 375 390.680417749171
82 754 392.171190311391
36 754 392.171190311391
54 695 392.178077311391
36 695 392.178077311391
54 795 392.179483311391
36 795 392.179483311391
98 605 400.765103870665
60 715 400.767837870665
98 715 400.767837870665
85 255 404.19506972311
47 255 404.19506972311
60 255 404.19506972311
47 775 404.19918372311
60 775 404.19918372311
47 296 404.261422650632
60 296 404.261422650632
54 396 408.174834488538
2 395 408.180263488538
54 395 408.180263488538
10 635 428.661414631793
13 635 428.661414631793
10 356 428.669564631793
13 356 428.669564631793
67 685 433.761702887894
11 266 433.763121887894
67 266 433.763121887894
67 286 433.768615887894
97 306 435.163621268627
64 306 435.163621268627
78 306 435.163621268627
56 646 435.181327268627
78 646 435.181327268627
78 776 435.186847268627
56 725 435.189503268627
77 725 435.189503268627
78 725 435.189503268627
47 276 459.665943724679
68 706 474.162343047585
63 665 474.166535047585
68 665 474.166535047585
68 636 474.169308047585
40 305 474.178799047585
90 305 474.178799047585
68 305 474.178799047585
15 256 474.182939047585
68 256 474.182939047585
68 257 474.184332047585
86 346 476.670556707778
1 346 476.670556707778
1 326 476.671923707778
32 746 476.673251707778
1 746 476.673251707778
1 327 476.681609707778
96 666 478.662293533138
17 766 478.670379244336
12 696 478.683868078534
17 696 478.683868078534
70 267 478.774280748433
17 267 478.774280748433
17 707 478.776963016541
92 796 497.265589520203
92 307 497.277699062719
34 386 497.290042026325
89 386 497.290042026325
14 386 497.290042026325
34 716 497.357038271764
14 716 497.357038271764
79 316 498.179250319572
55 316 498.179250319572
72 316 498.179250319572
0 367 500.173425091732
51 367 500.173425091732
24 626 518.156764114672
24 627 518.158131114672
42 657 518.167908114672
24 657 518.167908114672
19 616 518.170655114672
87 616 518.170655114672
24 616 518.170655114672
19 617 518.171996114672
87 617 518.171996114672
24 617 518.171996114672
1 347 518.174756114672
24 347 518.174756114672
79 317 520.67548717502
94 317 520.67548717502
94 797 520.67826017502
73 727 520.68797217502
79 727 520.68797217502
94 727 520.68797217502
94 736 520.68932617502
2 297 543.660037133139
2 298 543.662862133139
32 767 544.967037722942
46 767 544.967037722942
65 378 544.984847722942
66 378 544.984847722942
46 378 544.984847722942
66 658 544.986253722942
46 658 544.986253722942
86 387 545.773836755866
86 388 545.775177755866
7 607 545.777937755866
16 607 545.777937755866
86 607 545.777937755866
86 717 545.780671755866
86 718 545.782064755866
29 747 545.790266755866
2 747 545.790266755866
86 747 545.790266755866
2 268 545.792961755866
86 268 545.792961755866
2 288 545.794380755866
86 288 545.794380755866
49 277 560.670539767339
59 787 560.755492768545
65 787 560.755492768545
49 787 560.755492768545
74 358 560.779649209277
57 358 560.779649209277
49 358 560.779649209277
74 708 560.781003209277
57 708 560.781003209277
49 708 560.781003209277
8 337 560.782344209277
57 337 560.782344209277
49 337 560.782344209277
79 318 561.174806570105
99 318 561.174806570105
9 318 561.174806570105
99 678 561.178868570105
9 678 561.178868570105
87 376 561.185755570105
49 376 561.185755570105
9 376 561.185755570105
51 608 561.188489570105
49 608 561.188489570105
9 608 561.188489570105
51 667 561.189856570105
49 667 561.189856570105
9 667 561.189856570105
65 697 561.192655570105
49 697 561.192655570105
9 697 561.192655570105
65 698 561.255569829121
49 698 561.255569829121
9 698 561.255569829121
57 328 561.263654991975
49 328 561.263654991975
9 328 561.263654991975
57 748 561.267691154829
49 748 561.267691154829
9 748 561.267691154829
87 336 561.275853637347
49 336 561.275853637347
94 336 561.275853637347
51 668 561.279954637347
49 668 561.279954637347
94 668 561.279954637347
65 377 561.281334637347
49 377 561.281334637347
94 377 561.281334637347
1 788 561.289484637347
49 788 561.289484637347
94 788 561.289484637347
99 688 561.294991637347
9 688 561.294991637347
94 688 561.294991637347
69 397 580.158420736576
60 397 580.158420736576
5 287 580.169369736576
60 287 580.169369736576
5 638 580.172077736576
60 638 580.172077736576
5 398 580.173431736576
60 398 580.173431736576
63 656 580.174850736576
60 656 580.174850736576
48 758 580.198206736576
60 758 580.198206736576
60 399 580.255608738286
93 628 605.258301322542
93 349 605.262429019882
36 258 605.269148414562
93 258 605.269148414562
83 749 605.275906809242
36 749 605.275906809242
93 749 605.275906809242
83 329 605.278628506582
36 329 605.278628506582
93 329 605.278628506582
83 669 605.281388506582
36 669 605.281388506582
93 669 605.281388506582
