6 60 25.155559358641
15 150 51.655505615066
8 80 51.656833615066
20 200 51.658252615066
10 100 70.15697482786
7 70 70.15836782786
0 0 70.160269674748
16 160 70.161597674748
19 190 75.662676936145
12 120 75.664004936145
11 110 75.665358936145
1 10 89.666564702728
17 170 96.65549567644
17 171 96.65688867644
7 71 96.666223842242
9 90 96.677820410766
14 140 96.680502432394
1 11 96.684564576568
13 130 98.16020423299
15 151 111.655492625673
4 41 112.156811050666
12 121 112.181118494865
18 180 112.187966494865
2 20 112.197626494865
4 40 137.680980623994
13 131 137.689247623994
10 101 137.690601623994
20 201 137.691981623994
14 141 137.693309623994
19 191 137.694676623994
3 30 138.660955241647
3 31 138.662296241647
0 1 138.674677241647
16 161 138.676057241647
13 132 138.682957241647
2 21 139.692801144824
5 51 139.694181144824
2 22 139.695509144824
9 91 139.698321144824
16 162 140.191955242066
18 181 155.68318528539
18 182 155.68457828539
6 61 179.659002149949
11 111 179.667165149949
4 42 179.669925149949
20 202 186.157097189748
14 142 198.194082168288
5 52 198.196764168288
11 112 200.159196361126
6 62 200.167437361126
15 152 203.169484361884
7 72 203.172192361884
3 33 220.673836767433
1 12 220.675203767433
8 81 220.676544767433
16 163 220.683264634869
3 32 221.661293564184
8 82 221.665945005474
19 192 221.672780005474
12 122 226.156232516433
12 123 226.193181727376
15 153 226.259418766096
2 23 227.177409922014
1 13 227.178828922014
10 102 237.670828647085
20 203 237.676400647085
17 173 250.6554176253
13 133 250.6567586253
17 174 250.6595446253
17 172 251.681601985658
18 183 251.685702985658
0 2 251.688410985658
10 103 251.691118985658
5 53 265.664686878548
3 34 265.682639878548
19 193 271.670641345919
7 73 271.693729767769
4 43 273.178119478575
18 184 286.679575048874
19 194 286.686436048874
11 113 293.686327741573
11 114 293.690377337101
9 92 308.259648647777
8 84 312.155607980792
14 143 313.676168095949
13 134 313.677522095949
5 54 314.174837121799
7 74 314.176165121799
14 144 315.157018021617
14 145 315.159804021617
8 85 316.69404720742
19 195 317.669321596127
1 14 332.176239645345
10 104 332.193765000129
9 93 332.255468965005
9 94 332.259505642515
10 105 332.263632642515
12 124 334.157890915603
20 204 334.168891915603
4 44 340.169530502866
2 24 340.176339502866
4 45 340.188720502866
11 115 340.190074502866
20 205 340.191480502866
7 75 355.656788458458
15 154 362.157379112054
13 135 362.263813260398
1 15 378.161127780383
8 86 378.165267780383
2 25 381.193488990623
17 175 381.199034990623
3 36 384.172452030278
3 35 385.655549068925
7 76 385.671175331223
12 125 396.161771496978
5 55 396.69674210018
1 16 418.656947619141
16 166 418.670449160765
16 165 418.681294408967
2 26 418.682700408967
18 185 423.180223699922
4 46 423.188503699922
13 136 425.75669843289
18 186 425.76219243289
15 155 441.164502798051
15 156 441.172639798051
20 206 444.162320951902
19 196 462.67258595504
10 106 462.67664795504
1 17 464.175558885586
11 116 465.671089104268
7 77 465.675828777002
17 176 466.667528339615
11 117 466.670275339615
5 56 479.660456542612
17 177 484.659570673866
12 126 484.660898673866
12 127 484.662239673866
5 57 484.663567673866
14 147 491.155624999749
13 137 491.159725999749
14 148 491.163800999749
14 146 494.157379226742
2 27 508.176192398538
1 18 508.192557911422
16 167 512.661387257143
4 47 516.166979338722
19 197 516.168359338722
18 187 516.169687338722
3 37 516.171041338722
2 28 545.666514044813
18 188 545.667933044813
13 138 550.166513043895
5 58 550.167893043895
15 157 551.677461076795
7 78 551.678789076795
8 88 551.680195076795
19 198 551.694807882907
8 87 551.696226882907
11 118 555.655408534027
10 107 555.656788534027
20 207 556.671047226998
2 29 556.673820226998
3 38 567.677403403601
4 48 567.682936403601
8 89 573.166369534726
16 168 573.167788534726
16 169 573.169129534726
19 199 596.164052122092
17 179 596.165419122092
13 139 596.173660122092
15 158 602.164835617124
14 149 602.166779404198
17 178 602.176387404198
