38 380 41.155634467185
8 80 48.161549207479
63 630 53.655616201846
39 390 63.655594748873
49 490 63.656987748873
79 790 63.661153748873
48 480 63.662507748873
3 30 68.661034855215
8 81 70.159809055534
69 690 78.755452979214
53 530 78.768585511948
24 240 78.769978511948
29 290 80.656769498287
29 291 80.660806287673
19 190 80.662134287673
18 180 83.858111834292
83 830 107.657720390632
58 580 111.656789590395
3 31 111.658143590395
4 40 111.659523590395
78 780 111.666397639057
28 281 111.693153551857
9 91 111.699819794215
43 430 111.755409589368
68 680 111.756737638616
34 340 111.759406779534
4 41 111.764757924277
74 740 111.770187124785
54 541 111.779639353522
69 691 111.78371446192
79 791 121.855455898415
28 280 124.157492201134
84 840 124.168662201134
68 681 124.172724201134
39 391 124.174091201134
9 90 124.176760201134
14 141 124.179481201134
43 431 124.189011201134
44 440 124.190339201134
63 631 124.191758201134
94 940 124.195755201134
13 131 124.198489201134
64 640 124.199869201134
89 890 124.255399198402
98 980 124.256792198402
54 540 124.258185198402
58 581 124.259513198402
33 331 124.260867198402
13 130 124.262195198402
33 330 131.696506791436
59 590 131.699292791436
93 930 134.655589096065
34 341 134.663765096065
93 931 134.665093096065
99 990 134.669220096065
19 191 134.676003096065
99 991 134.677383096065
48 481 134.686978096065
14 140 134.688345096065
24 241 134.691027096065
73 731 134.696586096065
13 132 138.695033447143
59 591 138.755520446145
74 741 138.756926446145
53 531 138.758254446145
83 831 138.762459446145
73 730 142.196116488756
54 542 159.178652388851
38 381 159.185552388851
49 491 159.255426387301
48 482 159.256832387301
23 231 166.856839344073
18 181 166.861031344073
18 182 166.862411344073
93 932 166.863739344073
98 981 173.256788572481
14 142 173.259457629075
43 432 173.260785629075
64 641 173.263467683234
39 392 173.264834685669
4 42 173.268818742263
94 941 173.271513796422
33 332 173.27821890961
3 32 173.280952966204
23 230 173.689607966057
68 682 200.160337721179
74 742 200.165779721179
88 881 200.179571228783
38 382 202.666094437023
23 232 202.677082437023
89 891 202.679842437023
88 880 202.685505437023
9 92 202.686872437023
69 692 212.678605428086
53 532 212.758213651583
79 792 212.759541651583
19 192 212.790572140591
64 642 212.796002512843
78 782 212.798672198969
98 982 214.768094035888
84 842 214.777624035888
63 632 222.178216408711
83 832 222.185181408711
3 33 222.255577409003
94 942 222.258389409003
8 82 222.259743409003
29 292 224.969101560134
78 781 229.785601622431
88 882 229.799362622431
89 892 229.859549618816
73 732 234.655401871314
13 133 234.665126871314
58 583 234.667938871314
73 733 234.673255092834
48 483 242.170594916402
88 883 242.171935916402
4 43 242.176114916402
49 493 242.177507916402
58 582 251.163892006055
59 592 256.155483761907
28 283 256.156889761907
23 233 256.162241387271
24 242 256.166264768145
39 393 256.185040672515
38 383 256.186433672515
28 284 256.195847570647
49 492 258.664615829938
34 343 258.665969829938
19 193 258.683857829938
59 593 258.686591829938
18 183 258.690718829938
89 893 258.692098829938
8 83 269.16919552139
84 843 269.18440152139
9 93 269.18576852139
28 282 276.16133440552
98 983 276.262278364657
43 433 285.655606155043
43 434 285.666672155043
3 34 285.668078155043
79 793 285.680368155043
79 794 295.785526999786
18 184 300.166361997378
34 344 300.167715997378
19 194 300.170397997378
63 633 303.199077748104
63 634 303.25815212478
84 844 304.156834085329
68 683 304.162393085329
68 684 304.163760085329
33 333 304.165166085329
83 833 305.655543181284
14 144 305.658264181284
13 134 305.659657181284
14 143 306.165315896152
9 94 312.159744208466
78 783 312.161111208466
78 784 312.162491208466
83 834 312.177580208466
8 85 312.190000208466
54 543 312.259718212857
23 234 312.764938531517
34 342 315.1715311163
8 84 315.278158776804
14 145 315.285071987944
89 894 325.355521692186
73 734 325.358255692186
4 44 325.359596692186
93 934 325.361015692186
88 884 325.362408692186
53 534 325.363775692186
4 45 325.365103692186
23 235 325.366457692186
39 394 334.693445543751
53 533 334.694812543751
59 594 334.696166543751
93 933 334.7651819026
58 584 334.771841634148
98 984 335.158267922252
69 693 335.173382922252
94 944 335.176168922252
59 595 339.256970677446
43 435 339.258389677446
3 35 344.163633850654
28 285 344.165039850654
38 384 353.755544890925
38 385 353.763824890925
69 694 354.193703296717
49 494 354.195083296717
98 985 357.199710934757
34 345 371.69832289129
33 334 373.659549626356
89 895 373.665108626356
3 36 373.667881626356
13 135 377.165073673116
94 945 377.167755673116
79 795 377.176074673116
39 395 377.184341673116
58 585 378.176330008057
8 86 378.258351620831
23 236 385.680105214599
54 545 385.682839214599
83 835 388.258191989416
68 685 393.665355622971
88 885 393.668115622971
33 335 393.681915622971
84 845 400.266188400268
18 185 400.283741683258
18 186 400.285147683258
4 46 400.971111690064
78 785 400.982138690064
53 535 415.763654624127
59 596 415.765073624127
13 136 432.663047461497
63 635 432.671405461497
13 137 432.683877461497
78 786 435.156774905697
49 495 435.159560905697
89 896 462.656835610529
58 586 462.659634610529
93 936 462.662433610529
98 986 462.672080610529
34 346 462.758381773257
38 386 462.762482773257
84 846 464.160899886259
93 935 466.979718774706
14 146 467.055458836641
88 886 467.056877836641
49 497 467.058218836641
68 686 474.156918393926
28 286 474.158259393926
63 636 474.162386393926
68 687 474.174650393926
43 436 481.659583002422
43 437 481.660989002422
3 37 481.666509002422
83 836 484.668248145474
94 946 484.670982145474
73 735 484.672323145474
4 47 484.675135145474
48 486 484.676463145474
49 496 489.159808980802
79 796 489.161136980802
69 696 489.162516980802
28 287 489.177072187262
14 147 491.661262492588
14 148 491.673565492588
88 887 507.672889991071
53 536 507.676951991071
48 484 507.678357991071
18 187 507.682484991071
79 797 507.685257991071
48 485 509.160959858162
3 38 518.163807438009
24 248 518.165187438009
59 597 537.169601500871
78 787 537.171519368707
28 288 537.172899368707
73 736 537.175698368707
73 737 537.177065368707
48 487 537.181140368707
38 387 537.182533368707
38 388 537.183887368707
88 888 537.190709368707
54 547 537.192102368707
33 336 537.67994526509
8 87 537.68132526509
83 837 544.755365457478
8 88 544.76078180349
98 987 552.271128309406
34 347 552.275190309406
54 548 552.366337954332
58 587 552.371857954332
43 438 552.373211954332
23 237 552.374565954332
23 238 552.375932954332
68 688 552.378731954332
73 738 552.380124954332
94 947 553.155478825139
94 948 553.160868825139
53 537 553.162222825139
39 397 554.377357614881
18 188 559.681486066302
13 138 559.682905066302
49 498 559.684233066302
39 398 559.686967066302
33 337 559.689779066302
53 538 559.693906066302
69 698 559.695325066302
89 897 559.696692066302
58 588 559.858225450082
59 598 559.864270069878
63 638 563.677532043157
39 399 563.755530038631
69 697 576.165647249312
63 637 576.168355249312
79 798 576.193169249312
34 348 589.292478677541
89 898 589.293806677541
33 338 596.165358983956
83 838 596.166686983956
