46 460 45.155651341191
57 570 66.759947013497
49 490 68.655608076252
47 470 68.656975076252
52 520 93.662065322582
43 430 93.663406322582
58 580 93.664734322582
59 590 93.666140322582
53 530 93.667520322582
40 401 93.670189322582
56 560 93.671595322582
40 400 95.159025277082
55 550 95.163178277082
48 480 112.259972005805
48 481 112.264138005805
49 491 112.266911005805
45 450 112.268291005805
42 421 112.681589754205
54 540 112.682969754205
54 541 112.685638754205
44 440 115.173866274297
53 531 115.179347274297
50 500 115.186169274297
50 501 115.187510274297
41 410 130.657270320855
42 420 130.658650320855
56 561 130.664157320855
43 431 130.672294320855
45 451 132.767487159245
51 510 132.777056159245
55 551 137.663497531983
58 581 137.677206531983
52 521 137.685447531983
59 591 137.688168531983
44 441 157.695915556797
54 542 159.160921222976
41 411 175.678039196395
51 511 175.679445196395
51 512 175.682153196395
47 471 179.696157532776
42 422 179.698930532776
57 571 182.655553787086
57 572 182.658339787086
48 482 196.684279063637
45 452 200.287286119452
43 432 205.17751583995
46 461 219.659521544236
47 472 219.662394583667
50 502 224.96320261245
58 582 224.96727761245
50 503 224.96867061245
49 492 226.187639617979
42 423 226.189006617979
52 522 226.665757006152
58 583 226.672527006152
41 412 242.76638934234
56 562 243.796348272527
44 442 243.856841277031
46 462 244.284100962378
51 513 245.676917685825
53 532 248.182866310143
59 592 262.662898834125
55 553 269.655452490733
52 523 269.658134490733
59 593 269.659514490733
55 552 269.678613693346
55 554 269.696150922173
51 514 290.193118775493
43 433 291.672077490523
57 573 293.172072821709
53 533 293.176290821709
48 483 293.177631821709
56 563 293.181680821709
50 504 299.163805616218
52 524 299.167971616218
58 584 303.16114160804
42 424 308.763445154044
49 493 309.777569439562
47 474 309.858137035576
54 543 311.178273763083
59 594 311.187790763083
57 574 331.781411774261
43 434 336.160416917885
49 494 336.179206594934
56 564 336.180599594934
59 595 350.199205798633
47 473 351.670107969235
55 555 377.181951105003
58 585 377.183357105003
53 534 377.65906489091
57 575 377.66039289091
51 515 378.194931258445
50 505 378.196272258445
52 525 378.197678258445
52 526 392.167874127884
54 544 394.198009774482
54 545 394.199402774482
56 565 397.855374916993
47 475 401.689428177862
48 484 403.677542135088
47 476 403.678870135088
59 596 413.185787122174
53 535 419.767920768484
40 406 460.157595153538
56 566 460.66609255992
57 576 460.66743355992
47 477 463.75847508607
42 425 488.184881947345
42 426 488.186235947345
55 556 488.187589947345
51 517 488.190259203978
55 557 488.191587289195
50 506 488.195623935545
51 516 488.19696549057
58 586 488.268959759356
44 446 490.185026532648
46 467 504.161656278898
46 466 504.173538604926
44 447 512.177612684905
51 518 529.766803142438
54 547 535.162929785214
58 587 535.165741785214
53 536 535.168579785214
52 527 535.171261785214
52 528 535.172602785214
55 558 535.173969785214
43 437 535.175362785214
43 438 535.176781785214
57 577 535.178174785214
56 567 546.166444406349
53 537 546.167785406349
53 538 546.169191406349
57 578 546.170597406349
59 597 548.272634610229
59 598 573.788748485067
54 548 573.794281485067
58 588 573.859519339276
