24 240 56.160632254257
14 140 56.161986254257
9 90 56.163392254257
39 390 63.655581659379
49 490 63.656935659379
34 340 68.658107680202
69 690 78.755595864961
19 190 78.756949864961
29 290 80.655550437468
29 291 80.659088155502
19 191 80.661861155502
79 790 83.855591655165
44 440 83.862374864073
59 590 92.66552337655
4 40 92.66687737655
24 241 100.774809647152
94 940 100.778988647152
4 41 112.156790181647
54 540 112.178168687711
74 740 112.182230945299
9 91 112.183623945299
14 141 112.185029945299
54 541 112.186383945299
69 691 112.187724945299
79 791 121.855565719288
84 840 122.261162175755
49 491 128.656693709068
99 990 128.658086709068
89 890 139.179243136718
64 640 139.180597136718
54 542 159.169167739051
99 991 159.174687739051
34 341 173.663200760215
64 641 176.661655103943
94 941 176.677436406607
24 242 178.667735065894
4 42 178.673307065894
74 741 178.676080065894
99 992 181.674496411711
64 642 208.159677517238
34 342 208.161031517238
59 592 208.165249517238
79 792 208.168074517238
69 692 209.859965730519
44 441 209.861293730519
29 292 212.655511168445
29 293 212.658271168445
39 392 222.156987559667
44 442 222.158380559667
9 92 224.698475777413
74 742 235.155444156556
89 892 235.164987156556
84 842 235.166315156556
74 743 235.167708156556
59 591 246.664156404002
24 243 246.666994404002
14 142 256.686103125113
49 492 271.661122996986
49 493 271.662489996986
19 193 271.668035996986
59 593 271.669389996986
99 993 271.673529996986
84 843 271.683910790242
9 93 271.685303790242
9 94 271.686722790242
54 543 271.688089790242
64 643 278.15553776319
39 391 278.16237276319
39 393 278.16505476319
89 893 278.17047076319
34 344 278.17185076319
64 644 278.17319176319
79 793 297.855591914946
69 693 297.870849914946
84 844 304.155448073032
24 244 304.167452026044
19 194 304.181225390334
34 343 304.182553390334
19 192 306.261008429705
79 794 306.266463429705
39 394 310.188090441661
14 144 315.155526362602
14 143 317.680241882195
19 195 317.683053882195
14 145 317.687206882195
89 894 334.698308380676
44 443 334.699688380676
44 444 334.755415658221
74 744 334.756782658221
34 345 350.167784820373
94 944 352.67165774724
4 44 352.67306374724
4 45 352.67445674724
24 245 352.67860974724
54 544 352.68000274724
59 594 352.68135674724
4 43 352.682684782642
49 494 352.68941589746
59 595 352.773604217889
79 795 352.775010217889
89 895 379.160856300524
39 395 379.674170144988
69 695 393.665785640457
54 545 393.672607640457
49 495 393.675315640457
94 945 393.678114640457
99 994 401.660593964993
84 845 403.659584054355
59 596 403.662370054355
54 546 408.18088774398
4 46 410.684006656842
74 745 411.171929549424
44 445 411.177501549424
49 496 411.178881549424
69 694 422.661717713062
74 746 445.693373592369
84 846 459.666899520646
94 946 459.668292520646
19 197 459.669685520646
64 645 459.671065520646
64 646 460.158593720535
84 847 462.180578813306
89 896 462.656896236725
34 346 462.665215236725
44 446 479.168693025727
24 246 479.170034025727
14 147 491.660583345226
49 497 491.663304345226
14 148 491.674162345226
69 696 498.667598591549
39 396 498.670332591549
24 247 498.671673591549
19 196 501.188132009386
99 996 501.192285009386
59 597 501.195071009386
89 897 501.196451009386
4 47 515.660996293809
79 796 515.667883293809
79 797 515.674640293809
14 146 515.675968293809
94 947 515.677309293809
24 248 528.157020552243
44 447 532.667297011427
74 747 532.674119011427
74 748 532.678298011427
44 448 547.758379559725
34 348 547.759720559725
49 498 547.762441559725
64 647 547.763808559725
99 997 548.181900096442
54 547 548.198228498442
69 697 548.258091617287
39 397 548.259497617287
69 698 548.260877617287
54 548 570.16946762399
9 98 576.655659586504
19 198 577.683936509632
39 398 577.691626693744
39 399 577.697081693744
94 948 577.698448693744
4 48 586.667799699858
99 998 586.684125699858
89 898 586.689528699858
