71 470 67.758350334065
71 490 67.759743334065
11 480 90.2635061923
87 480 90.2635061923
24 580 95.157739056635
58 520 95.161879056635
24 520 95.161879056635
58 550 95.163285056635
24 550 95.163285056635
24 590 95.164704056635
24 560 95.166058056635
70 500 109.669143155623
3 500 109.669143155623
12 570 109.671890155623
3 570 109.671890155623
95 530 111.768476760159
69 530 111.768476760159
57 450 111.779464760159
12 450 111.779464760159
69 450 111.779464760159
69 540 111.782224760159
69 541 111.787076942817
80 561 130.66726220753
13 551 132.186376586646
80 551 132.186376586646
0 551 132.186376586646
65 531 132.765327471196
45 531 132.765327471196
93 531 132.765327471196
75 510 132.769402471196
93 510 132.769402471196
16 581 138.178236271401
93 451 138.182311271401
16 451 138.182311271401
48 491 156.258243991452
6 521 159.165069254626
45 521 159.165069254626
54 521 159.165069254626
22 591 159.166488254626
45 591 159.166488254626
54 591 159.166488254626
54 452 159.167816254626
54 482 159.171995254626
82 471 174.16058288721
33 471 174.16058288721
93 502 179.162547415749
93 511 179.163953415749
93 512 179.166739415749
64 552 203.66027839668
46 472 218.165148810225
82 462 219.660173672331
32 462 219.660173672331
32 461 219.662920672331
21 582 224.967991954531
50 582 224.967991954531
12 582 224.967991954531
8 522 226.682657891889
96 522 226.682657891889
96 583 226.684076891889
42 492 227.676643370667
15 492 227.676643370667
1 532 227.678049370667
95 532 227.678049370667
15 532 227.678049370667
95 562 227.680796370667
15 562 227.680796370667
15 483 227.689050370667
88 513 245.686486094087
80 503 262.192076340524
80 553 262.197427570978
55 593 262.200135570978
80 593 262.200135570978
28 592 262.663987727774
9 453 271.177380771878
32 453 271.177380771878
87 473 303.167948331677
96 473 303.167948331677
58 473 303.167948331677
98 474 303.174679331677
96 474 303.174679331677
58 474 303.174679331677
34 493 310.262350627975
19 493 310.262350627975
77 504 310.271713217173
17 504 310.271713217173
25 524 310.281075827823
17 524 310.281075827823
93 573 310.355479822977
86 573 310.355479822977
19 573 310.355479822977
86 494 310.356820822977
19 494 310.356820822977
19 563 310.359593822977
19 564 310.360921822977
83 584 310.660802118222
24 523 311.161128763226
50 523 311.161128763226
50 464 311.162521763226
10 533 331.774403988157
10 534 331.775783988157
81 543 336.158328497914
67 594 350.189157297138
35 594 350.189157297138
73 465 350.196083297138
35 465 350.196083297138
35 595 350.198856297138
42 514 350.25558661074
82 514 350.25558661074
35 514 350.25558661074
7 454 352.168252890358
74 454 352.168252890358
75 575 377.662100847629
75 475 377.667044560197
8 585 378.163057312206
84 515 380.184220591867
3 515 380.184220591867
84 505 380.189638109255
3 505 380.189638109255
29 455 380.197128408923
42 455 380.197128408923
21 455 380.197128408923
36 545 397.771615210361
75 574 397.78906251813
82 574 397.78906251813
36 574 397.78906251813
36 495 397.862140526203
94 565 402.190809189118
3 565 402.190809189118
56 485 402.192137189118
94 485 402.192137189118
3 485 402.192137189118
84 525 403.670580637424
7 525 403.670580637424
59 525 403.670580637424
22 526 403.690719950685
1 484 419.761187840755
70 535 419.768113840755
67 535 419.768113840755
1 535 419.768113840755
22 476 424.192098283903
60 476 424.192098283903
3 476 424.192098283903
20 555 439.178255815075
32 555 439.178255815075
20 556 439.179622815075
32 556 439.179622815075
20 486 439.180950815075
32 486 439.180950815075
20 496 439.182278815075
32 496 439.182278815075
22 456 439.184999815075
32 456 439.184999815075
77 506 460.192420008372
58 506 460.192420008372
34 506 460.192420008372
77 576 460.193761008372
58 576 460.193761008372
34 576 460.193761008372
97 566 465.163258312749
70 557 484.785464330131
14 557 484.785464330131
73 467 512.158451431547
55 497 512.166563607135
73 497 512.166563607135
24 518 529.774911792915
8 538 549.683272512636
66 538 549.683272512636
55 487 549.684626512636
66 487 549.684626512636
67 587 549.686032512636
55 587 549.686032512636
66 587 549.686032512636
66 558 549.687425512636
49 597 552.656825146544
28 537 552.693667338505
30 537 552.693667338505
88 537 552.693667338505
79 536 554.997525451317
88 536 554.997525451317
97 536 554.997525451317
99 488 555.055389276352
88 488 555.055389276352
97 488 555.055389276352
88 528 555.056730276352
97 528 555.056730276352
9 567 555.059425276352
11 567 555.059425276352
97 567 555.059425276352
31 547 571.166476562869
67 547 571.166476562869
31 548 576.978551412186
67 548 576.978551412186
39 548 576.978551412186
93 598 598.982914491257
56 478 598.985596491257
93 478 598.985596491257
93 568 598.986989491257
33 507 598.988395491257
93 507 598.988395491257
33 508 598.989736491257
93 508 598.989736491257
