61 610 52.755412076525
63 630 53.655584553205
71 710 57.655495521804
95 950 69.955401868496
60 600 74.155603564687
85 850 74.156957564687
65 650 76.655632957572
79 790 76.656999957572
87 870 76.658366957572
69 690 78.755562891739
62 620 78.756929891739
77 770 79.262695142246
78 780 83.16035727475
84 840 83.16443227475
92 920 83.16583827475
94 940 87.658440721281
96 960 92.35540377084
83 830 92.35674477084
70 700 101.281524196033
81 810 101.282891196033
73 730 101.284284196033
82 820 101.285638196033
76 760 103.666482314997
75 751 103.669242314997
66 660 104.965282806349
69 691 104.973381603416
61 611 105.877241112483
86 860 119.290306001717
79 791 121.855453232731
75 750 121.859645232731
88 881 121.863798232731
72 720 124.160147009079
74 740 124.161501009079
68 680 124.164300009079
89 890 125.166184065851
98 980 125.167603065851
91 910 125.169009065851
80 800 125.170402065851
80 801 125.175922065851
68 681 125.177341065851
87 871 125.195190065851
97 970 132.760699123442
64 640 132.763368783532
97 971 132.775439763802
77 771 132.795831583115
63 631 132.797172583115
72 721 132.798539583115
82 821 132.799932583115
93 930 134.656012240121
93 931 134.670297098255
99 990 134.678473098255
65 651 134.679840098255
99 991 134.681246098255
90 900 134.686714098255
73 731 134.696322098255
86 861 134.697728098255
91 911 136.688272924277
88 880 142.183962045391
76 761 142.185381045391
84 841 149.069164749863
96 961 164.664673763324
78 781 166.798617997384
98 981 166.800010997384
92 921 166.855403257511
93 932 166.856783257511
90 901 167.670570957738
85 851 168.674975470352
83 831 168.683281470352
67 670 168.687486470352
62 621 168.698396470352
66 661 176.670803193592
94 941 176.674956193592
64 641 176.679083193592
74 741 177.173653534155
66 662 187.261167386185
62 622 207.256782854347
89 891 207.262263854347
68 682 207.263591854347
81 812 207.264919854347
71 712 207.267692854347
60 602 207.281505854347
74 742 207.282898854347
85 852 207.284317854347
83 832 207.292480854347
89 892 207.293847854347
84 842 207.296581854347
90 902 207.356938849897
98 982 207.358357849897
97 972 207.361104849897
64 642 208.159444779096
65 652 208.161411514924
77 772 208.166918514924
95 951 208.169600514924
95 952 208.172386514924
72 722 208.176422514924
81 811 208.181942514924
67 671 209.755556535413
96 962 211.289113101705
67 672 211.46954273442
63 632 216.682556053185
82 822 216.755419091319
60 601 217.162862513648
86 862 219.691053734092
73 732 234.655390055832
91 912 234.667654185214
61 612 234.67709357336
70 701 234.682457832124
70 702 234.685191961506
80 802 234.686519984968
73 733 234.687887090888
88 882 234.757061664248
78 782 234.769416664248
60 603 234.770835664248
76 762 236.981050827495
69 692 245.171631505369
67 673 256.660162466419
80 803 259.183085876846
76 763 259.189985876846
92 922 259.192797876846
96 963 259.260899876566
99 992 259.270676876566
94 942 260.661693951106
75 752 260.664518951106
75 753 260.667265951106
77 773 260.680948951106
62 623 260.685023951106
92 923 260.760867955093
61 613 275.769189360534
84 843 275.770608360534
64 643 275.773368360534
63 633 275.784356360534
98 983 276.189273405105
78 783 296.166447574122
67 674 300.200068953107
68 683 300.255524878681
73 734 300.258323878681
83 833 305.655454334969
85 853 305.656873334969
63 634 305.678976211235
78 784 305.680356211235
83 834 305.681710211235
76 764 305.684405211235
75 754 305.685811211235
82 824 305.689899211235
89 893 307.674501851683
99 993 307.677287851683
69 693 307.680073851683
72 723 307.681427851683
90 903 307.682755851683
68 684 307.684174851683
74 743 307.688197851683
66 663 309.25546253568
94 943 309.25681653568
66 664 309.35684998242
82 823 309.359506146783
70 703 310.267975989481
92 924 310.269381989481
77 774 311.177255475102
98 984 335.159813854015
87 873 335.163979854015
93 933 335.176347854015
65 654 335.181789854015
69 694 335.188546854015
94 944 335.189939854015
97 973 335.191280854015
62 624 335.192634854015
93 934 335.198063854015
76 765 353.759575326226
97 974 353.760929326226
73 735 353.762348326226
82 825 353.763754326226
98 985 357.180900361235
60 604 368.159611064922
61 615 368.166446064922
80 805 368.167852064922
85 854 371.659370107856
80 804 371.660711107856
81 813 371.693610107856
81 814 371.695029107856
62 625 382.168564530301
61 614 382.169918530301
89 894 382.171298530301
93 935 382.172665530301
60 605 382.179448530301
68 685 393.663745497352
69 695 393.665151497352
92 925 393.667898497352
67 675 393.673379497352
77 775 393.674798497352
85 855 393.676217497352
78 785 395.697231843646
65 655 398.177683788904
60 606 398.190051788904
72 724 407.780092490818
94 945 407.782787632434
84 844 407.78682377405
74 744 407.799075198898
89 895 407.859679645038
66 665 407.865160645038
81 815 407.867985645038
97 975 407.872151645038
95 954 407.873505645038
95 955 407.874924645038
67 676 415.17013581686
96 964 417.668292262937
72 725 417.756967784481
64 644 432.662018140018
64 645 432.663411140018
83 835 432.672902140018
83 836 432.681143140018
64 646 434.972226050515
97 976 434.986026050515
93 936 434.988786050515
78 786 435.161156832291
63 635 435.183197832291
77 776 435.192818832291
80 806 435.194185832291
87 875 435.259802828475
89 896 435.262536828475
86 864 459.179548895681
85 856 462.681333278422
87 874 463.271801523187
68 686 463.280133523187
98 986 463.282880523187
62 627 471.281277766821
65 656 471.282657766821
62 626 471.284063766821
82 826 471.288099766821
77 777 473.670799773727
68 687 474.199890940493
60 607 474.263687836118
66 666 479.165697981685
73 736 479.168509981685
96 966 482.355377643142
96 967 482.366261643142
97 977 484.692521024055
72 726 484.696622024055
92 926 489.159430190564
76 766 489.164885190564
69 696 489.168986190564
65 657 489.171772190564
92 927 489.173152190564
89 897 489.188267190564
73 737 520.664314024412
72 727 520.672568024412
61 617 520.675315024412
78 787 520.676734024412
76 767 520.689128024412
73 738 520.690495024412
63 636 533.763719022962
63 637 533.765138022962
67 677 539.8633368545
83 837 542.658147023534
66 668 543.258459716432
64 647 543.276386716432
93 937 543.277714716432
61 618 543.280435716432
65 658 543.281854716432
69 698 544.972574779541
92 928 553.258203054265
63 638 563.667911325103
66 667 563.673327325103
60 608 563.677467325103
67 678 563.687049325103
69 697 563.766518330034
80 807 574.172124528214
68 688 574.173517528214
60 609 574.174923528214
