15 80 48.157510571187
62 30 68.659720340942
49 30 68.659720340942
53 180 78.766250705934
69 180 78.766250705934
69 240 78.767591705934
29 190 80.66210830295
40 90 112.1931056475
30 90 112.1931056475
69 90 112.1931056475
54 41 112.26079615565
69 41 112.26079615565
9 140 112.26619990369
54 140 112.26619990369
69 140 112.26619990369
54 91 112.26752790369
69 91 112.26752790369
15 241 112.276993870415
32 31 124.164172664376
80 31 124.164172664376
92 181 124.168286664376
80 181 124.168286664376
43 141 124.179313664376
80 141 124.179313664376
80 130 124.194233664376
45 191 134.673242625844
99 191 134.673242625844
93 191 134.673242625844
53 231 166.799151808227
45 231 166.799151808227
93 231 166.799151808227
45 182 166.856825100152
93 182 166.856825100152
33 32 170.768940923875
6 32 170.768940923875
54 40 171.172546051293
88 40 171.172546051293
51 40 171.172546051293
43 142 181.67615327686
27 142 181.67615327686
99 142 181.67615327686
38 42 181.68705027686
99 42 181.68705027686
35 92 202.684422442087
67 92 202.684422442087
84 232 212.696450455155
29 232 212.696450455155
46 192 222.169773294839
77 33 229.685728362123
60 33 229.685728362123
15 33 229.685728362123
70 83 229.689738362123
88 83 229.689738362123
15 83 229.689738362123
72 82 230.293122497409
41 82 230.293122497409
96 82 230.293122497409
0 43 247.672065001211
75 43 247.672065001211
92 193 247.674903001211
75 193 247.674903001211
63 233 256.178306252289
50 233 256.178306252289
80 233 256.178306252289
55 93 268.755640888778
43 34 285.658366650822
31 133 285.659759650822
3 133 285.659759650822
43 133 285.659759650822
90 194 288.2902738493
51 184 295.756822349819
24 184 295.756822349819
17 184 295.756822349819
65 183 295.758163349819
17 183 295.758163349819
90 244 295.762239074148
65 244 295.762239074148
17 244 295.762239074148
50 234 298.686140902468
84 234 298.686140902468
84 94 298.695748902468
42 134 304.669573570604
8 134 304.669573570604
14 84 315.174358011739
13 144 334.689353581772
10 144 334.689353581772
23 44 334.700095353278
82 44 334.700095353278
82 235 334.778331981767
23 45 337.18822049629
81 45 337.18822049629
42 143 337.19229549629
81 143 337.19229549629
46 245 353.680599179234
35 245 353.680599179234
31 95 353.685963530517
27 95 353.685963530517
80 35 371.786958146242
38 35 371.786958146242
8 35 371.786958146242
21 243 376.682946679833
81 243 376.682946679833
84 135 384.268824800538
12 185 397.684906387989
39 185 397.684906387989
54 185 397.684906387989
22 46 405.175238781928
60 46 405.175238781928
67 96 422.682830119751
1 96 422.682830119751
77 236 430.179524569267
40 97 472.175815583818
97 97 472.175815583818
88 146 472.178575583818
47 146 472.178575583818
97 146 472.178575583818
76 37 478.688493201935
17 37 478.688493201935
62 186 491.665560513863
70 186 491.665560513863
14 186 491.665560513863
31 246 491.668346513863
92 246 491.668346513863
14 246 491.668346513863
3 247 491.669752513863
92 247 491.669752513863
14 247 491.669752513863
7 87 493.76797513614
7 88 493.77619013614
0 47 508.158371652318
72 47 508.158371652318
24 38 518.15976238418
49 197 537.165391562041
2 197 537.165391562041
81 237 537.172278562041
0 237 537.172278562041
2 237 537.172278562041
16 238 540.186486858459
67 238 540.186486858459
52 238 540.186486858459
97 98 545.277035153224
49 248 547.759548911391
86 248 547.759548911391
53 198 547.764965039303
60 198 547.764965039303
66 198 547.764965039303
87 196 547.766306039303
60 196 547.766306039303
66 196 547.766306039303
49 138 568.655554655401
72 199 596.163917426663
25 149 596.781030429034
93 149 596.781030429034
21 149 596.781030429034
