65 790 76.656895327642
69 620 78.757009548262
24 770 82.961368922779
77 700 82.962774922779
24 700 82.962774922779
53 780 83.158197461778
29 730 87.265440472295
73 660 87.266807472295
29 660 87.266807472295
30 670 99.759208017248
3 670 99.759208017248
0 720 100.775965659615
69 720 100.775965659615
75 760 103.666376968124
70 750 121.858208453404
79 750 121.858208453404
79 701 121.861033453404
11 601 121.866540453404
79 601 121.866540453404
0 680 122.161511123577
72 740 122.164271123577
0 740 122.164271123577
97 640 125.290693018688
16 640 125.290693018688
45 731 128.26800061511
4 731 128.26800061511
80 731 128.26800061511
83 721 132.763657051114
13 721 132.763657051114
83 771 132.765050051114
13 771 132.765050051114
93 651 134.66566753464
43 631 136.686953894391
97 631 136.686953894391
97 761 136.691119894391
17 711 145.667651854883
22 741 173.174339350298
6 741 173.174339350298
33 661 173.269388353954
94 661 173.269388353954
6 661 173.269388353954
20 641 173.272057353954
6 641 173.272057353954
55 671 173.280311353954
20 671 173.280311353954
6 671 173.280311353954
12 781 177.180823460716
85 781 177.180823460716
38 781 177.180823460716
62 712 207.262516219684
43 672 207.289804219684
84 672 207.289804219684
62 672 207.289804219684
43 602 207.291223219684
84 602 207.291223219684
62 602 207.291223219684
64 652 208.162405885858
55 772 208.172013885858
64 772 208.172013885858
55 782 208.173354885858
64 782 208.173354885858
53 722 208.180267885858
34 722 208.180267885858
64 722 208.180267885858
56 681 208.185722885858
64 681 208.185722885858
12 742 211.287737081529
29 742 211.287737081529
46 692 231.276924998114
91 702 239.265319119938
73 702 239.265319119938
3 702 239.265319119938
73 612 239.266738119938
3 612 239.266738119938
15 603 255.283537217494
29 603 255.283537217494
29 623 255.284904217494
10 762 255.287625217494
77 762 255.287625217494
29 762 255.287625217494
29 773 255.291726217494
56 673 256.666097220292
70 792 256.672932220292
78 792 256.672932220292
56 792 256.672932220292
39 632 262.867857625121
76 632 262.867857625121
80 632 262.867857625121
80 763 262.870591625121
43 713 262.961269625691
84 713 262.961269625691
80 713 262.961269625691
98 643 262.964029625691
84 643 262.964029625691
80 643 262.964029625691
32 752 278.281541919627
31 752 278.281541919627
32 753 278.282895919627
31 753 278.282895919627
9 613 279.17049330668
67 783 300.260884129073
51 783 300.260884129073
78 683 300.264907905055
67 683 300.264907905055
51 683 300.264907905055
51 674 300.270363365979
52 734 300.273058596441
67 734 300.273058596441
51 734 300.273058596441
71 793 300.274386723836
92 793 300.274386723836
14 793 300.274386723836
92 714 300.275753723836
14 714 300.275753723836
30 703 300.279802954298
92 703 300.279802954298
14 703 300.279802954298
83 664 305.6622219258
83 784 305.6677939258
6 663 305.6854999258
96 663 305.6854999258
83 663 305.6854999258
98 633 305.6909159258
96 633 305.6909159258
83 633 305.6909159258
96 764 305.6923089258
83 764 305.6923089258
8 634 305.6965009258
83 634 305.6965009258
49 653 306.190099171101
18 653 306.190099171101
84 653 306.190099171101
73 684 306.195554171101
50 684 306.195554171101
84 684 306.195554171101
86 723 309.256767459938
19 723 309.256767459938
86 694 309.759667826964
19 694 309.759667826964
17 694 309.759667826964
19 693 310.29319471611
64 693 310.29319471611
92 693 310.29319471611
64 794 310.29461371611
92 794 310.29461371611
24 774 324.161050691667
76 774 324.161050691667
46 654 342.791500757477
35 654 342.791500757477
74 604 352.760987269422
74 644 352.769163269422
64 614 352.773329269422
74 614 352.773329269422
75 725 365.675971886388
56 724 365.678731886388
43 724 365.678731886388
75 724 365.678731886388
75 675 365.688469886388
75 795 365.689849886388
79 735 365.691203886388
75 735 365.691203886388
75 765 365.692583886388
94 775 365.693976886388
70 775 365.693976886388
75 775 365.693976886388
80 615 368.162532799663
21 625 368.194129799663
80 625 368.194129799663
8 624 368.196915799663
80 624 368.196915799663
47 705 377.191183197463
94 705 377.191183197463
52 785 399.194704522582
94 785 399.194704522582
91 695 408.167800487482
36 695 408.167800487482
60 715 408.765360231075
45 655 408.775007231075
60 655 408.775007231075
60 656 408.794171231075
67 685 415.180282612119
1 685 415.180282612119
1 676 415.181662612119
83 665 426.18650102819
13 665 426.18650102819
66 635 426.18789402819
83 635 426.18789402819
13 635 426.18789402819
77 786 434.995488206996
78 776 435.17782166912
93 645 435.18193566912
77 645 435.18193566912
78 645 435.18193566912
77 646 435.18464366912
78 646 435.18464366912
32 746 441.764062080484
32 706 441.777888080484
34 716 461.756901266283
1 716 461.756901266283
84 716 461.756901266283
18 616 477.255566861801
14 616 477.255566861801
17 616 477.255566861801
19 726 477.256959861801
14 726 477.256959861801
17 726 477.256959861801
24 627 477.258339861801
14 627 477.258339861801
17 627 477.258339861801
17 707 481.192325655373
1 707 481.192325655373
96 666 482.356865810633
17 626 483.690715649352
77 626 483.690715649352
19 736 492.266512196155
14 736 492.266512196155
55 796 492.274818196155
70 796 492.274818196155
14 796 492.274818196155
1 777 492.296859196155
14 777 492.296859196155
79 696 498.17330169364
55 696 498.17330169364
72 696 498.17330169364
19 617 511.18223105454
92 617 511.18223105454
61 747 511.18365005454
19 747 511.18365005454
92 747 511.18365005454
55 727 520.666790019975
73 727 520.666790019975
47 767 533.699534959015
46 767 533.699534959015
24 767 533.699534959015
59 787 541.282264937836
30 787 541.282264937836
52 787 541.282264937836
16 718 541.287784937836
67 718 541.287784937836
52 718 541.287784937836
7 607 542.677269663706
2 607 542.677269663706
16 717 543.186309102426
23 717 543.186309102426
55 717 543.186309102426
65 697 543.276954358217
66 697 543.276954358217
53 647 543.278334358217
44 647 543.278334358217
66 647 543.278334358217
44 628 543.279727358217
66 628 543.279727358217
65 618 543.282409358217
66 618 543.282409358217
66 658 543.283750358217
1 788 543.285091358217
65 788 543.285091358217
66 788 543.285091358217
48 757 561.266554836192
67 757 561.266554836192
67 688 561.270642836192
31 797 561.273389836192
67 797 561.273389836192
8 766 561.284260836192
60 766 561.284260836192
67 766 561.284260836192
67 608 561.287020836192
69 637 561.288413836192
60 637 561.288413836192
67 637 561.288413836192
69 657 561.289819836192
60 657 561.289819836192
67 657 561.289819836192
60 698 561.291238836192
67 698 561.291238836192
39 708 566.995885241204
94 708 566.995885241204
60 638 576.688756716658
39 748 576.692831716658
60 748 576.692831716658
34 648 605.760936617501
93 648 605.760936617501
43 768 605.765076617501
93 768 605.765076617501
