38 380 41.155438316246
8 80 48.159312455362
63 630 53.655560969194
39 390 63.655594659379
49 490 63.656987659379
79 790 63.662455659379
48 480 63.663809659379
3 30 70.17179487363
69 690 78.755499459017
53 530 78.767984459017
18 180 78.769351459017
24 240 78.770692459017
9 90 78.772098459017
58 580 78.773491459017
24 241 78.774832459017
29 291 80.662250963005
19 190 80.664919963005
19 191 80.675701541777
84 840 97.160416643308
18 181 97.163228643308
73 730 102.661519834491
14 140 102.675306834491
38 381 102.678040834491
9 91 102.679407834491
68 680 102.680826834491
44 440 107.172392699903
94 940 107.173811699903
3 31 111.659695495896
4 40 111.661088495896
33 330 111.662442495896
59 590 111.663796495896
39 391 111.667884687096
28 280 111.676034975144
28 281 111.680045120654
54 540 111.684094266164
54 541 111.756840375649
69 691 111.763571573465
78 780 111.775718887526
4 41 111.786758887526
48 481 112.262193421096
34 340 124.170055817256
68 681 124.178296817256
43 430 124.180978817256
74 740 124.182384817256
43 431 124.183764817256
14 141 124.185092817256
33 331 124.194661817256
13 130 124.256835814524
13 131 124.258189814524
64 640 124.259530814524
89 890 124.260884814524
98 980 124.262277814524
64 641 124.263618814524
58 581 131.762262563042
93 930 134.655539088256
29 290 134.656893088256
83 830 134.658299088256
13 132 138.69660614075
63 631 138.69801214075
53 531 138.69935314075
59 591 138.755557139752
74 741 138.758356139752
73 731 144.256994774046
99 991 144.258348774046
88 880 159.165173065221
54 542 159.176291065221
93 931 159.187292065221
99 990 159.188698065221
79 791 171.183811642253
18 182 171.185191642253
93 932 171.189318642253
23 231 173.170332270675
83 831 173.255463523047
94 941 176.690171403149
89 891 200.162987559917
68 682 200.164406559917
38 382 200.167075559917
14 142 200.168403559917
43 432 200.169757559917
9 92 200.171085559917
74 742 200.172439559917
4 42 200.173819559917
39 392 202.666617789408
84 842 210.18521490982
83 832 210.189199121738
98 982 210.197271545574
69 692 210.766471359882
73 732 210.769166359882
58 582 210.770507359882
19 192 210.785596359882
98 981 210.788304359882
23 232 210.792418359882
78 782 210.793824359882
29 292 212.655524168445
78 781 212.656891168445
84 841 212.658245168445
89 892 212.669285168445
29 293 212.685845168445
94 942 224.679319596724
49 491 224.971255783327
3 32 231.655555475704
64 642 231.658328475704
3 33 231.662455475704
53 532 231.666517475704
79 792 232.190791429926
8 82 232.192119429926
34 342 234.691900875207
8 83 234.697304863783
88 881 236.670904986092
88 882 236.673651986092
59 592 256.173138281984
28 283 256.178645662858
63 633 256.182772662858
39 393 256.185545662858
59 593 256.188266662858
4 43 256.189594662858
63 632 258.67312567015
19 193 258.67583367015
84 843 269.166230102832
9 93 269.167610102832
9 94 269.168977102832
28 282 271.668943119675
4 44 271.675765119675
98 983 271.683980119675
43 433 285.655634729319
3 34 285.657001729319
43 434 285.658420729319
23 233 288.290448512664
23 234 288.291828512664
93 933 300.171057411814
18 183 300.172424411814
18 184 300.173791411814
19 194 300.179324411814
34 343 300.182058411814
24 244 300.188893411814
69 694 300.194400411814
24 243 302.6752310499
8 84 303.862583917499
14 143 303.863911917499
34 341 303.866645917499
78 783 303.868064917499
78 784 303.872178917499
14 144 303.876305917499
33 333 303.879117917499
89 893 303.896849917499
29 294 303.955362913809
13 134 310.286181065004
83 834 310.29295255244
19 195 317.674838882195
13 133 317.676231882195
58 583 317.677650882195
44 443 317.689966882195
14 145 317.692635882195
63 634 334.659992169757
39 394 334.673688169757
53 533 334.675016169757
54 543 334.676422169757
89 894 334.679234169757
53 534 334.680653169757
4 45 334.682072169757
23 235 334.683439169757
59 595 339.198572332737
83 833 339.26232576634
94 944 339.26778076634
58 584 339.26912176634
98 984 339.27047576634
24 245 339.27733676634
34 344 353.684585452564
34 345 353.685952452564
8 85 361.687619690576
3 35 364.166071566926
39 395 370.165036144693
29 295 370.167861144693
93 935 370.169215144693
8 86 370.181609144693
94 945 377.168444349596
59 594 377.178117349596
53 535 377.186267349596
43 435 377.187621349596
9 95 377.189027349596
58 585 381.161112703139
18 185 381.165200892187
23 236 385.668094806826
54 545 385.675111806826
4 46 385.677780806826
3 36 390.679022529209
69 695 393.665091640457
54 544 393.666432640457
9 96 418.685853615033
29 296 418.687220615033
13 136 432.664358155104
63 635 432.665712155104
13 137 432.667118155104
39 396 432.774987799007
89 895 462.689839647357
78 785 462.692573647357
58 586 462.693979647357
34 346 462.696726647357
13 135 462.698067647357
93 936 462.758131802523
89 896 462.763664802523
94 946 464.16474093331
19 196 464.16615993331
9 97 466.986428058604
43 436 479.164951576375
43 437 479.167608040959
3 37 479.181240434711
53 536 479.182646434711
24 246 479.184039434711
19 197 479.186799434711
14 147 491.66089122472
18 186 491.679859821586
18 187 491.681200821586
14 148 491.682606821586
4 47 498.765715708124
94 947 517.158285541314
24 247 517.160954541314
69 696 517.162373541314
53 537 520.16441960818
3 38 520.16577360818
24 248 520.16719260818
