25 620 56.659402125212
26 650 76.66118910218
79 650 76.66118910218
70 601 118.169815886235
13 640 142.157437037761
13 641 142.161551037761
20 670 142.162931037761
13 670 142.162931037761
33 631 142.165600037761
5 631 142.165600037761
13 631 142.165600037761
82 660 142.167006037761
5 660 142.167006037761
13 660 142.167006037761
93 661 168.666040513459
51 661 168.666040513459
80 672 185.279341960123
99 672 185.279341960123
41 681 228.171938614277
41 682 228.173292614277
41 602 230.669387308673
96 602 230.669387308673
81 622 250.193062945079
12 622 250.193062945079
88 622 250.193062945079
88 623 250.198582945079
56 673 252.691898545583
17 612 253.170913820236
91 612 253.170913820236
39 632 256.16630760486
76 632 256.16630760486
80 632 256.16630760486
28 652 256.177088366608
1 652 256.177088366608
80 652 256.177088366608
64 653 278.181269486214
33 613 278.185384455881
9 613 278.185384455881
80 613 278.185384455881
90 654 278.194772951824
64 654 278.194772951824
82 643 297.269649227937
82 633 297.271042227937
82 634 297.272409227937
19 693 297.783191330534
90 693 297.783191330534
6 663 297.785873330534
34 663 297.785873330534
90 663 297.785873330534
51 674 300.673106141878
67 603 301.761162541276
84 603 301.761162541276
52 683 301.772280541276
84 683 301.772280541276
52 684 301.773660541276
84 684 301.773660541276
92 644 317.355666766969
42 664 320.161642073933
15 694 361.267492594186
38 694 361.267492594186
6 694 361.267492594186
69 624 361.268898594186
38 624 361.268898594186
6 624 361.268898594186
75 675 362.194308697442
74 604 362.195675697442
75 604 362.195675697442
64 614 362.199737697442
74 614 362.199737697442
75 614 362.199737697442
99 655 383.275980643607
8 655 383.275980643607
81 655 383.275980643607
23 605 383.278714643607
81 605 383.278714643607
81 625 383.281422643607
80 615 387.681398439776
52 615 387.681398439776
7 615 387.681398439776
48 695 404.160875440091
73 695 404.160875440091
60 695 404.160875440091
10 635 431.672007694649
13 635 431.672007694649
37 685 433.762315398032
67 685 433.762315398032
77 646 433.770556398032
67 646 433.770556398032
77 645 433.771975398032
1 645 433.771975398032
67 645 433.771975398032
83 665 473.855447258842
77 665 473.855447258842
96 666 473.858168258842
83 666 473.858168258842
77 666 473.858168258842
68 636 474.170388457472
88 626 475.687638667
96 626 475.687638667
1 686 476.678215827774
13 627 492.193253962273
92 627 492.193253962273
14 627 492.193253962273
4 616 496.66040709341
46 616 496.66040709341
51 616 496.66040709341
94 667 517.27096619002
33 607 538.663122077831
46 607 538.663122077831
88 677 540.672988354424
38 677 540.672988354424
2 677 540.672988354424
57 658 543.281502552206
66 658 543.281502552206
49 617 558.173355393461
49 668 558.180100422193
65 696 558.181467422193
49 696 558.181467422193
65 697 558.184162936559
49 697 558.184162936559
3 637 558.188199450925
65 637 558.188199450925
49 637 558.188199450925
3 618 558.192287450925
65 618 558.192287450925
49 618 558.192287450925
62 647 558.196349450925
57 647 558.196349450925
49 647 558.196349450925
42 657 560.761211198827
53 657 560.761211198827
94 657 560.761211198827
99 688 562.681870370391
9 688 562.681870370391
60 698 581.288274815696
