38 380 41.155420378653
8 80 48.159490535654
63 630 53.655415390983
39 390 63.655446695854
49 490 63.656852695854
79 790 67.665660899505
48 480 67.667014899505
18 180 67.668342899505
3 30 70.169045405958
69 690 70.170412405958
53 530 78.766445542625
24 240 78.767825542625
14 140 78.769231542625
9 90 78.770585542625
58 580 78.771913542625
29 290 80.658203121952
19 190 80.663697911338
4 40 89.666565043004
59 590 89.670627872794
44 440 97.669184096041
54 540 100.780232653978
68 680 100.781599653978
34 340 100.782979653978
73 730 100.784320653978
4 41 100.785739653978
74 740 100.787132653978
9 91 100.788525653978
54 541 100.789931653978
69 691 100.791298653978
94 940 102.675467251921
28 280 111.68542885558
28 281 111.68678285558
53 531 111.767622376968
48 481 114.170413611828
24 241 114.175946611828
29 291 121.858435747531
84 840 124.168167975223
18 181 124.169547975223
39 391 124.175054975223
68 681 124.179168975223
43 431 124.186068975223
63 631 124.188750975223
33 331 124.190078975223
14 141 124.196952975223
13 130 124.198358975223
13 131 124.199751975223
64 640 124.255441972491
89 890 124.256821972491
98 980 124.258162972491
64 641 124.259581972491
43 430 131.658997820342
78 780 131.672641820342
33 330 131.687834820342
93 930 134.655561567122
83 830 134.658360567122
34 341 134.663802567122
93 931 134.665143567122
99 990 134.667812567122
19 191 134.670611567122
73 731 134.671978567122
99 991 134.673384567122
58 581 138.684493972378
13 132 138.690091972378
59 591 138.696991972378
74 741 138.698358972378
94 941 168.699837961471
3 32 176.682654940975
3 31 176.683995940975
14 142 181.680194194207
43 432 181.681600194207
79 791 181.685675194207
4 42 181.688487194207
98 981 181.694033194207
38 382 181.695361194207
78 781 181.699423194207
84 841 181.755653194539
39 392 181.757046194539
23 231 181.761186194539
23 232 181.762540194539
99 992 181.763933194539
88 881 188.757811527153
89 891 200.158076481935
68 682 200.160784481935
74 742 200.163531481935
38 381 202.672882076065
83 831 202.682594076065
24 242 202.685328076065
48 482 202.688062076065
9 92 202.689390076065
84 842 214.756596880961
98 982 214.764889880961
33 332 214.777179880961
19 192 224.165117706987
28 282 224.167838706987
63 632 224.170637706987
64 642 224.679086549318
29 292 224.963409580406
93 932 224.967588580406
73 732 232.163292545515
13 133 232.165974857259
23 230 232.190166727723
34 342 232.195609351211
8 81 232.196989351211
8 82 232.198369351211
54 542 232.266491216199
53 532 234.670414518441
49 491 234.678486906587
44 442 234.683864035969
88 882 234.685283035969
94 942 234.697664035969
79 792 242.166529217643
88 883 242.181436217643
59 592 251.674046352707
89 892 251.683550352707
34 343 251.691882352707
19 193 251.755342348392
59 593 251.758089994822
49 492 251.767556521754
83 832 256.166595066945
88 880 256.177349447819
18 182 258.668312516476
39 393 258.684716516476
23 233 271.18307216121
9 93 271.19124816121
98 983 271.19261516121
58 582 276.176968268749
43 433 285.655533712303
43 434 285.656874712303
79 793 290.972459728231
79 794 290.986311728231
78 783 290.994513728231
78 784 290.995906728231
83 833 290.997299728231
89 893 298.766416991678
78 782 298.767809991678
23 234 298.771923991678
19 194 300.172553888255
63 633 300.173920888255
33 333 300.175313888255
99 993 302.661614157494
84 844 303.19968208533
13 134 305.659569475911
83 834 305.662251475911
14 144 315.15556042388
14 145 315.259518929226
63 634 334.659617893333
9 94 334.666336047771
94 944 334.677116973715
93 933 334.681114282363
34 344 334.682442282363
53 533 334.691998745221
49 493 334.693378745221
23 235 334.694732745221
98 984 335.156935492151
14 143 335.159708492151
59 594 335.177544492151
59 595 339.186851729267
94 943 349.687342269203
39 394 349.698187269203
88 884 349.699554269203
53 534 349.755384265873
98 985 357.181946338793
79 795 361.684943397228
34 345 361.769448000649
99 994 361.770854000649
94 945 377.167874516029
13 135 377.169202516029
89 894 385.673145994457
23 236 385.675827994457
84 845 390.689432216494
78 785 390.690799216494
38 384 401.687335854885
13 136 430.167535038151
13 137 430.168876038151
43 436 430.170217140766
63 635 430.171545140766
89 895 430.172964140766
93 934 430.178393140766
93 935 430.179734140766
43 435 430.181153140766
93 936 430.185306140766
78 786 435.156944310619
99 995 440.664421403037
53 535 440.665762403037
84 846 457.166721800628
83 835 457.172060271752
83 836 457.176070507314
34 346 457.180132742876
94 946 459.670723573552
89 896 462.656885502523
39 395 462.663655502523
39 396 462.666389502523
98 986 462.667808502523
53 537 488.672151402659
14 147 488.673505402659
43 437 488.678908402659
14 146 488.968524092408
88 886 488.969891092408
14 148 491.672481007914
99 996 496.183290227835
79 796 508.160467939555
53 536 508.161873939555
94 947 517.159711374377
59 596 537.160077707686
59 597 537.161470707686
79 797 537.167042707686
88 887 537.169776707686
88 888 545.170397386383
23 238 548.183437579912
43 438 550.762304087958
99 997 550.763658087958
98 987 550.767759087958
89 897 550.771912087958
53 538 550.773292087958
78 788 550.774633087958
83 837 552.264049526123
63 636 552.265468526123
23 237 552.269647526123
94 948 561.156964377396
84 847 561.162458377396
93 937 561.166624377396
59 598 572.666753144269
63 637 572.668146144269
63 638 572.669474144269
39 398 572.672260144269
39 399 572.677741144269
9 99 576.659653476773
9 98 577.680501558765
83 838 596.1645557139
79 798 596.1729137139
14 149 596.1783427139
89 898 598.995893967756
