38 380 41.155679902357
61 610 52.75563536209
21 210 52.75704136209
63 630 53.655387566909
20 200 54.157760497449
25 250 56.655582393695
62 620 56.663720179107
39 390 63.655501540394
60 600 74.155349197066
31 310 74.156729197066
26 260 78.676661822726
69 690 78.75540402407
65 650 79.156927204294
79 790 79.158346204294
26 261 79.159739204294
78 780 83.161032860597
37 370 83.165016860597
22 220 83.166344860597
24 240 83.167685860597
32 320 83.169039860597
29 290 83.183565076315
70 700 101.258058389164
30 300 101.259451389164
33 330 101.260844389164
35 350 101.262198389164
27 270 101.264906389164
67 670 101.266325389164
77 770 101.269072389164
66 660 101.270426389164
73 730 101.271806389164
30 301 101.273160389164
27 271 101.274553389164
35 351 101.275972389164
24 241 102.674240111012
61 611 105.866203398048
75 750 105.891121398048
76 760 105.892488398048
75 751 105.893881398048
69 691 116.755416912095
68 681 116.762342912095
79 791 121.855609919505
25 251 121.862431919505
70 701 121.866493919505
60 601 121.867886919505
29 291 123.288560485229
72 720 123.676773851431
74 740 123.678166851431
31 311 123.682267851431
28 280 124.158721943212
34 340 124.162965943212
68 680 124.166988943212
77 771 125.687233766714
64 640 142.163309798866
20 201 142.16733289774
64 641 142.170001996614
63 631 142.179441194362
76 761 142.191627589858
36 360 142.255381319014
36 361 142.256722319014
33 331 142.25959643467
72 721 142.265204719235
22 221 142.266558764992
38 381 142.276024010691
22 222 163.295523010863
37 371 164.663048187792
74 741 167.16923377044
71 710 167.174597943803
66 661 167.17593929599
38 382 167.18132982154
34 341 167.19880444929
78 781 167.25731692114
71 711 170.159245558398
33 332 170.662429284336
23 230 170.663757284336
23 231 170.665124284336
73 731 187.25835725786
34 342 187.276245252401
66 662 187.281636373769
35 352 188.674316189063
60 602 188.675696189063
36 362 188.677102189063
67 671 188.678456189063
26 262 188.679784189063
23 232 188.683924189063
27 272 188.688012189063
24 242 188.690746189063
69 692 198.75544302818
62 621 207.255644223741
25 252 207.258313223741
65 651 208.156777687029
64 642 208.160969687029
72 722 208.165096687029
63 632 211.687075142427
29 292 212.659679666209
62 622 212.663754666209
74 742 212.672086666209
37 372 212.673479666209
20 202 212.685756666209
29 293 212.688555666209
67 672 212.694036666209
39 392 216.673832601409
76 762 216.755528596889
21 212 216.770399092559
65 652 216.773107924449
68 682 216.795962747679
30 302 216.800038579569
30 303 216.859513405761
21 211 230.670914655534
73 732 230.673687655534
70 702 230.683295655534
61 612 230.684701655534
78 782 232.672450832527
73 733 234.674202434856
32 321 236.690661058984
77 772 236.693408058984
38 383 236.694762058984
62 623 236.696129058984
79 792 236.995340429545
75 752 251.266540500707
75 753 251.272086500707
77 773 251.356927426646
27 273 252.169562347135
28 282 252.170955347135
25 253 252.180498347135
36 363 252.181852347135
26 263 256.187728519256
31 313 256.668665655352
67 673 256.674657773822
78 783 256.677469773822
68 683 256.680164773822
60 603 256.681544773822
34 343 258.661767574635
35 353 276.162416529598
28 281 276.165098529598
39 393 276.167832529598
32 323 278.158661870714
23 233 278.183734085892
32 324 278.189059452376
71 713 278.256988351003
79 793 278.258329351003
32 322 278.273647295395
79 794 291.865152855975
25 254 294.185644887939
65 653 294.187410672995
76 763 294.195781672995
34 344 294.197148672995
65 654 294.198528672995
69 693 294.255672894117
33 333 294.257000894117
66 663 294.258380894117
23 234 294.259734894117
77 774 294.261062894117
28 283 300.182483544175
37 373 303.678658388145
67 674 303.75689730526
29 294 303.75825130526
21 213 305.670117852457
21 214 305.674231852457
63 633 305.678228852457
63 634 305.683696852457
71 712 305.694762852457
31 312 305.698772852457
78 784 305.700152852457
64 643 305.76927385684
64 644 319.256807311092
26 264 320.696112287206
24 243 320.784532343448
36 364 320.787253343448
37 374 320.788633343448
70 703 321.183480223831
30 304 321.186149223831
70 704 321.188935223831
39 394 321.190354223831
76 764 324.16902714805
68 684 324.181110603583
32 325 324.274300430988
71 714 324.355485382345
62 624 340.176118569428
73 734 340.177472569428
72 723 341.266544134956
38 384 341.267911134956
27 274 341.271999134956
31 314 341.273405134956
66 664 341.277532134956
35 354 341.280201134956
38 385 341.755618633329
69 694 347.656832201284
72 724 347.658225201284
35 355 347.662313201284
70 705 347.688325201284
73 735 347.689653201284
39 395 361.263889739114
34 345 361.265282739114
23 235 361.273484739114
74 744 364.184669922753
60 604 364.186088922753
74 745 364.192962922753
75 754 365.655456305396
75 755 365.664257196286
67 675 365.696810194526
31 315 367.264071688873
60 605 367.265464688873
26 265 383.264372761264
33 334 383.272613761264
61 614 383.274032761264
33 335 383.275412761264
77 775 383.276805761264
76 765 383.278146761264
72 725 383.291907761264
36 365 383.358092549656
78 785 385.755541534562
61 615 386.755647001835
62 625 387.299413373337
37 375 387.355574940114
71 715 387.358308940114
69 695 392.159840747131
36 366 392.175007747131
21 215 392.176413747131
22 224 404.156716170514
22 225 404.158083170514
65 655 404.175713698798
20 204 404.183812773886
22 226 407.79826847536
79 795 408.164389931138
39 396 408.187615931138
68 685 433.763670729948
26 266 433.764998729948
67 676 433.766339729948
64 645 433.770453729948
35 356 433.771807729948
75 756 433.773213729948
77 776 434.959627925833
78 786 435.156828707419
27 276 435.160929707419
30 305 435.162296707419
64 646 435.163689707419
23 236 435.174638707419
63 635 435.189753707419
66 665 435.191107707419
29 295 435.192500707419
27 275 435.195234707419
25 256 435.196614707419
37 376 435.197981707419
32 327 449.300025727027
34 347 457.179867243472
32 326 457.181221243472
29 296 459.661464640807
68 686 474.16221995991
66 666 474.772427524305
25 257 476.67624050974
68 687 476.67762050974
73 736 479.65819917808
74 746 479.66498217808
65 656 479.66913517808
76 766 479.67047617808
77 777 480.955487713975
34 346 480.966410713975
38 386 480.967777713975
71 716 480.969144713975
22 227 492.261042261459
79 796 497.263738617683
30 306 497.265118617683
30 307 497.267853131855
70 706 497.269207131855
31 316 497.271928646027
61 617 497.275939160199
61 616 497.278647674371
62 626 497.289402702715
62 627 497.293452216887
60 607 497.374721470957
72 726 498.15545454533
25 255 498.16376054533
72 727 498.16508854533
36 367 498.16649454533
79 797 498.17330354533
73 737 517.170809628746
31 317 517.176251628746
74 747 517.177631628746
29 297 517.179011628746
26 267 517.180365628746
75 757 517.181706628746
73 738 517.183060628746
27 277 520.667073597499
38 387 520.691848597499
67 677 539.169997820976
38 388 539.172679820976
23 237 539.174046820976
76 767 539.797518003006
22 228 539.855416006769
72 728 539.864220386375
29 298 541.36355207068
26 268 541.36631207068
70 707 541.36770507068
74 748 541.36911107068
67 678 541.37053007068
69 696 544.676892892517
30 308 544.681019892517
68 688 544.690666892517
23 238 560.162788820635
35 357 560.180585820635
27 278 560.663161615086
35 358 560.671428615086
69 697 560.672821615086
34 348 560.688066615086
33 338 561.170261534126
66 667 561.194789534126
37 378 561.198968534126
65 658 561.255686410993
69 698 561.257066410993
71 718 562.699608033491
31 318 562.792512033541
71 717 562.863729681064
62 628 605.260643017738
34 349 605.267426017738
74 749 605.268806017738
76 768 605.270186017738
36 369 605.271514017738
25 258 605.272933017738
