6 60 25.155550430015
15 150 51.655506430252
8 80 51.656886430252
20 200 51.658292430252
10 100 70.156990860961
8 81 70.158357860961
9 90 75.162750833712
14 140 75.164078833712
3 30 75.165471833712
12 120 75.665062431516
11 110 75.666468431516
17 170 96.655399872386
17 171 96.656727872386
7 70 96.658068872386
0 0 96.659474872386
16 160 96.660841872386
7 71 96.663653872386
19 190 96.665046872386
1 10 96.668584152562
1 11 96.672711152562
4 40 96.674078152562
4 41 96.675445152562
9 91 96.676851152562
15 151 111.655428440859
12 121 112.176536025379
2 20 112.191651025379
0 1 132.156091165256
16 161 132.158287366728
19 191 132.166851417885
3 31 132.171004417885
18 180 132.176446417885
13 130 132.177813417885
0 2 132.180651417885
14 141 137.678853407297
13 131 137.688448407297
10 101 137.689828407297
20 201 137.692562407297
5 51 138.680665021535
13 132 138.684857021535
2 21 139.696880928127
2 22 139.698286928127
16 162 140.255625506538
11 111 160.169513280228
18 181 160.190135280228
18 182 160.191476280228
17 172 176.277287104619
7 72 179.664564912357
12 122 179.668665912357
20 202 186.156977606744
3 32 186.159776606744
5 52 198.198110914376
11 112 200.16028649418
9 92 200.16167949418
6 62 200.16842407232
6 63 200.17932136139
15 152 203.159964351866
14 142 203.165562351866
19 192 204.659113750012
1 12 204.667367750012
8 82 204.670192750012
10 102 220.664581677201
3 33 220.679683677201
6 61 220.681089677201
1 13 220.687833677201
2 23 220.689239677201
12 123 226.16171517041
5 53 226.16447517041
15 153 226.17675217041
16 163 226.17814517041
20 203 246.675094934905
18 183 246.684702934905
10 103 247.688973535894
0 3 247.690353535894
4 43 247.691681535894
11 113 247.693022535894
10 104 247.694441535894
17 173 251.160534834396
17 174 251.174399834396
13 133 265.679712460661
3 34 265.681118460661
9 94 269.696652372311
9 93 271.682744145896
18 184 289.665158985861
11 114 290.765118566267
19 193 292.667289696711
4 44 292.675582696711
19 194 292.676962696711
15 154 296.18627161923
20 204 300.159351992136
14 143 309.661356040056
13 134 309.664611710908
5 54 309.666017710908
8 84 312.155546013893
7 74 312.156952013893
7 73 312.162485013893
8 85 312.171581570507
14 144 315.156912217546
14 145 315.177145229256
19 195 317.676028918755
2 24 317.687068918755
10 105 335.162420091701
1 14 352.687258067163
7 75 355.656832332821
0 4 357.172633234733
12 124 357.174000234733
5 55 357.178114234733
20 205 359.191903800548
4 45 362.176168612031
13 135 379.689353440329
1 15 379.756983629747
12 125 379.762542629747
7 76 385.655426248166
3 35 385.656780248166
3 36 385.665454940668
17 175 385.765076840676
11 115 402.663073879305
0 5 404.672971813209
15 155 413.691789035607
1 16 418.656962236963
2 25 418.661037372369
18 186 418.680032620571
13 136 425.759089639928
4 46 425.769986639928
10 106 425.771366639928
2 26 427.171780820328
5 56 441.16259049461
1 17 464.655595281744
19 196 464.663901281744
20 206 464.668067281744
11 116 466.686122858238
17 176 466.687463858238
9 96 466.691642858238
9 97 466.697123858238
12 126 466.758178712545
15 157 467.675865386281
15 156 470.693205979087
17 177 484.658133869812
12 127 484.663601869812
5 57 484.664929869812
19 197 484.667663869812
14 147 489.692405719001
14 148 489.699292719001
4 47 494.158512242917
20 207 508.160009169054
14 146 509.668858356244
2 27 509.681187356244
13 137 509.682580356244
18 187 509.683908356244
4 48 512.663024695393
12 128 529.684709480751
17 178 529.686076480751
15 158 529.687417480751
7 78 529.688784480751
8 88 529.690203480751
8 87 550.186959936615
10 107 550.188378936615
19 198 550.191151936615
20 208 550.192557936615
13 138 551.664301967121
3 37 551.668351129531
0 8 551.673820451019
16 168 551.68323569185
1 18 551.689916329323
11 117 551.691244827657
7 79 551.75810830722
16 167 551.763460642192
9 98 554.656909480616
2 28 554.680521863526
2 29 554.688801863526
11 118 555.656935743885
9 99 555.680177614337
7 77 557.665166885292
11 119 557.696568885292
3 38 573.162538973789
5 58 573.163892973789
16 169 573.168084973789
14 149 599.181396914526
