62 450 53.658481775423
63 450 53.658481775423
62 570 53.659874775423
63 570 53.659874775423
71 470 57.656831608977
71 490 57.658237608977
49 600 68.658399715408
65 790 76.656918177789
79 480 76.658337177789
65 480 76.658337177789
69 620 78.760089760046
69 530 78.768330760046
24 580 95.161376074319
58 520 95.165503074319
24 520 95.165503074319
58 550 95.166883074319
24 550 95.166883074319
24 700 95.168224074319
70 500 95.169643074319
24 500 95.169643074319
70 590 95.171036074319
24 590 95.171036074319
24 770 95.172377074319
24 560 95.173796074319
56 660 95.175150074319
24 660 95.175150074319
56 730 95.177910074319
24 730 95.177910074319
12 780 101.271363606766
3 780 101.271363606766
30 670 101.272704606766
3 670 101.272704606766
54 680 101.284955606766
3 680 101.284955606766
75 510 103.656876098802
69 540 104.998532136454
72 740 105.058201322488
54 740 105.058201322488
69 740 105.058201322488
75 760 105.95834595622
61 760 105.95834595622
35 541 109.685836844713
79 701 121.876027000691
70 601 121.877394000691
79 601 121.877394000691
80 561 125.676055569484
74 720 125.687290569484
68 720 125.687290569484
80 720 125.687290569484
80 681 125.695492569484
43 501 125.698265569484
80 501 125.698265569484
58 640 125.76313132861
80 640 125.76313132861
80 581 125.76452432861
13 551 125.76585232861
80 551 125.76585232861
97 641 132.293206823986
26 641 132.293206823986
16 641 132.293206823986
13 761 139.294428530796
83 771 142.262281535655
97 771 142.262281535655
38 521 142.263622535655
83 521 142.263622535655
97 521 142.263622535655
38 531 142.264976535655
83 531 142.264976535655
97 531 142.264976535655
22 741 142.266317535655
83 741 142.266317535655
97 741 142.266317535655
66 471 154.184087597828
93 471 154.184087597828
44 471 154.184087597828
93 661 154.185506597828
44 661 154.185506597828
93 451 154.186886597828
44 451 154.186886597828
17 711 154.199319597828
93 711 154.199319597828
44 711 154.199319597828
48 491 156.256744098472
17 452 159.06229330384
99 651 176.770829287348
22 591 176.773589287348
99 591 176.773589287348
55 671 176.781791287348
99 671 176.781791287348
99 562 176.795487287348
99 672 176.798221287348
98 781 178.681897169608
43 781 178.681897169608
38 781 178.681897169608
57 621 182.656993503587
66 731 182.689827503587
33 731 182.689827503587
57 731 182.689827503587
66 511 187.289413768614
64 552 208.158209545801
55 772 208.162388545801
64 772 208.162388545801
1 792 208.166489545801
95 792 208.166489545801
64 792 208.166489545801
1 532 208.173454545801
34 532 208.173454545801
64 532 208.173454545801
53 722 208.177620545801
34 722 208.177620545801
64 722 208.177620545801
72 612 208.181760545801
64 612 208.181760545801
95 592 208.183114545801
72 592 208.183114545801
64 592 208.183114545801
8 522 208.184481545801
86 522 208.184481545801
64 522 208.184481545801
69 732 211.278356594746
69 582 211.279736594746
41 602 218.659695200115
94 472 218.661036200115
41 472 218.661036200115
10 762 218.662364200115
41 762 218.662364200115
32 632 219.657438316117
32 461 219.667150316117
32 462 219.668517316117
44 702 224.195312095451
96 702 224.195312095451
46 702 224.195312095451
73 502 224.198033095451
96 502 224.198033095451
46 502 224.198033095451
12 742 224.968378414034
12 503 225.059447220431
15 682 225.070228479553
15 483 225.078392333537
29 712 225.086581333537
15 712 225.086581333537
73 583 234.674801791198
79 492 234.677574791198
42 492 234.677574791198
73 492 234.677574791198
3 782 242.768473867283
51 721 245.694752441926
62 721 245.694752441926
88 721 245.694752441926
62 513 245.696106441926
88 513 245.696106441926
18 752 246.993641253953
51 752 246.993641253953
29 752 246.993641253953
29 623 246.994982253953
29 773 246.997690253953
92 652 246.999096253953
75 652 246.999096253953
29 652 246.999096253953
92 523 247.055549250927
75 523 247.055549250927
29 523 247.055549250927
92 553 247.056929250927
75 553 247.056929250927
29 553 247.056929250927
92 593 247.058257250927
75 593 247.058257250927
29 593 247.058257250927
26 631 252.259568800241
98 631 252.259568800241
80 631 252.259568800241
80 763 252.277534800241
10 753 252.761047630777
91 563 256.258111410496
98 643 264.86644531301
32 643 264.86644531301
75 643 264.86644531301
9 453 264.86778631301
32 453 264.86778631301
75 453 264.86778631301
9 613 264.86917931301
32 613 264.86917931301
75 613 264.86917931301
76 633 264.87191331301
32 633 264.87191331301
75 633 264.87191331301
97 693 269.669443547718
55 693 269.669443547718
18 653 284.76658065097
84 653 284.76658065097
32 653 284.76658065097
43 713 285.658424015484
44 673 285.662564015484
43 673 285.662564015484
44 783 285.667941015484
43 783 285.667941015484
78 683 285.670688015484
44 683 285.670688015484
43 683 285.670688015484
65 723 296.670037731774
90 723 296.670037731774
11 603 296.692979111683
18 603 296.692979111683
51 603 296.692979111683
6 663 296.695700240274
90 663 296.695700240274
77 524 296.76087750731
90 524 296.76087750731
90 774 296.76220550731
51 674 296.767673588053
88 564 299.186798687806
50 564 299.186798687806
73 684 299.193737687806
50 684 299.193737687806
50 734 299.195117687806
82 784 300.692169974107
47 573 300.693536974107
96 573 300.693536974107
82 573 300.693536974107
96 474 300.694877974107
82 474 300.694877974107
96 764 300.697637974107
82 764 300.697637974107
83 664 300.757098667289
8 664 300.757098667289
82 664 300.757098667289
52 504 303.290815989097
84 504 303.290815989097
83 584 309.85539737082
92 644 309.86768737082
83 644 309.86768737082
64 654 309.87036937082
92 654 309.87036937082
83 654 309.87036937082
35 533 310.289759977321
86 533 310.289759977321
19 533 310.289759977321
35 494 310.297858136913
86 494 310.297858136913
19 494 310.297858136913
86 694 310.355432578669
19 694 310.355432578669
17 794 310.363569790802
39 594 312.19847605472
70 594 312.19847605472
32 594 312.19847605472
52 704 312.283555423915
2 493 321.257694114777
70 493 321.257694114777
30 714 335.076616969961
27 714 335.076616969961
82 714 335.076616969961
81 543 335.080613969961
27 543 335.080613969961
82 543 335.080613969961
93 574 335.091445969961
82 574 335.091445969961
23 464 335.098371969961
93 464 335.098371969961
82 464 335.098371969961
95 534 335.099790969961
93 534 335.099790969961
82 534 335.099790969961
98 473 355.16953401086
98 465 355.19012630232
97 484 355.260806011238
35 484 355.260806011238
98 484 355.260806011238
59 544 357.082635404234
38 544 357.082635404234
27 544 357.082635404234
35 595 357.261121855362
7 454 361.292072562533
6 454 361.292072562533
64 744 361.293426562533
7 744 361.293426562533
6 744 361.293426562533
64 614 361.294845562533
7 614 361.294845562533
6 614 361.294845562533
85 634 362.780099676589
75 634 362.780099676589
75 535 362.790983853533
75 724 362.858269118728
75 725 362.860977118728
73 485 362.863685118728
72 485 362.863685118728
75 485 362.863685118728
73 565 362.865039118728
72 565 362.865039118728
75 565 362.865039118728
75 675 362.867786118728
92 735 362.877342118728
75 735 362.877342118728
74 604 362.881456118728
75 604 362.881456118728
28 793 362.882784118728
74 793 362.882784118728
75 793 362.882784118728
75 745 362.884151118728
3 635 374.769754214165
63 645 374.773842214165
3 645 374.773842214165
63 665 374.777982214165
3 665 374.777982214165
29 455 378.170020684898
80 455 378.170020684898
80 615 378.174017684898
80 625 378.198662684898
4 605 382.265319297755
42 605 382.265319297755
21 605 382.265319297755
94 754 383.260324067103
94 475 383.261652067103
94 775 383.278056067103
31 624 383.298561067103
37 624 383.298561067103
94 624 383.298561067103
8 555 387.282849730849
52 555 387.282849730849
8 585 387.284177730849
52 585 387.284177730849
21 795 391.186845310456
58 795 391.186845310456
58 525 391.263449716199
84 505 391.272928961398
90 505 391.272928961398
65 715 391.36081929672
60 715 391.36081929672
98 715 391.36081929672
98 655 391.36217329672
73 695 391.37442429672
98 695 391.37442429672
69 685 391.37583029672
73 685 391.37583029672
98 685 391.37583029672
36 545 397.762889304296
36 495 397.773630304296
85 575 397.870540739977
33 575 397.870540739977
54 575 397.870540739977
47 765 397.885473739977
69 765 397.885473739977
54 765 397.885473739977
17 785 403.682453364357
59 785 403.682453364357
76 705 407.869572583723
47 705 407.869572583723
22 705 407.869572583723
22 476 407.872319583723
22 456 407.873712583723
1 676 419.786498603052
77 506 434.962478937754
77 576 434.963897937754
77 566 434.968011937754
77 646 434.991341937754
77 786 434.994036937754
21 586 435.185811357789
64 586 435.185811357789
78 586 435.185811357789
32 466 444.172552366538
32 486 444.176783366538
32 746 444.180884366538
32 496 444.183566366538
47 626 457.289337256261
84 626 457.289337256261
34 716 457.290730256261
84 716 457.290730256261
34 515 457.292149256261
84 515 457.292149256261
48 656 463.773863741432
47 656 463.773863741432
48 726 463.775191741432
47 726 463.775191741432
49 616 463.776597741432
47 616 463.776597741432
88 766 463.780750741432
47 766 463.780750741432
34 516 474.165039139626
21 636 478.980262647599
68 636 478.980262647599
77 636 478.980262647599
77 687 478.981668647599
6 607 478.983061647599
68 607 478.983061647599
77 607 478.983061647599
96 666 483.162745129278
35 736 483.176441129278
96 736 483.176441129278
55 457 487.183827180215
70 457 487.183827180215
17 457 487.183827180215
17 707 487.186587180215
14 556 487.189347180215
17 556 487.189347180215
19 706 491.670247893981
14 706 491.670247893981
24 536 491.675754893981
14 536 491.675754893981
70 557 491.677147893981
14 557 491.677147893981
24 627 491.681248893981
14 627 491.681248893981
72 547 498.159586153757
72 467 498.163752153757
72 677 498.165093153757
55 497 498.177565153757
72 497 498.177565153757
73 587 498.180351153757
72 587 498.180351153757
53 696 498.185819153757
31 696 498.185819153757
72 696 498.185819153757
82 617 498.187186153757
31 617 498.187186153757
72 617 498.187186153757
61 747 498.188553153757
31 747 498.188553153757
72 747 498.188553153757
44 537 501.17356211338
92 537 501.17356211338
31 797 519.192677755815
94 797 519.192677755815
73 797 519.192677755815
90 577 526.880493386501
46 577 526.880493386501
94 577 526.880493386501
94 468 526.881834386501
3 657 530.29511895025
24 657 530.29511895025
55 487 541.18074152868
16 527 541.18213452868
55 527 541.18213452868
57 567 541.19865552868
90 567 541.19865552868
55 567 541.19865552868
55 718 541.25829952933
59 787 541.359662847802
2 787 541.359662847802
52 787 541.359662847802
66 757 543.258384052705
66 498 543.266573052705
87 637 543.273486052705
66 637 543.273486052705
66 697 543.284578052705
66 698 543.285984052705
69 608 543.291426052705
66 608 543.291426052705
60 538 543.292754052705
69 538 543.292754052705
66 538 543.292754052705
44 628 543.298196052705
66 628 543.298196052705
87 518 543.3556630482
66 518 543.3556630482
66 658 543.3584230482
65 598 543.3597510482
66 598 543.3597510482
65 618 543.3611310482
66 618 543.3611310482
99 688 553.17968475667
7 688 553.17968475667
86 688 553.17968475667
99 796 553.18236675667
97 796 553.18236675667
86 796 553.18236675667
49 597 553.19874475667
86 597 553.19874475667
90 717 558.373101619408
21 767 558.384102619408
90 767 558.384102619408
81 568 558.385469619408
21 568 558.385469619408
90 568 558.385469619408
81 478 558.386862619408
21 478 558.386862619408
90 478 558.386862619408
97 517 560.158683577185
99 488 560.180659577185
97 488 560.180659577185
2 528 560.198625577185
94 528 560.198625577185
97 528 560.198625577185
39 748 574.667520926809
39 638 574.668874926809
29 708 574.671647926809
39 708 574.671647926809
30 678 574.677167926809
21 678 574.677167926809
39 678 574.677167926809
16 588 574.688233926809
39 588 574.688233926809
56 728 605.265508143357
93 728 605.265508143357
83 508 605.266862143357
93 508 605.266862143357
86 779 605.287497143357
24 779 605.287497143357
93 779 605.287497143357
