6 60 25.1555830313
38 380 41.155474226136
15 150 51.655718103107
8 80 51.657098103107
20 200 51.658465103107
25 250 56.655468652031
32 320 56.656848652031
39 390 63.655426180115
7 70 63.656780180115
0 0 63.658199180115
16 160 63.659540180115
23 230 63.660946180115
31 310 63.662300180115
10 100 63.664995180115
21 210 63.666388180115
5 50 63.667742180115
12 120 70.183946121856
3 30 72.176875662575
11 110 75.664337110436
26 260 75.665691110436
18 180 75.684920110436
37 370 75.686326110436
9 90 75.687732110436
26 261 79.187902833772
29 290 80.655457820099
0 1 80.671774025051
16 161 80.675862826289
29 291 80.679912627527
7 71 80.682594627527
17 171 80.683922627527
17 170 96.655663909856
38 381 96.681844909856
1 10 96.683250909856
14 140 96.686062909856
22 220 96.687481909856
24 240 96.688887909856
1 11 96.690306909856
4 40 96.691660909856
4 41 96.693066909856
35 350 97.190707727804
27 270 97.194925727804
2 20 97.196331727804
3 31 97.199143727804
30 300 101.661386619343
27 271 101.666880619343
14 141 101.669601619343
18 181 101.693022619343
13 130 105.658175720886
35 351 105.662224720886
34 340 105.689668720886
31 311 105.691009720886
12 121 105.692389720886
15 151 111.656982206363
19 190 111.667763000199
8 81 111.671864264811
24 241 111.759703481503
28 280 124.159500880877
28 281 124.160828880877
32 321 124.171816880877
30 301 124.175956880877
19 191 124.196435880877
33 330 124.197763880877
13 131 124.199117880877
20 201 124.25696548028
9 91 124.258511719625
11 111 124.662233083174
0 2 132.258412798826
10 101 138.661013351772
13 132 138.77854156764
36 361 138.785246729634
33 331 138.793371053622
34 341 138.859663166905
4 42 138.866498166905
16 162 140.198701546575
37 371 142.770482810738
23 231 154.185811656603
17 172 163.669760830734
6 61 163.686190830734
6 62 163.687583830734
18 182 163.688937830734
22 221 163.690330830734
33 332 170.665239424905
3 32 170.672109813981
22 222 170.680259813981
20 202 170.684321813981
31 312 172.758173645906
14 142 172.76084280955
37 372 172.855465577184
38 382 173.177060239254
7 72 173.178427239254
12 122 173.179755239254
24 242 173.193230456446
2 21 173.195964510744
2 22 173.200013565042
27 272 173.256885069178
36 360 173.659704998925
34 342 186.193823018706
30 302 191.156766215084
9 92 191.266422771057
11 112 191.267750771057
5 51 198.189938451664
5 52 198.191331451664
23 232 198.195380451664
26 262 198.196786451664
12 123 209.281710026749
29 292 212.656837551076
25 252 212.658191551076
39 391 212.663672551076
25 251 212.665026551076
39 392 212.674686551076
36 362 212.676092551076
5 53 212.678878551076
29 293 212.697013551076
19 192 214.172044587675
10 102 214.173437587675
35 352 214.181665587675
32 323 214.189737587675
16 163 214.196624587675
1 12 214.198030587675
35 353 214.256903583335
2 23 214.258322583335
32 322 220.669326019069
8 82 220.694205019069
8 83 224.167839182501
21 211 224.170508182501
21 212 224.171927182501
15 153 224.180155182501
3 33 225.674585976652
11 113 225.685560976652
30 303 225.695103976652
15 152 228.176580723077
0 3 231.67347705965
1 13 237.680298135126
20 203 237.681717135126
25 253 242.167780648989
28 282 242.171933648989
36 363 242.187035648989
18 183 242.693244384779
4 43 242.696017384779
10 103 242.697345384779
13 133 246.677548262445
17 173 250.657069858716
31 313 250.663865858716
17 174 250.685958858716
39 393 251.267623799954
26 263 251.275812799954
10 104 251.285446799954
28 283 256.155511293722
27 273 256.164212304012
28 284 256.195162351004
37 373 256.261336015489
4 44 271.674931359655
7 73 271.680425359655
9 93 275.182107734479
33 333 275.183487734479
6 63 275.184906734479
32 324 275.186286734479
1 14 275.187653734479
9 94 275.191780734479
31 314 277.672580174315
3 34 277.673947174315
14 143 280.178918547848
34 343 280.182967547848
19 193 280.184386547848
18 184 293.773441162012
25 254 293.774769162012
22 223 293.784377162012
14 144 293.785770162012
8 84 293.788504162012
7 74 293.789910162012
24 244 295.179203352573
11 114 295.189959117131
29 294 295.191313117131
34 344 295.27027569682
24 243 295.276994849183
6 64 295.283648461378
38 384 295.286331025555
23 233 295.297228613741
19 194 300.260394095044
30 304 303.698561551376
16 164 309.170627197838
22 224 309.185664197838
33 334 309.187018197838
5 54 309.188346197838
21 213 309.267275532652
26 264 311.662852037217
36 364 311.684711037217
37 374 311.686104037217
8 85 312.266521344723
14 145 315.193224353537
23 234 317.673539236585
15 154 317.674906236585
35 354 317.676286236585
19 195 317.699460236585
39 394 323.194835375485
1 15 323.270344425781
32 325 324.19409845943
21 214 335.162459082622
10 105 335.169398082622
4 45 335.172145082622
11 115 335.173525082622
24 245 335.179006082622
35 355 340.175362855127
12 124 341.166084775838
27 275 341.197278775838
23 235 341.258539109479
38 383 341.699177734692
20 205 341.756813730149
38 385 341.758232730149
20 204 353.670723102768
21 215 353.760792722755
7 75 354.189004411396
28 285 354.19038456735
30 305 354.255548555788
6 65 359.159606015371
34 345 359.163824015371
0 4 359.165243015371
2 24 359.166623015371
12 125 359.168016015371
27 274 359.172117015371
0 5 359.173510015371
16 165 359.174890015371
18 185 359.176257015371
2 25 359.177624015371
3 35 373.658401115803
3 36 373.662619115803
5 55 374.168696959353
25 255 374.170037959353
26 265 374.171404959353
15 155 374.197429959353
36 365 374.198757959353
29 295 381.178209664813
31 315 381.186411664813
37 375 381.194665664813
33 335 383.163064037105
13 134 383.164444037105
17 175 383.165863037105
21 216 384.758097648643
22 225 384.764893870945
14 146 392.170971699406
39 395 392.179277699406
36 366 392.183339699406
16 166 392.190135699406
1 16 392.191502699406
2 26 392.192830699406
7 76 396.255382706743
4 46 401.69159386212
8 86 401.756982857883
22 226 407.164998981425
5 56 407.181824389206
27 276 407.196615143982
17 176 407.197969143982
9 96 413.17650989338
39 396 413.17792889338
9 95 413.18206889338
29 296 418.678866647339
0 6 418.680272647339
33 336 418.681639647339
28 286 423.174535199359
3 37 425.270717256342
13 136 428.655509675032
10 106 428.656928675032
6 66 428.659740675032
18 186 428.667942675032
13 137 430.27217291454
32 326 437.76540742804
20 206 437.76682642804
31 316 437.77367442804
32 327 437.78188942804
13 135 441.187288599803
25 256 463.171112997293
15 156 463.184860997293
11 116 463.186253997293
23 236 463.190419997293
7 77 463.197371997293
9 97 463.25831199633
11 117 463.25970499633
15 157 463.26239999633
34 346 463.26379299633
1 17 464.65561469212
10 107 464.66977040386
38 386 464.684508993963
30 306 468.665822259014
12 126 468.687811259014
5 57 468.689230259014
17 177 468.690597259014
19 196 468.759641683953
35 356 468.760995683953
35 357 469.667387207145
4 47 469.679664207145
12 127 484.666532035782
31 317 498.666719119357
30 307 498.673489119357
28 287 498.674830119357
2 27 498.677564119357
24 246 498.680363119357
24 247 498.681743119357
19 197 498.689919119357
14 147 498.691260119357
18 187 498.692614119357
21 217 498.765225120069
37 376 498.766592120069
0 7 514.161465493771
20 207 514.169693493771
26 266 514.179314493771
27 277 514.183441493771
16 167 514.184782493771
29 297 514.186175493771
13 138 518.162494983931
24 248 518.163874983931
29 298 529.166557691058
26 268 529.170710691058
28 288 529.174811691058
27 278 529.176191691058
18 188 529.177610691058
0 8 529.181685691058
38 387 532.17159712145
38 388 532.17434412145
31 318 532.17848412145
23 238 532.17987712145
33 337 532.18262412145
16 168 532.18531912145
21 218 532.18811812145
26 267 532.19227112145
14 148 532.19366412145
6 67 536.175270999006
9 98 536.176611999006
15 158 536.178030999006
37 377 536.185060999006
22 227 536.186479999006
22 228 536.187846999006
32 328 536.191999999006
8 88 536.193340999006
12 128 536.198782999006
17 178 536.200175999006
33 338 536.256978997695
2 28 547.66523780268
39 397 547.68330780268
3 38 547.68610680268
5 58 547.68749980268
1 18 547.69028580268
34 348 547.69162680268
20 208 547.69719880268
19 198 547.69856580268
8 87 547.69997180268
23 237 547.756976798435
35 358 547.758395798435
37 378 547.759762798435
30 308 552.176510852719
11 118 555.655379274843
11 119 555.682771274843
16 169 557.355395558077
4 48 578.670936761555
39 398 578.672277761555
0 9 578.679138761555
7 79 578.692899761555
39 399 578.695646761555
21 219 593.69282764714
13 139 593.770725650581
2 29 593.772053650581
28 289 593.778784650581
