15 80 48.159312455362
62 30 70.17179487363
15 30 70.17179487363
53 180 78.769351459017
69 180 78.769351459017
69 240 78.770692459017
14 90 78.772098459017
24 90 78.772098459017
69 90 78.772098459017
69 241 78.774832459017
29 190 80.664919963005
29 191 80.675701541777
75 181 97.163228643308
9 140 102.675306834491
1 140 102.675306834491
96 140 102.675306834491
1 91 102.679407834491
96 91 102.679407834491
30 40 111.661088495896
3 40 111.661088495896
54 41 111.786758887526
35 41 111.786758887526
43 141 124.185092817256
16 141 124.185092817256
80 141 124.185092817256
80 130 124.256835814524
80 131 124.258189814524
45 182 171.185191642253
93 182 171.185191642253
53 231 173.170332270675
6 231 173.170332270675
43 142 200.168403559917
12 142 200.168403559917
30 142 200.168403559917
35 92 200.171085559917
12 92 200.171085559917
30 92 200.171085559917
43 42 200.173819559917
12 42 200.173819559917
30 42 200.173819559917
46 192 210.785596359882
32 192 210.785596359882
69 192 210.785596359882
90 232 210.792418359882
32 232 210.792418359882
69 232 210.792418359882
86 82 232.192119429926
40 82 232.192119429926
32 82 232.192119429926
61 83 234.697304863783
96 83 234.697304863783
97 43 256.189594662858
55 43 256.189594662858
80 43 256.189594662858
39 193 258.67583367015
92 193 258.67583367015
10 193 258.67583367015
32 93 269.167610102832
32 94 269.168977102832
97 44 271.675765119675
55 44 271.675765119675
43 34 285.657001729319
25 233 288.290448512664
90 233 288.290448512664
25 234 288.291828512664
90 234 288.291828512664
65 183 300.172424411814
17 183 300.172424411814
65 184 300.173791411814
17 184 300.173791411814
17 194 300.179324411814
17 244 300.188893411814
52 243 302.6752310499
50 243 302.6752310499
5 143 303.863911917499
8 143 303.863911917499
83 144 303.876305917499
8 144 303.876305917499
58 134 310.286181065004
66 134 310.286181065004
58 133 317.676231882195
66 133 317.676231882195
19 133 317.676231882195
19 145 317.692635882195
23 45 334.682072169757
82 45 334.682072169757
82 235 334.683439169757
10 245 339.27733676634
27 85 361.687619690576
35 85 361.687619690576
7 35 364.166071566926
31 95 377.189027349596
37 95 377.189027349596
94 95 377.189027349596
12 185 381.165200892187
58 185 381.165200892187
45 46 385.677780806826
23 46 385.677780806826
47 96 418.685853615033
22 96 418.685853615033
78 135 462.698067647357
77 135 462.698067647357
1 135 462.698067647357
96 196 464.16615993331
47 196 464.16615993331
97 97 466.986428058604
76 37 479.181240434711
17 37 479.181240434711
31 246 479.184039434711
70 246 479.184039434711
17 246 479.184039434711
14 197 479.186799434711
17 197 479.186799434711
61 186 491.679859821586
19 186 491.679859821586
14 186 491.679859821586
61 187 491.681200821586
19 187 491.681200821586
14 187 491.681200821586
0 47 498.765715708124
36 47 498.765715708124
51 47 498.765715708124
31 247 517.160954541314
94 247 517.160954541314
24 38 520.16577360818
