62 570 53.659753152003
63 570 53.659753152003
65 790 76.65690370443
69 620 78.759600713249
69 530 78.762373713249
24 550 87.661196076962
55 520 87.662537076962
24 520 87.662537076962
24 580 87.663865076962
24 700 87.665271076962
70 590 87.666638076962
24 590 87.666638076962
24 770 87.668018076962
24 560 87.669346076962
56 660 87.670674076962
24 660 87.670674076962
56 730 87.674814076962
24 730 87.674814076962
30 670 101.267114459263
3 670 101.267114459263
67 500 101.271137913899
30 500 101.271137913899
3 500 101.271137913899
74 720 101.356914459784
54 720 101.356914459784
3 720 101.356914459784
42 780 101.35958381929
12 780 101.35958381929
35 780 101.35958381929
3 541 101.36096391058
54 680 101.362292270086
35 680 101.362292270086
72 740 101.366393270086
54 740 101.366393270086
35 740 101.366393270086
75 510 103.656822098355
75 760 105.892310141787
61 760 105.892310141787
69 540 108.17237807406
79 701 121.86515749109
70 601 121.86653749109
79 601 121.86653749109
45 731 122.1800879901
4 731 122.1800879901
80 561 125.672661139409
80 681 125.689325139409
31 501 125.696173139409
80 501 125.696173139409
58 640 125.758475138481
80 640 125.758475138481
80 581 125.759855138481
13 551 125.761196138481
58 551 125.761196138481
80 551 125.761196138481
13 641 125.762576138481
80 641 125.762576138481
93 661 132.782027608114
93 651 132.791739608114
6 521 132.797168608114
93 521 132.797168608114
58 761 139.298610179441
45 531 155.863530124757
17 531 155.863530124757
17 711 159.184584942587
54 711 159.184584942587
93 502 166.792303927187
93 511 166.793683927187
99 562 176.794861310107
99 671 176.797569310107
22 591 177.766794287744
38 591 177.766794287744
20 662 179.260812230333
98 781 179.756952684634
31 781 179.756952684634
51 781 179.756952684634
36 771 179.765038748162
50 771 179.765038748162
51 771 179.765038748162
57 621 182.656818776598
22 741 182.692308776598
38 741 182.692308776598
57 741 182.692308776598
77 721 187.264989844698
66 721 187.264989844698
62 712 207.265118525787
12 742 207.278853525787
81 742 207.278853525787
62 742 207.278853525787
64 652 208.158236379566
64 552 208.159603379566
78 772 208.167714379566
55 772 208.167714379566
64 772 208.167714379566
1 532 208.170409379566
34 532 208.170409379566
64 532 208.170409379566
53 722 208.174497379566
34 722 208.174497379566
64 722 208.174497379566
72 612 208.177257379566
64 612 208.177257379566
95 592 208.180030379566
40 592 208.180030379566
64 592 208.180030379566
69 732 211.273531647287
69 582 211.274885647287
40 602 218.199367103684
77 782 218.263854390819
60 782 218.263854390819
40 782 218.263854390819
30 682 218.269439390819
40 682 218.269439390819
8 522 218.688468607868
86 522 218.688468607868
41 522 218.688468607868
61 702 234.673032506261
73 702 234.673032506261
73 583 234.674412506261
42 792 234.685193494837
73 792 234.685193494837
88 513 245.68451084874
88 623 245.68724484874
56 673 248.173903765217
82 632 249.183134564437
27 632 249.183134564437
27 503 249.191969958408
95 603 251.358257915619
29 603 251.358257915619
92 523 251.359650915619
75 523 251.359650915619
29 523 251.359650915619
92 553 251.360991915619
75 553 251.360991915619
29 553 251.360991915619
10 752 253.771078249544
10 753 253.773877249544
26 631 262.172502245828
98 631 262.172502245828
40 631 262.172502245828
98 663 262.176512245828
40 663 262.176512245828
66 762 262.177866245828
98 762 262.177866245828
40 762 262.177866245828
98 643 262.179285245828
40 643 262.179285245828
40 763 262.184753245828
76 633 262.186133245828
40 633 262.186133245828
55 593 263.177969090298
80 593 263.177969090298
28 593 263.177969090298
80 672 269.677354787554
50 672 269.677354787554
55 672 269.677354787554
9 613 284.75685886324
32 613 284.75685886324
3 713 289.170050562178
79 713 289.170050562178
51 653 293.658358519315
65 533 293.659686519315
51 533 293.659686519315
65 723 293.661079519315
51 723 293.661079519315
51 773 293.663865519315
95 683 293.665284519315
51 683 293.665284519315
67 783 293.672327519315
51 783 293.672327519315
51 674 293.673655519315
19 573 296.172257573857
6 573 296.172257573857
64 573 296.172257573857
19 693 296.173676573857
6 693 296.173676573857
64 693 296.173676573857
64 564 296.191655573857
90 774 296.69711755901
84 504 299.291613808221
50 524 299.293032808221
84 524 299.293032808221
82 784 300.683994705771
96 764 300.692300705771
82 764 300.692300705771
86 724 309.868985405781
19 724 309.868985405781
52 684 312.177328260653
66 584 312.256708441554
39 534 321.269290751305
70 534 321.269290751305
39 594 321.270618751305
70 594 321.270618751305
92 664 325.265113559924
4 624 328.259769273357
95 624 328.259769273357
10 624 328.259769273357
81 543 337.161092855734
3 714 337.176488928737
81 714 337.176488928737
82 714 337.176488928737
35 694 343.268390615293
97 734 343.293048615293
35 734 343.293048615293
95 654 343.358371610775
35 654 343.358371610775
95 574 343.361092610775
35 574 343.361092610775
59 544 343.374684610775
35 544 343.374684610775
35 595 343.376051610775
28 744 351.672128533519
74 604 351.674862533519
28 604 351.674862533519
64 614 355.689209244925
7 614 355.689209244925
89 615 380.168913476564
3 615 380.168913476564
3 634 380.177011476564
3 755 380.193389476564
72 565 380.194782476564
75 565 380.194782476564
3 565 380.194782476564
75 675 380.196123476564
3 675 380.196123476564
75 705 380.197490476564
3 705 380.197490476564
70 795 380.198909476564
75 795 380.198909476564
3 795 380.198909476564
57 754 384.672298360669
94 754 384.672298360669
57 535 384.673626360669
94 535 384.673626360669
94 775 384.674954360669
70 725 384.687465360669
94 725 384.687465360669
79 625 384.691527360669
70 625 384.691527360669
94 625 384.691527360669
56 735 384.696995360669
94 735 384.696995360669
82 765 384.76367936114
94 765 384.76367936114
8 655 386.19599707277
8 585 386.19733807277
52 785 392.162410283606
52 575 392.169271283606
36 545 397.759322980434
36 685 397.760650980434
91 695 397.762069980434
36 695 397.762069980434
98 605 398.282970553571
60 715 398.288490553571
98 715 398.288490553571
71 555 398.289883553571
60 555 398.289883553571
98 555 398.289883553571
93 635 403.696588830247
81 635 403.696588830247
59 635 403.696588830247
1 676 419.776006359636
35 665 425.15831005757
13 665 425.15831005757
66 645 425.15965105757
35 645 425.15965105757
13 645 425.15965105757
85 506 434.96111480494
77 506 434.96111480494
85 505 435.163748796815
78 505 435.163748796815
78 576 435.167914796815
8 566 435.184539796815
78 566 435.184539796815
78 776 435.187234796815
78 646 435.194030796815
89 515 435.263735792999
25 515 435.263735792999
78 515 435.263735792999
89 516 455.159939410967
68 706 474.158167385904
37 636 474.170779853431
68 636 474.170779853431
96 666 483.166790896528
35 736 483.198400896528
96 736 483.198400896528
35 726 483.199793896528
96 726 483.199793896528
42 766 485.872958497067
95 766 485.872958497067
14 766 485.872958497067
42 626 485.880338542983
95 626 485.880338542983
14 626 485.880338542983
14 707 485.888411357083
70 557 485.892603357083
14 557 485.892603357083
72 587 498.167732893667
72 737 498.169086893667
95 556 498.175934893667
72 556 498.175934893667
95 797 498.182769893667
72 797 498.182769893667
95 616 498.184123893667
72 616 498.184123893667
95 617 498.185516893667
72 617 498.185516893667
31 536 498.188198893667
55 536 498.188198893667
72 536 498.188198893667
29 796 498.189526893667
55 796 498.189526893667
72 796 498.189526893667
79 696 498.193575893667
31 696 498.193575893667
72 696 498.193575893667
7 716 499.168105267638
7 607 499.169511267638
92 537 509.175099696587
53 657 509.176453696587
92 657 509.176453696587
72 746 513.194161975008
73 746 513.194161975008
94 547 518.175029333826
1 777 529.775114067725
35 777 529.775114067725
24 777 529.775114067725
23 577 543.176388747625
71 577 543.176388747625
7 577 543.176388747625
7 718 543.177768747625
7 558 543.180515747625
99 527 543.181934747625
7 527 543.181934747625
58 677 543.183301747625
99 677 543.183301747625
7 677 543.183301747625
11 567 543.184642747625
7 567 543.184642747625
66 757 549.681890899385
87 627 549.692865899385
66 627 549.692865899385
66 697 549.695560899385
69 637 549.696966899385
66 637 549.696966899385
69 656 549.698385899385
66 656 549.698385899385
66 698 549.756891895692
3 647 549.759677895692
65 647 549.759677895692
66 647 549.759677895692
66 658 549.761005895692
87 518 549.762385895692
66 518 549.762385895692
60 538 549.765093895692
87 538 549.765093895692
66 538 549.765093895692
66 578 549.773321895692
57 628 549.776016895692
66 628 549.776016895692
1 787 549.777357895692
57 787 549.777357895692
66 787 549.777357895692
1 648 549.778711895692
57 648 549.778711895692
66 648 549.778711895692
1 788 553.281330972886
66 788 553.281330972886
86 788 553.281330972886
94 568 554.980454555737
22 767 554.981795555737
56 767 554.981795555737
94 767 554.981795555737
56 728 554.988682555737
94 728 554.988682555737
2 747 554.992757555737
94 747 554.992757555737
74 597 554.994124555737
2 597 554.994124555737
94 597 554.994124555737
5 638 563.667433894465
39 638 563.667433894465
39 708 563.668813894465
39 608 563.692221894465
60 748 563.694942894465
39 748 563.694942894465
39 548 563.697650894465
68 528 563.756956889939
54 528 563.756956889939
39 528 563.756956889939
54 688 563.758375889939
39 688 563.758375889939
54 678 574.359747576472
60 678 574.359747576472
68 738 574.361166576472
54 738 574.361166576472
60 738 574.361166576472
21 588 574.362520576472
60 588 574.362520576472
58 798 574.363939576472
21 798 574.363939576472
60 798 574.363939576472
16 717 576.164048873406
90 717 576.164048873406
9 717 576.164048873406
