60 850 74.156940175287
85 710 74.160976175287
60 710 74.160976175287
65 790 76.657026682814
65 870 76.658406682814
69 620 78.756812707668
53 780 83.15779456102
53 840 83.16183056102
96 830 92.356711458532
96 860 92.359471458532
30 810 100.777707819021
12 810 100.777707819021
69 810 100.777707819021
56 730 100.779074819021
12 730 100.779074819021
69 730 100.779074819021
42 800 100.780467819021
30 800 100.780467819021
69 800 100.780467819021
0 770 100.783227819021
69 770 100.783227819021
33 890 100.784607819021
0 890 100.784607819021
69 890 100.784607819021
33 980 100.785935819021
0 980 100.785935819021
69 980 100.785935819021
3 700 101.261748981207
30 670 101.267191435843
3 670 101.267191435843
73 660 101.273949345115
56 660 101.273949345115
3 660 101.273949345115
56 820 101.275290345115
3 820 101.275290345115
35 691 101.298518075232
75 760 103.665135181704
70 750 121.86107021037
79 750 121.86107021037
11 880 121.86515821037
70 880 121.86515821037
79 880 121.86515821037
79 701 121.86649921037
79 881 121.86785321037
0 680 122.158274682978
0 720 122.159641682978
72 740 122.160995682978
0 740 122.160995682978
0 681 122.177907482902
0 801 122.187502482902
0 871 122.258265679639
69 791 122.789737844221
45 990 124.185829572819
4 990 124.185829572819
45 731 124.187248572819
4 731 124.187248572819
13 641 125.255606223644
58 641 125.255606223644
16 641 125.255606223644
58 971 125.256960223644
16 971 125.256960223644
93 651 134.66478008115
93 991 134.67985608115
97 640 136.656884419488
5 631 136.684419419488
97 631 136.684419419488
5 831 136.687140419488
97 831 136.687140419488
36 771 136.688507419488
5 771 136.688507419488
97 771 136.688507419488
97 761 136.699391419488
91 781 136.755543415282
76 781 136.755543415282
97 781 136.755543415282
91 891 136.758277415282
76 891 136.758277415282
97 891 136.758277415282
7 821 136.765112415282
36 821 136.765112415282
97 821 136.765112415282
17 711 145.670390880143
48 961 164.662598951132
91 841 167.678757738872
71 841 167.678757738872
51 841 167.678757738872
31 981 167.684277738872
51 981 167.684277738872
44 811 167.77311373458
97 811 167.77311373458
51 811 167.77311373458
7 721 173.267705911609
33 721 173.267705911609
6 721 173.267705911609
46 851 173.270439911609
33 851 173.270439911609
6 851 173.270439911609
33 661 173.271819911609
6 661 173.271819911609
59 741 173.274605911609
20 741 173.274605911609
6 741 173.274605911609
99 671 181.684287992801
41 601 181.689742992801
99 601 181.689742992801
43 602 181.696577992801
99 602 181.696577992801
66 952 187.27041207149
66 882 187.28002007149
96 732 196.371011819187
69 732 196.371011819187
69 702 196.372391819187
61 752 196.384603819187
22 752 196.384603819187
69 752 196.384603819187
62 712 207.263842217331
71 682 207.265183217331
62 682 207.265183217331
62 812 207.266524217331
12 742 207.267852217331
62 742 207.267852217331
90 842 207.269219217331
12 842 207.269219217331
62 842 207.269219217331
90 852 207.270560217331
12 852 207.270560217331
62 852 207.270560217331
5 832 207.271927217331
81 832 207.271927217331
62 832 207.271927217331
84 982 207.289737217331
62 982 207.289737217331
43 802 207.292510217331
84 802 207.292510217331
62 802 207.292510217331
21 692 207.296663217331
50 692 207.296663217331
62 692 207.296663217331
53 792 208.168024636385
34 792 208.168024636385
64 792 208.168024636385
53 862 208.169443636385
34 862 208.169443636385
64 862 208.169443636385
64 722 208.185886636385
72 612 208.187279636385
64 612 208.187279636385
5 892 216.673297330935
81 892 216.673297330935
46 822 231.263436061504
32 632 231.264790061504
46 632 231.264790061504
77 782 231.797641921741
60 782 231.797641921741
15 782 231.797641921741
15 603 231.855630436839
11 772 231.857023436839
41 772 231.857023436839
15 772 231.857023436839
40 951 234.777996109407
41 951 234.777996109407
32 951 234.777996109407
76 872 239.255379090073
3 872 239.255379090073
3 693 239.273085090073
39 762 241.680649667689
28 762 241.680649667689
27 762 241.680649667689
27 963 241.689085667689
88 623 242.196989935873
75 953 247.695595386036
92 652 247.698407386036
75 652 247.698407386036
75 773 255.284498816308
29 773 255.284498816308
56 673 256.662321345065
78 683 256.670627345065
56 683 256.670627345065
28 803 260.188662413353
80 763 260.190003413353
28 763 260.190003413353
56 783 260.263761011055
28 783 260.263761011055
82 972 263.26661201137
80 972 263.26661201137
80 843 263.29689401137
84 613 263.29964101137
80 613 263.29964101137
43 713 263.355661087167
84 713 263.355661087167
80 713 263.355661087167
84 983 263.357054087167
80 983 263.357054087167
98 643 263.358408087167
84 643 263.358408087167
80 643 263.358408087167
36 633 269.183752216907
76 633 269.183752216907
32 633 269.183752216907
10 753 269.198997216907
32 753 269.198997216907
34 993 286.76520417165
50 993 286.76520417165
9 993 286.76520417165
73 684 286.76797717165
50 684 286.76797717165
9 684 286.76797717165
50 734 286.76939617165
9 734 286.76939617165
50 674 286.77081517165
9 674 286.77081517165
51 653 299.667912635652
65 723 299.669279635652
51 723 299.669279635652
13 833 302.959764938716
14 833 302.959764938716
13 853 302.961170938716
14 853 302.961170938716
82 663 305.156952371805
83 664 305.666206350398
78 634 305.671674350398
83 634 305.671674350398
83 784 305.673067350398
5 854 305.683886350398
83 854 305.683886350398
96 764 305.699027350398
66 764 305.699027350398
83 764 305.699027350398
66 964 305.755500615578
83 964 305.755500615578
8 824 307.690073706691
19 774 309.193571661626
19 863 309.196254399456
92 714 309.774465184979
14 714 309.774465184979
17 714 309.774465184979
85 614 310.370639792691
42 614 310.370639792691
92 614 310.370639792691
25 864 324.180888097259
76 864 324.180888097259
81 703 330.659627301433
1 794 331.688564590736
53 794 331.688564590736
10 794 331.688564590736
98 874 331.689944590736
53 874 331.689944590736
10 874 331.689944590736
53 984 331.691272590736
10 984 331.691272590736
23 654 335.195384429231
53 654 335.195384429231
98 654 335.195384429231
98 954 335.259527926976
93 884 335.262261926976
95 884 335.262261926976
98 884 335.262261926976
28 744 346.963313037772
74 604 346.964706037772
28 604 346.964706037772
3 893 351.661641433865
27 893 351.661641433865
3 894 351.662982433865
27 894 351.662982433865
4 624 351.686273433865
27 624 351.686273433865
6 805 351.757065436971
27 805 351.757065436971
30 804 357.686168264862
7 804 357.686168264862
74 804 357.686168264862
89 615 366.256759229103
3 615 366.256759229103
35 694 366.274764229103
3 694 366.274764229103
15 973 368.190057259146
38 973 368.190057259146
80 973 368.190057259146
15 974 368.191411259146
38 974 368.191411259146
80 974 368.191411259146
31 625 368.196931259146
21 625 368.196931259146
80 625 368.196931259146
80 815 368.198259259146
3 895 371.699502934884
7 895 371.699502934884
12 994 382.193428615432
58 994 382.193428615432
21 994 382.193428615432
12 655 382.194769615432
58 655 382.194769615432
21 655 382.194769615432
58 835 382.197451615432
21 835 382.197451615432
45 605 382.259729611114
42 605 382.259729611114
21 605 382.259729611114
52 845 390.968305135265
59 725 390.989943499789
52 725 390.989943499789
85 775 390.998067621297
59 775 390.998067621297
52 775 390.998067621297
43 735 391.058374431111
59 735 391.058374431111
52 735 391.058374431111
43 795 391.061043509371
59 795 391.061043509371
52 795 391.061043509371
43 705 391.065092587631
59 705 391.065092587631
52 705 391.065092587631
84 785 391.169976123622
94 675 391.191965123622
84 675 391.191965123622
94 855 391.196118123622
84 855 391.196118123622
60 715 391.28031802913
98 715 391.28031802913
84 715 391.28031802913
36 685 393.663577674972
47 765 393.669097674972
37 765 393.669097674972
36 765 393.669097674972
28 754 393.673159674972
36 754 393.673159674972
28 755 393.677351674972
36 755 393.677351674972
75 704 393.681478674972
28 704 393.681478674972
36 704 393.681478674972
75 825 393.682845674972
28 825 393.682845674972
36 825 393.682845674972
49 955 393.696632674972
36 955 393.696632674972
54 695 393.777555141413
36 695 393.777555141413
54 885 393.780328141413
36 885 393.780328141413
25 865 401.188807976546
30 865 401.188807976546
59 865 401.188807976546
93 645 401.259826972517
59 645 401.259826972517
93 635 401.261206972517
59 635 401.261206972517
63 665 401.262547972517
93 665 401.262547972517
59 665 401.262547972517
85 975 435.163907194498
78 975 435.163907194498
90 646 435.190218194498
78 646 435.190218194498
93 986 435.199878194498
78 986 435.199878194498
78 876 435.259819190682
57 896 435.266784190682
78 896 435.266784190682
89 806 435.268112190682
57 806 435.268112190682
78 806 435.268112190682
89 866 435.269453190682
57 866 435.269453190682
78 866 435.269453190682
56 976 435.270820190682
78 976 435.270820190682
32 995 445.663840146706
15 956 462.678895210583
89 956 462.678895210583
97 875 466.67046335106
33 766 466.67870435106
43 766 466.67870435106
97 766 466.67870435106
40 686 466.68563035106
97 686 466.68563035106
14 826 471.294036954422
17 826 471.294036954422
68 856 474.157856319972
91 636 474.1822558703
68 636 474.1822558703
18 616 485.295189971553
14 616 485.295189971553
3 627 485.362604967665
95 627 485.362604967665
14 627 485.362604967665
14 706 485.364010967665
51 716 485.756735756313
35 666 485.758141756313
51 666 485.758141756313
35 966 485.759560756313
51 966 485.759560756313
51 736 485.769064756313
36 836 485.773230756313
51 836 485.773230756313
36 726 485.774584756313
51 726 485.774584756313
88 965 485.784218756313
0 965 485.784218756313
51 965 485.784218756313
12 796 493.284423332341
33 796 493.284423332341
7 796 493.284423332341
76 637 493.291206791729
33 637 493.291206791729
7 637 493.291206791729
7 847 493.297938251117
49 996 498.170223465709
48 996 498.170223465709
72 996 498.170223465709
48 756 498.171564465709
72 756 498.171564465709
72 737 498.172957465709
79 696 498.178477465709
72 696 498.178477465709
72 797 498.185221465709
79 827 498.186627465709
72 827 498.186627465709
82 747 498.188007465709
79 747 498.188007465709
72 747 498.188007465709
79 617 498.189361465709
72 617 498.189361465709
79 787 498.190754465709
72 787 498.190754465709
72 957 498.199008465709
40 967 498.259547461744
72 967 498.259547461744
45 657 511.166881947255
92 657 511.166881947255
94 667 517.158068111188
88 746 520.661040242119
73 746 520.661040242119
24 626 529.165793579817
24 857 529.174008579817
7 837 537.266859395892
7 717 537.281870395892
71 677 537.284669395892
7 677 537.284669395892
71 867 537.286075395892
7 867 537.286075395892
16 807 537.287416395892
71 807 537.287416395892
7 807 537.287416395892
67 887 537.290202395892
99 887 537.290202395892
7 887 537.290202395892
99 678 537.291543395892
7 678 537.291543395892
67 688 537.292871395892
99 688 537.292871395892
7 688 537.292871395892
31 656 537.294199395892
99 656 537.294199395892
7 656 537.294199395892
90 718 537.295540395892
99 718 537.295540395892
7 718 537.295540395892
90 798 537.296959395892
99 798 537.296959395892
7 798 537.296959395892
48 727 537.355404391371
86 727 537.355404391371
7 727 537.355404391371
7 868 537.358138391371
15 607 537.359518391371
11 607 537.359518391371
7 607 537.359518391371
11 977 537.362213391371
7 977 537.362213391371
7 978 537.363593391371
52 888 539.365165368676
77 697 543.283590869997
35 697 543.283590869997
66 697 543.283590869997
66 698 543.290529869997
8 767 543.291857869997
66 767 543.291857869997
53 647 543.293198869997
8 647 543.293198869997
66 647 543.293198869997
65 897 543.297312869997
66 897 543.297312869997
66 658 543.298666869997
3 648 543.355479397232
65 648 543.355479397232
66 648 543.355479397232
52 886 549.262405028101
86 886 549.262405028101
54 997 553.189374151018
90 997 553.189374151018
11 997 553.189374151018
90 998 566.989489436661
39 748 572.659065098915
51 668 572.661812098915
39 668 572.661812098915
5 799 605.369267215398
5 999 605.374722215398
5 829 605.376128215398
31 649 605.380255215398
82 649 605.380255215398
5 649 605.380255215398
