61 610 52.755650967323
63 630 53.655631949011
71 710 57.655369076389
95 950 69.955572260121
60 600 74.155374983197
85 850 74.156715983197
65 650 76.655690698232
79 790 76.657044698232
87 870 76.658450698232
69 690 78.755439110617
62 620 78.756819110617
78 780 83.161343390936
84 840 83.165535390936
92 920 83.166928390936
86 860 85.667265655229
96 960 85.670077655229
73 730 85.671457655229
66 660 85.672863655229
83 830 92.357039831513
82 820 92.369407831513
89 890 100.77886022197
98 980 100.78025322197
70 700 103.656735861922
77 770 103.658128861922
81 810 103.659508861922
76 760 103.665041861922
90 900 103.671772861922
75 751 103.673165861922
61 611 112.755638297116
79 791 121.855631315523
75 750 121.860982315523
94 940 121.863729315523
88 880 121.865109315523
70 701 121.866489315523
88 881 121.867869315523
68 680 122.158811858114
72 720 122.16345025356
74 740 122.166180940403
68 681 122.171830940403
80 800 122.178717940403
91 910 122.181438940403
80 801 122.184198940403
99 990 124.196392905496
73 731 131.267832394351
86 861 131.269160394351
76 761 132.689334266345
91 911 132.690675266345
89 891 132.692016266345
77 771 132.697497266345
63 631 132.698851266345
83 831 132.755514619947
72 721 132.756855619947
93 930 134.656013763872
93 931 134.666198042078
65 651 134.667617042078
99 991 134.680089042078
97 970 136.655492448028
64 640 136.656833448028
97 971 136.665009448028
87 871 136.674643448028
69 691 141.269126496976
71 711 145.668221335745
90 901 145.669614335745
84 841 145.679235335745
67 670 145.684664335745
96 961 164.663063540596
74 741 168.673064278151
82 821 168.756835274428
85 851 168.758228274428
66 661 168.759595274428
94 941 168.760975274428
64 641 168.762342274428
67 671 168.763709274428
78 781 177.176437965185
92 921 177.179223965185
98 981 177.180590965185
66 662 187.265001492893
95 951 187.283136492893
88 882 187.291247492893
80 802 188.874584675243
62 621 207.255604153333
62 622 207.256984153333
81 811 207.261150153333
71 712 207.263988153333
68 682 207.266787153333
81 812 207.268167153333
84 842 207.269586153333
89 892 207.270992153333
74 742 207.292799153333
85 852 207.294166153333
97 972 207.295520153333
60 601 207.356971148883
83 832 207.358364148883
90 902 207.359770148883
98 982 207.363910148883
64 642 208.162393694288
65 652 208.163799694288
78 782 208.169267694288
95 952 208.173394694288
72 722 208.174735694288
86 862 208.176128694288
61 612 208.181531694288
75 752 208.189772694288
69 692 208.670167937403
70 702 208.672927937403
63 632 209.280938838987
67 672 209.759723194816
82 822 216.679776148539
96 962 218.359747949183
73 732 218.397020949183
91 912 218.398439949183
76 762 219.681435144584
60 603 219.695053144584
73 733 234.677309205945
74 743 235.172133864351
77 772 236.963657769948
60 602 236.977418769948
96 963 240.394208993751
92 922 240.463757998292
79 792 240.797363608545
88 883 242.179037890628
62 623 242.195714890628
92 923 247.764860061749
94 942 253.766703555366
93 932 254.859059445619
91 913 254.893455445619
67 673 254.894848445619
84 843 262.171257121228
61 613 262.176738121228
80 803 262.189093121228
98 983 262.190512121228
64 643 262.191866121228
76 763 268.674887684214
63 633 277.291900284221
87 872 277.355590796279
77 773 277.459820289792
71 713 277.462593289792
67 674 286.700078512036
79 793 291.667675341278
79 794 291.695106341278
68 683 300.25941631363
78 783 300.263440067512
90 903 300.275654329158
75 753 300.276995329158
65 653 300.762182694089
89 893 300.767689694089
84 844 300.774667694089
71 714 302.979540148617
92 924 302.980946148617
80 804 303.055462147868
94 943 303.056790147868
72 723 303.060930147868
63 634 303.065109147868
78 784 303.069236147868
82 824 303.070616147868
83 834 303.071996147868
96 964 303.073337147868
82 823 305.155432909205
66 663 305.156851909205
83 833 305.65563178369
85 853 305.65698578369
66 664 305.66378178369
85 854 305.68830978369
87 873 305.69513178369
69 693 305.69785278369
76 764 305.69921978369
86 863 309.194606030787
86 864 309.274333069464
77 774 316.277247452089
69 694 316.281361452089
61 614 316.284095452089
93 933 324.177903910011
81 813 330.655440633807
70 703 330.658213633807
81 814 330.660947633807
93 934 330.755401632902
91 914 330.756781632902
98 984 335.162446168147
65 654 335.193887168147
70 704 335.195254168147
94 944 335.255624163698
68 684 353.666758347823
73 734 353.668164347823
97 974 353.669544347823
88 884 353.698433347823
72 724 353.757024348158
74 744 356.366078848421
60 604 356.367419848421
90 904 356.370127848421
98 985 357.183476942262
64 644 357.770922139764
74 745 357.779163139764
70 705 357.862486811737
62 624 382.164357768375
80 805 382.173939768375
83 835 382.175293768375
61 615 382.176660768375
93 935 382.177988768375
69 695 382.184732768375
81 815 384.655453692063
89 894 384.664820897145
62 625 384.690484131581
97 973 384.756888686856
89 895 387.287561786172
78 785 390.995915534862
84 845 390.997308534862
68 685 393.169311500269
67 675 393.172045500269
85 855 393.173464500269
76 765 393.174844500269
73 735 393.181718500269
72 725 393.183059500269
75 754 393.191326500269
77 775 393.192654500269
79 795 393.195427500269
90 905 397.168148115925
60 605 407.768783834731
94 945 407.779616272222
87 874 407.784980413838
64 645 407.869013061842
71 715 408.775350011121
60 606 408.858135015173
88 885 410.162415585693
75 755 423.658310857741
87 875 432.66176943784
83 836 432.68090743784
67 676 433.763616037421
77 776 434.96100970938
97 975 434.97475770938
63 635 434.97884570938
66 665 434.98023870938
96 965 434.98440470938
64 646 434.98713870938
81 816 434.98985970938
86 865 434.99125270938
87 876 434.99409070938
93 936 434.99679870938
78 786 434.99821770938
89 896 435.193023906756
86 866 435.195796906756
98 986 435.26785890294
70 706 435.27060590294
82 825 441.68792627488
74 746 441.69461827488
97 976 462.678845964973
91 915 462.680186964973
84 846 462.684378964973
84 847 463.369248869751
68 686 474.15598840754
91 916 474.15740740754
85 856 474.15876140754
71 716 474.162849469327
88 886 474.259461667133
72 726 475.297242633299
62 627 485.188675346303
82 826 485.282931181454
65 656 485.289662181454
76 766 485.293828181454
62 626 485.295247181454
70 707 485.299387181454
77 777 485.371062995288
68 687 485.380696995288
96 966 489.167749943096
66 666 489.169103943096
73 736 489.171785943096
96 967 489.175925943096
90 906 489.188384943096
63 637 496.259470911083
76 767 496.260876911083
65 655 496.263610911083
63 636 496.269013911083
72 727 498.167884866277
61 616 498.169303866277
73 737 498.170683866277
69 696 498.172037866277
79 797 498.176073866277
61 617 498.177479866277
79 796 498.178807866277
78 787 498.180226866277
88 887 498.181567866277
67 677 498.182895866277
92 926 508.255647501043
92 927 508.258407501043
65 657 508.273613501043
85 857 529.175047908176
87 877 529.186815768114
64 647 529.188143768114
90 907 529.192244768114
66 667 543.25540682314
75 757 543.25674782314
81 817 544.978284570645
71 717 544.979651570645
71 718 544.981018570645
86 868 544.982359570645
66 668 544.987788570645
69 698 544.991941570645
69 697 544.993321570645
89 897 544.994714570645
65 658 544.996094570645
62 628 544.997487570645
91 918 544.998880570645
86 867 549.258328288518
82 827 549.276242288518
60 607 553.159576904783
97 977 553.164980508967
97 978 554.676166338761
63 638 554.782179845554
74 747 554.783533845554
74 748 554.786267845554
70 708 554.789014845554
80 808 554.790381845554
92 928 559.183470963024
68 688 564.685864226125
88 888 568.674505050707
73 738 568.675872050707
67 678 568.677252050707
80 807 568.681366050707
60 608 568.697705050707
90 908 568.763648046687
79 798 568.765028046687
60 609 573.385695971563
