53 840 86.160429335101
96 830 92.356982459978
96 860 92.358323459978
33 890 128.162459924018
0 890 128.162459924018
80 890 128.162459924018
79 880 132.161244591846
93 850 134.657419993892
7 851 136.698552221469
83 851 136.698552221469
13 851 136.698552221469
5 831 136.755505202033
13 831 136.755505202033
83 821 136.756846202033
36 821 136.756846202033
13 821 136.756846202033
44 810 158.376746014769
17 810 158.376746014769
44 811 158.378165014769
17 811 158.378165014769
27 871 173.672060459349
4 871 173.672060459349
38 871 173.672060459349
85 820 173.689385537544
22 820 173.689385537544
6 820 173.689385537544
51 881 180.684785767807
66 882 180.691672767807
51 882 180.691672767807
11 802 191.685058921892
67 802 191.685058921892
1 861 202.664873271741
54 861 202.664873271741
64 861 202.664873271741
52 862 202.671682271741
64 862 202.671682271741
81 841 216.658250612083
84 891 216.664956566585
81 891 216.664956566585
81 842 216.679749091655
84 852 216.694502641628
62 852 216.694502641628
7 832 221.670261030572
84 832 221.670261030572
12 832 221.670261030572
74 892 240.18133318969
27 822 262.174408716499
28 822 262.174408716499
75 843 267.197584302011
32 843 267.197584302011
34 893 287.685348080546
65 893 287.685348080546
64 893 287.685348080546
58 834 304.686439606622
66 834 304.686439606622
51 834 304.686439606622
83 853 305.656773684475
96 872 305.689283915723
83 872 305.689283915723
96 873 305.690663915723
83 873 305.690663915723
20 844 308.174451670812
50 844 308.174451670812
81 894 330.660906582581
24 864 348.194652060343
35 864 348.194652060343
43 884 348.263690372618
35 884 348.263690372618
26 874 348.266463372618
21 874 348.266463372618
35 874 348.266463372618
42 854 350.170818068177
66 854 350.170818068177
28 854 350.170818068177
80 815 368.179033109231
3 895 370.680479235392
10 863 373.270049516131
7 863 373.270049516131
75 825 375.274381532271
42 805 379.682331508895
29 805 379.682331508895
21 805 379.682331508895
46 885 393.664629807239
36 885 393.664629807239
49 855 393.668678807239
36 855 393.668678807239
22 835 415.685952297034
78 875 436.161124034767
25 865 436.162530034767
87 865 436.162530034767
78 865 436.162530034767
78 876 436.166670034767
78 896 436.174911034767
89 806 436.176265034767
78 806 436.176265034767
84 836 458.66636242583
80 816 458.67050242583
84 816 458.67050242583
84 866 458.67319742583
72 886 459.165112290641
47 886 459.165112290641
19 827 485.177067712719
14 827 485.177067712719
17 856 485.191598919264
7 847 499.669457987665
79 826 503.163631871471
72 826 503.163631871471
24 857 525.183433111553
52 887 546.167790941934
52 867 546.181256206646
0 817 546.182584206646
52 817 546.182584206646
52 888 546.189420022824
66 877 547.198190117264
55 877 547.198190117264
11 837 568.679213871086
97 837 568.679213871086
67 837 568.679213871086
63 897 591.976753699435
21 897 591.976753699435
0 858 591.979448699435
63 858 591.979448699435
21 858 591.979448699435
21 898 591.982169699435
34 828 597.162904281025
93 828 597.162904281025
25 848 597.164271281025
93 848 597.164271281025
74 878 597.183474281025
24 878 597.183474281025
93 878 597.183474281025
