25 620 56.663720179107
60 310 74.156729197066
26 650 79.156927204294
26 790 79.158346204294
53 780 83.161032860597
53 370 83.165016860597
37 320 83.169039860597
53 320 83.169039860597
3 700 101.258058389164
70 300 101.259451389164
3 300 101.259451389164
70 330 101.260844389164
3 330 101.260844389164
70 350 101.262198389164
3 350 101.262198389164
30 670 101.266325389164
3 670 101.266325389164
3 770 101.269072389164
73 660 101.270426389164
56 660 101.270426389164
3 660 101.270426389164
47 730 101.271806389164
56 730 101.271806389164
3 730 101.271806389164
3 301 101.273160389164
3 351 101.275972389164
61 750 105.891121398048
75 760 105.892488398048
61 760 105.892488398048
61 751 105.893881398048
12 681 116.762342912095
69 681 116.762342912095
79 701 121.866493919505
70 601 121.867886919505
79 601 121.867886919505
4 720 123.676773851431
4 740 123.678166851431
52 311 123.682267851431
4 311 123.682267851431
68 340 124.162965943212
80 340 124.162965943212
54 680 124.166988943212
80 680 124.166988943212
5 771 125.687233766714
58 771 125.687233766714
16 771 125.687233766714
13 640 142.163309798866
13 641 142.170001996614
14 631 142.179441194362
13 631 142.179441194362
13 761 142.191627589858
13 360 142.255381319014
13 361 142.256722319014
5 331 142.25959643467
58 331 142.25959643467
97 331 142.25959643467
83 721 142.265204719235
36 721 142.265204719235
13 721 142.265204719235
7 381 142.276024010691
36 381 142.276024010691
13 381 142.276024010691
57 371 164.663048187792
48 371 164.663048187792
22 741 167.16923377044
38 741 167.16923377044
29 710 167.174597943803
88 710 167.174597943803
85 661 167.17593929599
38 661 167.17593929599
85 341 167.19880444929
0 341 167.19880444929
38 341 167.19880444929
91 781 167.25731692114
88 781 167.25731692114
90 711 170.159245558398
51 711 170.159245558398
66 731 187.25835725786
66 342 187.276245252401
60 352 188.674316189063
27 352 188.674316189063
99 352 188.674316189063
27 602 188.675696189063
99 602 188.675696189063
60 362 188.677102189063
27 362 188.677102189063
99 362 188.677102189063
99 671 188.678456189063
64 651 208.156777687029
64 722 208.165096687029
32 632 211.687075142427
46 632 211.687075142427
29 622 212.663754666209
12 742 212.672086666209
29 742 212.672086666209
12 372 212.673479666209
29 372 212.673479666209
29 672 212.694036666209
41 392 216.673832601409
19 762 216.755528596889
41 762 216.755528596889
78 652 216.773107924449
2 652 216.773107924449
41 652 216.773107924449
41 682 216.795962747679
68 302 216.800038579569
41 302 216.800038579569
41 303 216.859513405761
13 732 230.673687655534
96 732 230.673687655534
8 702 230.683295655534
96 702 230.683295655534
70 612 230.684701655534
8 612 230.684701655534
96 612 230.684701655534
77 782 232.672450832527
11 782 232.672450832527
15 782 232.672450832527
39 321 236.690661058984
92 321 236.690661058984
88 321 236.690661058984
2 772 236.693408058984
92 772 236.693408058984
88 772 236.693408058984
92 383 236.694762058984
88 383 236.694762058984
92 623 236.696129058984
88 623 236.696129058984
42 792 236.995340429545
73 792 236.995340429545
3 792 236.995340429545
75 773 251.356927426646
80 363 252.181852347135
1 363 252.181852347135
27 363 252.181852347135
56 313 256.668665655352
56 673 256.674657773822
56 783 256.677469773822
78 683 256.680164773822
56 683 256.680164773822
68 603 256.681544773822
78 603 256.681544773822
56 603 256.681544773822
10 343 258.661767574635
55 353 276.162416529598
89 393 276.167832529598
55 393 276.167832529598
9 323 278.158661870714
9 324 278.189059452376
43 713 278.256988351003
9 713 278.256988351003
43 793 278.258329351003
9 793 278.258329351003
26 322 278.273647295395
43 322 278.273647295395
80 322 278.273647295395
25 653 294.187410672995
90 653 294.187410672995
63 763 294.195781672995
6 763 294.195781672995
90 763 294.195781672995
65 344 294.197148672995
90 344 294.197148672995
90 654 294.198528672995
19 693 294.255672894117
90 693 294.255672894117
6 333 294.257000894117
77 333 294.257000894117
90 333 294.257000894117
6 663 294.258380894117
77 663 294.258380894117
90 663 294.258380894117
90 774 294.261062894117
23 373 303.678658388145
50 373 303.678658388145
50 674 303.75689730526
82 633 305.678228852457
82 634 305.683696852457
78 712 305.694762852457
82 712 305.694762852457
44 312 305.698772852457
78 312 305.698772852457
82 312 305.698772852457
82 784 305.700152852457
82 643 305.76927385684
14 644 319.256807311092
87 364 320.787253343448
96 364 320.787253343448
42 364 320.787253343448
87 374 320.788633343448
96 374 320.788633343448
42 374 320.788633343448
70 304 321.186149223831
70 394 321.190354223831
52 684 324.181110603583
32 684 324.181110603583
92 714 324.355485382345
32 714 324.355485382345
4 624 340.176118569428
46 624 340.176118569428
98 624 340.176118569428
38 734 340.177472569428
46 734 340.177472569428
98 734 340.177472569428
93 723 341.266544134956
82 723 341.266544134956
57 384 341.267911134956
93 384 341.267911134956
82 384 341.267911134956
27 314 341.273405134956
82 314 341.273405134956
58 664 341.277532134956
82 664 341.277532134956
98 354 341.280201134956
82 354 341.280201134956
27 385 341.755618633329
35 694 347.656832201284
48 724 347.658225201284
35 724 347.658225201284
35 705 347.688325201284
70 735 347.689653201284
35 735 347.689653201284
2 395 361.263889739114
6 395 361.263889739114
6 345 361.265282739114
74 604 364.186088922753
75 675 365.696810194526
8 315 367.264071688873
80 315 367.264071688873
23 605 367.265464688873
80 605 367.265464688873
94 334 383.272613761264
33 614 383.274032761264
94 614 383.274032761264
94 335 383.275412761264
94 775 383.276805761264
94 765 383.278146761264
56 725 383.291907761264
94 725 383.291907761264
37 365 383.358092549656
94 365 383.358092549656
52 785 385.755541534562
8 785 385.755541534562
90 615 386.755647001835
90 625 387.299413373337
84 625 387.299413373337
62 375 387.355574940114
90 375 387.355574940114
84 375 387.355574940114
60 715 387.358308940114
90 715 387.358308940114
84 715 387.358308940114
54 695 392.159840747131
36 695 392.159840747131
71 655 404.175713698798
60 655 404.175713698798
98 655 404.175713698798
54 795 408.164389931138
2 396 408.187615931138
54 396 408.187615931138
67 685 433.763670729948
10 645 433.770453729948
13 645 433.770453729948
67 645 433.770453729948
13 356 433.771807729948
67 356 433.771807729948
36 756 433.773213729948
13 756 433.773213729948
67 756 433.773213729948
97 305 435.162296707419
57 305 435.162296707419
78 305 435.162296707419
57 646 435.163689707419
78 646 435.163689707419
64 635 435.189753707419
40 635 435.189753707419
78 635 435.189753707419
64 665 435.191107707419
40 665 435.191107707419
78 665 435.191107707419
11 376 435.197981707419
40 376 435.197981707419
78 376 435.197981707419
34 326 457.181221243472
96 666 474.772427524305
1 687 476.67762050974
35 736 479.65819917808
72 746 479.66498217808
35 746 479.66498217808
42 656 479.66913517808
72 656 479.66913517808
35 656 479.66913517808
88 766 479.67047617808
72 766 479.67047617808
35 766 479.67047617808
77 346 480.966410713975
34 386 480.967777713975
77 386 480.967777713975
34 716 480.969144713975
77 716 480.969144713975
53 796 497.263738617683
92 796 497.263738617683
92 306 497.265118617683
92 307 497.267853131855
19 706 497.269207131855
92 706 497.269207131855
19 316 497.271928646027
92 316 497.271928646027
82 617 497.275939160199
19 617 497.275939160199
92 617 497.275939160199
18 616 497.278647674371
19 616 497.278647674371
92 616 497.278647674371
3 626 497.289402702715
44 626 497.289402702715
92 626 497.289402702715
3 627 497.293452216887
44 627 497.293452216887
92 627 497.293452216887
7 607 497.374721470957
14 607 497.374721470957
72 367 498.16649454533
55 797 498.17330354533
72 797 498.17330354533
79 317 517.176251628746
95 317 517.176251628746
73 317 517.176251628746
94 747 517.177631628746
73 747 517.177631628746
74 757 517.181706628746
94 757 517.181706628746
73 757 517.181706628746
4 387 520.691848597499
74 387 520.691848597499
94 387 520.691848597499
88 677 539.169997820976
86 677 539.169997820976
86 388 539.172679820976
32 767 539.797518003006
46 767 539.797518003006
46 728 539.864220386375
30 707 541.36770507068
52 707 541.36770507068
2 748 541.36911107068
38 748 541.36911107068
52 748 541.36911107068
68 678 541.37053007068
52 678 541.37053007068
30 696 544.676892892517
88 696 544.676892892517
88 308 544.681019892517
88 688 544.690666892517
67 357 560.180585820635
99 357 560.180585820635
97 357 560.180585820635
49 358 560.671428615086
65 697 560.672821615086
49 697 560.672821615086
1 348 560.688066615086
49 348 560.688066615086
9 338 561.170261534126
51 667 561.194789534126
49 667 561.194789534126
9 667 561.194789534126
65 378 561.198968534126
49 378 561.198968534126
9 378 561.198968534126
49 658 561.255686410993
9 658 561.255686410993
65 698 561.257066410993
49 698 561.257066410993
9 698 561.257066410993
90 718 562.699608033491
67 318 562.792512033541
90 717 562.863729681064
67 717 562.863729681064
93 628 605.260643017738
93 349 605.267426017738
93 749 605.268806017738
96 768 605.270186017738
36 768 605.270186017738
93 768 605.270186017738
93 369 605.271514017738
