25 620 56.659626325104
65 260 76.656805930098
24 270 78.767820275489
69 270 78.767820275489
26 650 79.156950092208
76 251 118.168037698113
70 251 118.168037698113
93 660 122.192168764795
3 660 122.192168764795
80 280 124.16088356376
80 281 124.16637756376
54 680 124.16908556376
80 680 124.16908556376
13 640 142.160598498843
97 640 142.160598498843
20 670 142.167368696591
13 670 142.167368696591
97 670 142.167368696591
13 641 142.170050748198
43 631 142.18088304482
13 631 142.18088304482
76 601 142.192863934
43 601 142.192863934
13 601 142.192863934
57 621 166.761080900249
54 681 166.777820148795
93 681 166.777820148795
88 681 166.777820148795
99 671 186.177663726957
0 272 186.183118726957
24 272 186.183118726957
99 272 186.183118726957
67 262 186.188651726957
80 262 186.188651726957
99 262 186.188651726957
64 651 208.158488760303
86 612 208.175380474965
64 612 208.175380474965
62 252 212.658161210159
29 252 212.658161210159
29 672 212.666441210159
41 602 230.675277747061
96 602 230.675277747061
41 682 230.678050747061
96 682 230.678050747061
46 282 232.187104427811
15 282 232.187104427811
29 623 253.269150238228
80 633 255.684415997825
27 633 255.684415997825
28 652 256.155601535019
80 253 256.174480922131
28 273 256.179858439389
39 632 256.182553683879
76 632 256.182553683879
80 632 256.182553683879
84 613 276.18356280482
32 613 276.18356280482
91 673 276.255418508269
75 673 276.255418508269
32 673 276.255418508269
90 254 297.183409823377
6 663 297.197002817721
77 663 297.197002817721
90 663 297.197002817721
63 643 297.270124406396
82 643 297.270124406396
82 634 297.272910406396
17 653 297.282479406396
64 653 297.282479406396
82 653 297.282479406396
90 644 297.286632406396
82 644 297.286632406396
20 603 298.196712292782
67 603 298.196712292782
84 603 298.196712292782
84 674 298.198040292782
51 294 298.77815098744
52 684 318.174740928425
43 684 318.174740928425
70 684 318.174740928425
8 664 318.182981928425
70 664 318.182981928425
19 693 319.274410468471
14 693 319.274410468471
14 263 319.780693858675
92 263 319.780693858675
86 694 320.679126389101
76 694 320.679126389101
95 683 341.276881365836
93 683 341.276881365836
82 683 341.276881365836
4 624 341.283924365836
23 624 341.283924365836
82 624 341.283924365836
82 275 341.285317365836
74 285 354.767129980488
64 614 354.771153421256
28 614 354.771153421256
74 614 354.771153421256
34 654 362.180832757109
6 654 362.180832757109
90 295 366.184314490934
80 295 366.184314490934
23 605 366.185720490934
80 605 366.185720490934
80 625 366.187126490934
85 255 385.29247530054
94 255 385.29247530054
94 675 385.29523530054
45 604 385.673453827424
42 604 385.673453827424
23 604 385.673453827424
71 655 385.680327827424
45 655 385.680327827424
23 655 385.680327827424
90 615 398.783105215979
98 615 398.783105215979
48 695 398.858292104848
73 695 398.858292104848
98 695 398.858292104848
64 665 431.668123491929
77 665 431.668123491929
37 286 431.669464491929
40 286 431.669464491929
77 286 431.669464491929
11 685 431.688940491929
77 685 431.688940491929
1 296 433.769802630004
67 296 433.769802630004
10 645 433.771169630004
13 645 433.771169630004
67 645 433.771169630004
93 646 433.775231630004
77 646 433.775231630004
67 646 433.775231630004
68 635 474.160723555718
32 676 474.186325946278
34 676 474.186325946278
42 656 474.193122760875
72 656 474.193122760875
96 656 474.193122760875
52 616 474.199905760875
49 616 474.199905760875
96 616 474.199905760875
40 256 474.259769814012
96 256 474.259769814012
17 626 476.177775387874
95 267 476.184688387874
62 267 476.184688387874
17 267 476.184688387874
31 617 516.684473330094
73 617 516.684473330094
94 667 516.688483330094
73 667 516.688483330094
79 696 516.689811330094
95 696 516.689811330094
73 696 516.689811330094
94 666 517.262125277829
94 277 517.264846277829
24 627 518.158405321761
2 287 539.16271703892
59 266 539.170906364374
2 266 539.170906364374
2 297 539.176336015282
2 298 539.177755015282
52 677 539.181817015282
2 677 539.181817015282
52 678 539.183223015282
2 678 539.183223015282
86 607 539.184642015282
0 607 539.184642015282
2 607 539.184642015282
68 636 541.671004287718
23 636 541.671004287718
55 636 541.671004287718
69 637 543.266493334873
66 637 543.266493334873
66 698 543.269175334873
66 657 543.270568334873
1 658 543.278887334873
49 658 543.278887334873
66 658 543.278887334873
67 688 560.769658504185
20 628 561.18056516371
53 628 561.18056516371
94 628 561.18056516371
8 697 562.785799440029
49 697 562.785799440029
11 697 562.785799440029
93 618 605.258588456177
98 257 605.261244456177
93 257 605.261244456177
36 258 605.268131456177
93 258 605.268131456177
