15 80 48.161549207479
79 480 63.662507748873
61 480 63.662507748873
39 480 63.662507748873
62 30 68.661034855215
49 30 68.661034855215
69 530 78.768585511948
48 180 83.858111834292
79 180 83.858111834292
96 830 107.657720390632
3 580 111.656789590395
12 780 111.666397639057
3 780 111.666397639057
69 780 111.666397639057
78 281 111.693153551857
12 281 111.693153551857
69 281 111.693153551857
14 430 111.755409589368
54 430 111.755409589368
3 430 111.755409589368
54 680 111.756737638616
69 680 111.756737638616
80 280 124.157492201134
80 681 124.172724201134
16 431 124.189011201134
80 431 124.189011201134
43 631 124.191758201134
80 631 124.191758201134
80 131 124.198489201134
13 980 124.256792198402
80 980 124.256792198402
80 581 124.259513198402
50 331 124.260867198402
14 331 124.260867198402
80 331 124.260867198402
14 130 124.262195198402
80 130 124.262195198402
13 330 131.696506791436
16 330 131.696506791436
15 481 134.686978096065
93 481 134.686978096065
45 731 134.696586096065
50 731 134.696586096065
93 731 134.696586096065
38 531 138.758254446145
36 531 138.758254446145
13 531 138.758254446145
27 831 138.762459446145
4 831 138.762459446145
13 831 138.762459446145
66 730 142.196116488756
36 730 142.196116488756
97 730 142.196116488756
50 381 159.185552388851
54 381 159.185552388851
54 482 159.256832387301
53 231 166.856839344073
45 231 166.856839344073
93 231 166.856839344073
45 181 166.861031344073
93 181 166.861031344073
45 182 166.862411344073
93 182 166.862411344073
43 981 173.256788572481
38 981 173.256788572481
38 432 173.260785629075
6 332 173.27821890961
33 32 173.280952966204
6 32 173.280952966204
34 230 173.689607966057
66 230 173.689607966057
30 682 200.160337721179
93 881 200.179571228783
17 881 200.179571228783
30 881 200.179571228783
24 382 202.666094437023
67 382 202.666094437023
0 232 202.677082437023
67 232 202.677082437023
11 880 202.685505437023
35 880 202.685505437023
67 880 202.685505437023
79 532 212.758213651583
22 532 212.758213651583
69 532 212.758213651583
3 782 212.798672198969
32 782 212.798672198969
69 782 212.798672198969
84 982 214.768094035888
81 982 214.768094035888
32 632 222.178216408711
46 632 222.178216408711
84 832 222.185181408711
90 832 222.185181408711
46 832 222.185181408711
46 33 222.255577409003
1 82 222.259743409003
3 82 222.259743409003
46 82 222.259743409003
3 781 229.785601622431
1 882 229.799362622431
3 882 229.799362622431
58 133 234.665126871314
73 133 234.665126871314
73 583 234.667938871314
88 483 242.170594916402
17 582 251.163892006055
98 233 256.162241387271
80 233 256.162241387271
1 383 256.186433672515
80 383 256.186433672515
51 183 258.690718829938
77 183 258.690718829938
10 183 258.690718829938
84 83 269.16919552139
98 83 269.16919552139
32 83 269.16919552139
92 282 276.16133440552
55 282 276.16133440552
84 983 276.262278364657
55 983 276.262278364657
43 34 285.668078155043
34 184 300.166361997378
17 184 300.166361997378
75 633 303.199077748104
66 633 303.199077748104
58 633 303.199077748104
75 634 303.25815212478
66 634 303.25815212478
58 634 303.25815212478
52 683 304.162393085329
84 683 304.162393085329
52 684 304.163760085329
84 684 304.163760085329
6 333 304.165166085329
52 333 304.165166085329
84 333 304.165166085329
83 134 305.659657181284
8 783 312.161111208466
8 784 312.162491208466
75 834 312.177580208466
66 834 312.177580208466
8 834 312.177580208466
52 234 312.764938531517
32 234 312.764938531517
83 84 315.278158776804
14 84 315.278158776804
23 734 325.358255692186
81 734 325.358255692186
42 734 325.358255692186
23 934 325.361015692186
81 934 325.361015692186
42 934 325.361015692186
23 884 325.362408692186
81 884 325.362408692186
42 884 325.362408692186
23 534 325.363775692186
81 534 325.363775692186
42 534 325.363775692186
81 235 325.366457692186
42 235 325.366457692186
39 533 334.694812543751
70 533 334.694812543751
82 533 334.694812543751
88 933 334.7651819026
23 933 334.7651819026
82 933 334.7651819026
82 584 334.771841634148
59 435 339.258389677446
76 435 339.258389677446
30 35 344.163633850654
28 35 344.163633850654
27 384 353.755544890925
27 385 353.763824890925
61 334 373.659549626356
89 334 373.659549626356
3 334 373.659549626356
33 135 377.165073673116
94 135 377.165073673116
8 585 378.176330008057
58 835 388.258191989416
90 835 388.258191989416
36 685 393.665355622971
36 885 393.668115622971
47 335 393.681915622971
2 335 393.681915622971
36 335 393.681915622971
4 185 400.283741683258
60 185 400.283741683258
62 186 400.285147683258
4 186 400.285147683258
60 186 400.285147683258
52 785 400.982138690064
98 785 400.982138690064
56 535 415.763654624127
59 535 415.763654624127
54 535 415.763654624127
10 635 432.671405461497
13 635 432.671405461497
87 586 462.659634610529
89 586 462.659634610529
25 936 462.662433610529
89 936 462.662433610529
15 986 462.672080610529
89 986 462.672080610529
34 386 462.762482773257
86 386 462.762482773257
1 386 462.762482773257
97 935 466.979718774706
47 886 467.056877836641
97 886 467.056877836641
68 286 474.158259393926
68 636 474.162386393926
17 436 481.659583002422
17 437 481.660989002422
76 37 481.666509002422
17 37 481.666509002422
36 836 484.668248145474
51 836 484.668248145474
94 735 484.672323145474
36 735 484.672323145474
51 735 484.672323145474
46 486 484.676463145474
51 486 484.676463145474
30 287 489.177072187262
42 287 489.177072187262
92 287 489.177072187262
73 887 507.672889991071
79 536 507.676951991071
55 536 507.676951991071
73 536 507.676951991071
31 484 507.678357991071
55 484 507.678357991071
73 484 507.678357991071
82 187 507.682484991071
79 187 507.682484991071
73 187 507.682484991071
16 485 509.160959858162
94 485 509.160959858162
24 38 518.163807438009
59 787 537.171519368707
2 787 537.171519368707
2 288 537.172899368707
88 736 537.175698368707
0 736 537.175698368707
2 736 537.175698368707
88 737 537.177065368707
0 737 537.177065368707
2 737 537.177065368707
55 487 537.181140368707
0 487 537.181140368707
2 487 537.181140368707
0 387 537.182533368707
2 387 537.182533368707
0 388 537.183887368707
2 388 537.183887368707
2 888 537.190709368707
43 336 537.67994526509
46 336 537.67994526509
47 87 537.68132526509
46 87 537.68132526509
21 837 544.755365457478
55 837 544.755365457478
22 88 544.76078180349
21 88 544.76078180349
55 88 544.76078180349
21 987 552.271128309406
7 987 552.271128309406
11 987 552.271128309406
16 587 552.371857954332
67 587 552.371857954332
88 587 552.371857954332
16 438 552.373211954332
67 438 552.373211954332
88 438 552.373211954332
16 237 552.374565954332
67 237 552.374565954332
88 237 552.374565954332
16 238 552.375932954332
67 238 552.375932954332
88 238 552.375932954332
67 688 552.378731954332
88 688 552.378731954332
88 738 552.380124954332
94 537 553.162222825139
85 188 559.681486066302
49 188 559.681486066302
49 138 559.682905066302
8 337 559.689779066302
49 337 559.689779066302
8 538 559.693906066302
49 538 559.693906066302
16 588 559.858225450082
67 588 559.858225450082
39 638 563.677532043157
69 637 576.168355249312
60 637 576.168355249312
72 338 596.165358983956
50 838 596.166686983956
72 838 596.166686983956
