15 80 48.157510571187
62 30 68.659733340942
49 30 68.659733340942
79 480 78.762266705934
62 480 78.762266705934
69 480 78.762266705934
69 530 78.766367705934
53 180 78.768564238668
69 180 78.768564238668
69 240 78.769944238668
40 140 78.772678238668
24 140 78.772678238668
69 140 78.772678238668
69 241 78.774097238668
27 580 89.661065187233
30 31 89.666456017023
27 31 89.666456017023
30 40 89.670440645705
40 40 89.670440645705
27 40 89.670440645705
30 330 89.673110475039
40 330 89.673110475039
27 330 89.673110475039
87 440 97.672022001392
61 440 97.672022001392
96 730 102.658240532419
12 780 111.678693396241
30 780 111.678693396241
69 780 111.678693396241
54 41 111.682742632655
3 41 111.682742632655
72 740 111.684109632655
54 740 111.684109632655
3 740 111.684109632655
78 281 111.686778681317
12 281 111.686778681317
69 281 111.686778681317
3 541 111.688171775193
69 540 111.689512823855
68 340 111.694928966393
54 340 111.694928966393
69 340 111.694928966393
15 481 112.26317357546
78 280 114.97672829306
12 280 114.97672829306
35 280 114.97672829306
17 381 121.862321898675
79 381 121.862321898675
80 840 124.165669664376
84 181 124.167023664376
80 181 124.167023664376
80 681 124.176501664376
16 430 124.177829664376
80 430 124.177829664376
43 141 124.179222664376
80 141 124.179222664376
80 431 124.180602664376
43 631 124.187424664376
80 631 124.187424664376
50 331 124.188804664376
43 331 124.188804664376
80 331 124.188804664376
87 940 124.192892664376
80 940 124.192892664376
80 130 124.194246664376
14 680 124.195639664376
80 680 124.195639664376
58 131 124.198386664376
80 131 124.198386664376
20 980 124.255374661644
58 980 124.255374661644
80 980 124.255374661644
13 640 124.258121661644
14 640 124.258121661644
80 640 124.258121661644
13 641 124.259488661644
58 641 124.259488661644
80 641 124.259488661644
21 830 134.658243852144
93 830 134.658243852144
93 341 134.663737852144
99 731 134.678725946944
93 731 134.678725946944
38 531 138.69690736811
83 531 138.69690736811
13 531 138.69690736811
22 741 138.69966736811
83 741 138.69966736811
13 741 138.69966736811
57 880 156.77614623216
48 880 156.77614623216
17 880 156.77614623216
17 482 156.77885423216
57 441 159.199359233007
48 441 159.199359233007
54 441 159.199359233007
33 941 170.687270261846
45 182 170.689965261846
94 182 170.689965261846
33 182 170.689965261846
51 881 171.167104051293
53 231 178.697354314135
45 231 178.697354314135
93 231 178.697354314135
98 841 178.773060160657
43 841 178.773060160657
38 841 178.773060160657
38 432 178.778515290769
16 242 178.781249290769
38 242 178.781249290769
38 42 178.783944290769
24 382 181.69392427686
99 382 181.69392427686
30 682 200.163884247242
33 831 200.190282390936
6 831 200.190282390936
30 831 200.190282390936
33 32 200.193055147998
6 32 200.193055147998
30 32 200.193055147998
31 981 202.672093442087
35 981 202.672093442087
67 981 202.672093442087
31 142 202.673486442087
35 142 202.673486442087
67 142 202.673486442087
35 742 202.680256442087
67 742 202.680256442087
64 232 208.165091475552
86 82 208.183070475552
64 82 208.183070475552
95 882 208.185869475552
56 882 208.185869475552
64 882 208.185869475552
69 582 210.770478606799
84 982 221.687773079454
62 982 221.687773079454
46 282 222.17394963019
32 632 222.17535563019
46 632 222.17535563019
90 842 222.18086263019
46 842 222.18086263019
84 832 222.18219063019
90 832 222.18219063019
46 832 222.18219063019
41 942 224.171933232363
3 782 224.176047232363
41 782 224.176047232363
41 33 224.177375232363
34 230 224.178742232363
72 230 224.178742232363
41 230 224.178742232363
61 342 224.180070232363
72 342 224.180070232363
41 342 224.180070232363
96 83 230.283575497409
3 781 231.658291757235
88 532 236.673621912574
15 532 236.673621912574
15 483 236.687642912574
73 583 236.767876549179
15 583 236.767876549179
15 733 236.769295549179
88 332 242.16097554453
75 183 247.661051001211
0 43 247.672091001211
75 43 247.672091001211
10 343 247.678952001211
75 343 247.678952001211
98 233 256.174191626925
80 233 256.174191626925
28 233 256.174191626925
40 983 269.169669813612
84 433 269.171049813612
98 433 269.171049813612
40 433 269.171049813612
98 843 269.172390813612
40 843 269.172390813612
43 34 285.669185650822
44 783 285.671893650822
43 783 285.671893650822
43 444 285.673221650822
78 84 290.99530180466
82 84 290.99530180466
79 84 290.99530180466
82 784 290.99668180466
79 784 290.99668180466
1 383 296.160886669843
64 383 296.160886669843
19 243 300.170618192593
17 243 300.170618192593
34 184 300.173326192593
19 184 300.173326192593
17 184 300.173326192593
17 244 300.177375192593
6 333 300.180083192593
24 333 300.180083192593
17 333 300.180083192593
6 633 300.181463192593
24 633 300.181463192593
17 633 300.181463192593
6 643 300.182817192593
24 643 300.182817192593
17 643 300.182817192593
58 143 303.291085492846
51 143 303.291085492846
14 133 303.292426492846
58 133 303.292426492846
51 133 303.292426492846
58 144 303.296423492846
51 144 303.296423492846
13 833 303.297816492846
58 833 303.297816492846
51 833 303.297816492846
58 134 303.299209492846
51 134 303.299209492846
51 584 303.355504242212
58 834 303.356923242212
51 834 303.356923242212
23 484 304.170174586275
50 484 304.170174586275
84 484 304.170174586275
50 684 304.171515586275
84 684 304.171515586275
50 234 305.69451607051
51 234 305.69451607051
83 234 305.69451607051
92 683 306.164346708936
92 443 306.167106708936
14 644 315.181827589191
13 984 334.6725169644
10 984 334.6725169644
21 944 334.675238273048
10 944 334.675238273048
97 344 334.684703890344
86 344 334.684703890344
10 344 334.684703890344
24 534 334.696851816288
10 534 334.696851816288
70 543 334.762108484767
82 543 334.762108484767
20 934 334.777671048357
23 934 334.777671048357
82 934 334.777671048357
54 884 334.779653825073
23 884 334.779653825073
82 884 334.779653825073
23 45 334.781007825073
82 45 334.781007825073
82 235 334.782413825073
98 245 335.173802045158
53 734 335.177877045158
24 734 335.177877045158
98 734 335.177877045158
34 533 339.26775741131
59 533 339.26775741131
76 533 339.26775741131
35 435 354.296608857655
27 385 354.36113920091
35 385 354.36113920091
23 44 357.199031675305
27 44 357.199031675305
98 44 357.199031675305
27 384 357.258152218584
98 384 357.258152218584
6 345 361.676748596452
81 585 375.192715015203
58 835 375.195462015203
81 835 375.195462015203
33 634 377.165596882573
94 634 377.165596882573
94 335 377.166924882573
85 334 377.173837882573
94 334 377.173837882573
23 935 378.189734919957
8 935 378.189734919957
84 135 384.270150579329
41 35 384.282388579329
84 35 384.282388579329
36 544 398.16115453744
36 545 398.16248253744
79 885 398.17076253744
36 885 398.17076253744
22 46 398.293821975908
45 46 398.293821975908
98 46 398.293821975908
60 445 400.159241966565
56 535 403.662462786558
59 535 403.662462786558
62 186 407.783668432465
22 186 407.783668432465
94 186 407.783668432465
67 286 422.677206119751
1 286 422.677206119751
37 685 422.678612119751
67 685 422.678612119751
1 685 422.678612119751
94 36 424.68403339756
22 36 424.68403339756
77 785 430.179563569267
77 936 430.183768569267
77 586 430.185187569267
49 943 444.174314232352
32 943 444.174314232352
99 485 444.179717232352
32 485 444.179717232352
32 746 444.182386232352
32 486 444.183714232352
48 446 444.185081232352
32 446 444.185081232352
40 646 471.664214744561
97 645 472.160709849487
15 986 472.177820575009
97 986 472.177820575009
97 437 472.181921575009
47 846 472.183340575009
97 846 472.183340575009
68 635 474.158960407384
68 636 474.16762870672
37 87 474.16895670672
68 87 474.16895670672
90 786 474.17169070672
68 786 474.17169070672
76 886 481.659822197637
17 886 481.659822197637
76 37 481.661215197637
17 37 481.661215197637
17 147 481.662608197637
19 346 481.663988197637
14 346 481.663988197637
17 346 481.663988197637
55 536 481.666670197637
14 536 481.666670197637
17 536 481.666670197637
96 735 488.673281754916
96 736 488.674648754916
88 146 488.680181754916
96 146 488.680181754916
3 246 489.175139793586
92 246 489.175139793586
3 247 489.176558793586
92 247 489.176558793586
92 537 489.180646793586
34 386 491.669606531432
14 386 491.669606531432
14 347 491.670999531432
92 447 494.380112891174
35 447 494.380112891174
82 187 507.755406953405
79 187 507.755406953405
73 187 507.755406953405
73 947 507.756799953405
79 737 517.683192114184
94 737 517.683192114184
73 547 517.684585114184
79 547 517.684585114184
94 547 517.684585114184
24 38 520.169691305049
12 647 526.1785527889
46 647 526.1785527889
57 336 526.1799717889
32 336 526.1799717889
46 336 526.1799717889
8 436 526.1882387889
17 436 526.1882387889
46 436 526.1882387889
8 337 526.1896187889
17 337 526.1896187889
46 337 526.1896187889
17 88 526.1909857889
46 88 526.1909857889
2 287 537.162683562041
2 288 537.172343562041
0 47 537.173697562041
2 47 537.173697562041
52 387 537.177798562041
0 387 537.177798562041
2 387 537.177798562041
55 487 537.180532562041
0 487 537.180532562041
2 487 537.180532562041
86 836 537.181899562041
0 836 537.181899562041
2 836 537.181899562041
38 887 537.183253562041
0 887 537.183253562041
2 887 537.183253562041
0 388 537.184581562041
2 388 537.184581562041
2 738 537.187237562041
52 185 547.660340479116
86 185 547.660340479116
59 787 547.769066039303
1 787 547.769066039303
66 787 547.769066039303
59 638 547.770459039303
1 638 547.770459039303
66 638 547.770459039303
55 237 547.777411039303
66 237 547.777411039303
55 238 547.778752039303
66 238 547.778752039303
67 688 559.76090369262
67 888 559.76229669262
60 538 559.76919757918
67 538 559.76919757918
87 248 559.77600657918
60 248 559.77600657918
67 248 559.77600657918
60 637 559.77734757918
67 637 559.77734757918
39 748 559.78291957918
60 748 559.78291957918
67 748 559.78291957918
53 448 570.181473787024
94 448 570.181473787024
39 747 576.197738780987
60 747 576.197738780987
16 587 576.199079780987
39 587 576.199079780987
60 587 576.199079780987
50 837 596.166625426663
72 837 596.166625426663
50 838 596.167992426663
72 838 596.167992426663
