61 610 52.755456310169
63 630 53.655630789998
71 710 57.65552147725
95 950 69.955611214258
60 600 74.155520203151
85 850 74.156861203151
65 650 76.655567327642
79 790 76.656895327642
87 870 76.658262327642
69 690 78.755590548262
62 620 78.757009548262
77 770 82.961368922779
70 700 82.962774922779
78 780 83.158197461778
84 840 83.162376461778
86 860 87.260024472295
83 830 87.261391472295
96 960 87.264073472295
73 730 87.265440472295
66 660 87.266807472295
67 670 99.759208017248
81 810 99.763335017248
82 820 99.767345017248
69 691 100.771916659615
72 720 100.775965659615
98 980 100.777371659615
76 760 103.666376968124
75 751 103.667756968124
61 611 112.755495639962
79 791 121.855526453404
75 750 121.858208453404
70 701 121.861033453404
94 940 121.862400453404
92 920 121.863780453404
88 880 121.865134453404
60 601 121.866540453404
88 881 121.867946453404
68 680 122.161511123577
74 740 122.164271123577
89 890 122.169791123577
80 800 122.178071123577
91 910 122.180844123577
80 801 122.184958123577
87 871 122.200073123577
99 990 125.181203228648
97 970 125.287958853044
64 640 125.290693018688
73 731 128.26800061511
90 900 131.266394458613
86 861 131.269128458613
91 911 132.699070267384
83 831 132.762290051114
72 721 132.763657051114
77 771 132.765050051114
85 851 132.766417051114
93 930 134.656125210235
93 931 134.66424853464
65 651 134.66566753464
99 991 134.67673353464
97 971 136.665055894391
63 631 136.686953894391
76 761 136.691119894391
84 841 136.692538894391
89 891 136.693957894391
71 711 145.667651854883
90 901 145.671791854883
96 961 164.658277553565
74 741 173.174339350298
94 941 173.268047353954
66 661 173.269388353954
64 641 173.272057353954
82 821 173.278892353954
67 671 173.280311353954
93 932 176.763976281915
92 921 177.175394460716
98 981 177.176735460716
78 781 177.180823460716
66 662 187.263845994744
95 951 187.284272994744
95 952 187.291211994744
88 882 187.357067345623
68 682 188.158237915568
62 621 207.255642219684
62 622 207.257022219684
81 811 207.259782219684
71 712 207.262516219684
81 812 207.263857219684
85 852 207.266526219684
84 842 207.272098219684
83 832 207.280287219684
90 902 207.285807219684
98 982 207.287135219684
67 672 207.289804219684
60 602 207.291223219684
80 802 207.292564219684
97 972 207.293931219684
64 642 208.161038885858
65 652 208.162405885858
77 772 208.172013885858
78 782 208.173354885858
72 722 208.180267885858
86 862 208.181621885858
68 681 208.185722885858
82 822 209.278181423685
74 742 211.287737081529
69 692 231.276924998114
73 732 234.655587051395
91 912 234.666562051395
96 962 234.677459051395
73 733 234.678865051395
89 892 235.173593777004
70 702 239.265319119938
61 612 239.266738119938
92 922 252.175039926949
60 603 255.283537217494
62 623 255.284904217494
76 762 255.287625217494
94 942 255.288966217494
77 773 255.291726217494
81 813 255.294408217494
88 883 255.297233217494
95 953 255.358226217412
67 673 256.666097220292
79 792 256.672932220292
80 803 260.190029357105
63 632 262.867857625121
76 763 262.870591625121
96 963 262.877504625121
99 992 262.891252625121
84 843 262.959889625691
71 713 262.961269625691
98 983 262.962636625691
64 643 262.964029625691
92 923 269.25585163035
87 872 278.280161919627
75 752 278.281541919627
75 753 278.282895919627
61 613 279.17049330668
78 783 300.260884129073
68 683 300.264907905055
91 913 300.267642135517
67 674 300.270363365979
73 734 300.273058596441
79 793 300.274386723836
71 714 300.275753723836
70 703 300.279802954298
92 924 300.28383918476
84 844 300.287979287827
83 833 305.6554649258
85 853 305.6567929258
66 664 305.6622219258
78 784 305.6677939258
83 834 305.6691479258
66 663 305.6854999258
63 633 305.6909159258
76 764 305.6923089258
63 634 305.6965009258
89 893 306.176299171101
65 653 306.190099171101
99 993 306.192781171101
90 903 306.194135171101
68 684 306.195554171101
86 863 309.198437873347
72 723 309.256767459938
97 973 309.260957621038
90 904 309.274396296562
82 823 309.285101208251
69 694 309.759667826964
86 864 309.761021826964
85 854 310.28369071611
94 943 310.28503171611
93 933 310.29180171611
69 693 310.29319471611
79 794 310.29461371611
70 704 321.257614735195
81 814 321.293077435522
77 774 324.161050691667
98 984 324.180240691667
94 944 324.181581691667
87 874 331.681008995301
87 873 335.162380499675
91 914 335.259445032208
93 934 335.260812032208
65 654 342.791500757477
95 954 342.862186752976
74 744 352.756873269422
60 604 352.760987269422
64 644 352.769163269422
61 614 352.773329269422
74 745 352.778810269422
89 894 354.27853574278
80 804 356.367234722693
98 985 357.182683596618
75 754 365.655453886388
75 755 365.665035886388
72 725 365.675971886388
72 724 365.678731886388
67 675 365.688469886388
79 795 365.689849886388
73 735 365.691203886388
76 765 365.692583886388
77 775 365.693976886388
94 945 365.695317886388
61 615 368.162532799663
80 805 368.163886799663
97 974 368.170812799663
62 625 368.194129799663
83 835 368.195509799663
62 624 368.196915799663
85 855 377.182942197463
70 705 377.191183197463
90 905 382.181310451783
95 955 393.979357809319
92 925 393.990332809319
78 785 399.194704522582
97 975 401.183370409326
89 895 401.194306409326
91 915 408.166381487482
69 695 408.167800487482
60 605 408.757093231075
71 715 408.765360231075
65 655 408.775007231075
60 606 408.791437231075
81 815 408.792778231075
65 656 408.794171231075
99 994 409.658952983597
75 756 409.667297983597
68 685 415.180282612119
67 676 415.181662612119
87 875 426.16725902819
93 935 426.17272702819
66 665 426.18650102819
63 635 426.18789402819
83 836 426.18927402819
78 786 434.995488206996
77 776 435.17782166912
64 645 435.18193566912
93 936 435.18327666912
64 646 435.18464366912
97 976 435.18599766912
98 986 435.18869266912
89 896 435.19275466912
80 806 435.19544966912
74 746 441.764062080484
70 706 441.777888080484
86 866 461.692995591693
71 716 461.756901266283
84 846 463.756887599703
68 686 474.156053696794
85 856 474.158748696794
91 916 474.161482696794
68 687 474.164151955182
61 616 477.255566861801
72 726 477.256959861801
62 627 477.258339861801
92 927 477.259732861801
70 707 481.192325655373
96 966 482.355446810633
66 666 482.356865810633
94 946 482.362424810633
96 967 482.384556810633
62 626 483.690715649352
97 977 484.694112273857
73 736 492.266512196155
92 926 492.273399196155
79 796 492.274818196155
77 777 492.296859196155
69 696 498.17330169364
61 617 511.18223105454
74 747 511.18365005454
73 737 520.662637019975
72 727 520.666790019975
73 738 520.680629019975
76 767 533.699534959015
78 787 541.282264937836
94 947 541.284998937836
80 807 541.286417937836
71 718 541.287784937836
60 607 542.677269663706
71 717 543.186309102426
81 816 543.189147102426
69 697 543.276954358217
64 647 543.278334358217
62 628 543.279727358217
93 937 543.281068358217
61 618 543.282409358217
65 658 543.283750358217
78 788 543.285091358217
86 867 549.25554935278
86 868 549.26951835278
67 677 561.262388836192
75 757 561.266554836192
67 678 561.269275836192
68 688 561.270642836192
79 797 561.273389836192
84 847 561.282854836192
76 766 561.284260836192
60 608 561.287020836192
63 637 561.288413836192
65 657 561.289819836192
69 698 561.291238836192
92 928 564.670719323831
70 708 566.995885241204
80 808 566.997291241204
63 638 576.688756716658
74 748 576.692831716658
60 609 576.761040157099
93 938 605.759608617501
64 648 605.760936617501
76 768 605.765076617501
94 948 605.766482617501
84 848 605.767810617501
83 839 605.770596617501
93 939 605.772002617501
98 988 605.773421617501
