8 340 68.65812737095
49 340 68.65812737095
24 140 78.156782003286
61 440 105.865996939317
61 940 105.868743939317
15 241 105.889145849744
16 141 122.183294688436
42 141 122.183294688436
80 141 122.183294688436
42 840 122.194230688436
14 840 122.194230688436
80 840 122.194230688436
4 540 125.173368483587
63 540 125.173368483587
16 540 125.173368483587
42 541 125.174696483587
16 541 125.174696483587
74 40 132.15983189084
0 40 132.15983189084
54 41 136.664426485466
42 41 136.664426485466
58 41 136.664426485466
13 640 136.682210485466
58 640 136.682210485466
89 740 142.163754152154
13 740 142.163754152154
91 841 142.18499122407
2 841 142.18499122407
13 841 142.18499122407
54 442 159.169318620551
6 341 159.173432620551
45 341 159.173432620551
54 341 159.173432620551
59 741 168.673182385588
20 741 168.673182385588
6 741 168.673182385588
20 641 168.675890385588
6 641 168.675890385588
6 941 168.677218385588
66 342 202.681582827566
67 342 202.681582827566
12 742 210.766599723681
29 742 210.766599723681
62 742 210.766599723681
43 42 210.774892723681
84 42 210.774892723681
62 42 210.774892723681
81 142 210.778967723681
62 142 210.778967723681
58 441 232.157919830055
96 441 232.157919830055
90 842 232.181374875448
32 842 232.181374875448
10 942 242.160274797624
77 942 242.160274797624
88 942 242.160274797624
1 43 249.168379297733
28 43 249.168379297733
27 43 249.168379297733
98 643 276.161610444316
32 643 276.161610444316
0 343 276.168419886116
75 343 276.168419886116
32 343 276.168419886116
75 843 276.177833548816
32 843 276.177833548816
43 443 276.194030653316
32 443 276.194030653316
19 243 278.163752172751
97 243 278.163752172751
64 243 278.163752172751
97 344 278.167840172751
64 344 278.167840172751
97 44 278.183033172751
19 44 278.183033172751
64 44 278.183033172751
64 144 308.181282782307
8 144 308.181282782307
64 143 308.688917415984
17 143 308.688917415984
98 944 340.174152942574
98 244 340.180987942574
46 245 340.189267942574
35 245 340.189267942574
98 245 340.189267942574
35 943 357.162915118499
70 543 357.168422118499
43 543 357.168422118499
35 543 357.168422118499
23 45 357.171195118499
43 45 357.171195118499
35 45 357.171195118499
27 444 357.178069118499
35 444 357.178069118499
1 345 381.17201471351
80 345 381.17201471351
62 544 398.680463094086
60 544 398.680463094086
98 544 398.680463094086
62 545 398.681804094086
60 545 398.681804094086
98 545 398.681804094086
22 46 409.172053447516
60 46 409.172053447516
75 546 420.176937251227
71 445 430.187770806492
13 445 430.187770806492
32 746 438.172354261798
40 646 438.176416718644
78 646 438.176416718644
63 645 438.18870702713
93 645 438.18870702713
78 645 438.18870702713
86 346 462.698772732832
1 346 462.698772732832
83 946 476.665004825756
96 946 476.665004825756
76 146 493.674892851951
7 146 493.674892851951
31 246 499.165053151799
19 246 499.165053151799
14 246 499.165053151799
95 247 503.681450116303
19 247 503.681450116303
92 247 503.681450116303
55 147 517.162455949424
73 147 517.162455949424
94 147 517.162455949424
24 347 518.160921825037
0 47 537.680269834187
86 47 537.680269834187
7 47 537.680269834187
28 447 550.163543054662
88 447 550.163543054662
87 647 552.683336422016
66 647 552.683336422016
8 847 552.687333845414
66 847 552.687333845414
1 348 552.688662191485
91 348 552.688662191485
49 348 552.688662191485
1 648 552.69696869221
65 648 552.69696869221
66 648 552.69696869221
97 148 552.756970660754
52 148 552.756970660754
66 148 552.756970660754
28 446 553.161997033515
52 446 553.161997033515
11 446 553.161997033515
