62 790 67.665660899505
87 940 102.675467251921
61 940 102.675467251921
96 940 102.675467251921
80 840 124.168167975223
13 890 124.256821972491
80 890 124.256821972491
13 980 124.258162972491
80 980 124.258162972491
42 780 131.672641820342
16 780 131.672641820342
21 830 134.658360567122
93 830 134.658360567122
93 990 134.667812567122
93 991 134.673384567122
6 941 168.699837961471
4 791 181.685675194207
99 791 181.685675194207
43 981 181.694033194207
4 981 181.694033194207
99 981 181.694033194207
89 781 181.699423194207
41 781 181.699423194207
99 781 181.699423194207
89 841 181.755653194539
41 841 181.755653194539
99 841 181.755653194539
93 881 188.757811527153
57 881 188.757811527153
30 891 200.158076481935
35 831 202.682594076065
67 831 202.682594076065
81 842 214.756596880961
84 982 214.764889880961
81 982 214.764889880961
33 932 224.967588580406
12 932 224.967588580406
15 882 234.685283035969
77 942 234.697664035969
60 942 234.697664035969
15 942 234.697664035969
88 792 242.166529217643
14 892 251.683550352707
81 892 251.683550352707
75 892 251.683550352707
36 832 256.166595066945
80 832 256.166595066945
50 880 256.177349447819
80 880 256.177349447819
41 983 271.19261516121
9 983 271.19261516121
55 983 271.19261516121
82 783 290.994513728231
79 783 290.994513728231
82 784 290.995906728231
79 784 290.995906728231
82 833 290.997299728231
79 833 290.997299728231
51 893 298.766416991678
67 782 298.767809991678
51 782 298.767809991678
52 993 302.661614157494
50 993 302.661614157494
21 944 334.677116973715
10 944 334.677116973715
86 933 334.681114282363
10 933 334.681114282363
35 943 349.687342269203
59 884 349.699554269203
35 884 349.699554269203
75 795 361.684943397228
12 994 361.770854000649
6 994 361.770854000649
61 894 385.673145994457
81 894 385.673145994457
23 894 385.673145994457
52 845 390.689432216494
52 785 390.690799216494
93 895 430.172964140766
97 895 430.172964140766
77 895 430.172964140766
80 934 430.178393140766
77 934 430.178393140766
80 935 430.179734140766
77 935 430.179734140766
77 936 430.185306140766
32 995 440.664421403037
27 835 457.172060271752
84 835 457.172060271752
27 836 457.176070507314
84 836 457.176070507314
47 946 459.670723573552
15 986 462.667808502523
89 986 462.667808502523
76 886 488.969891092408
17 886 488.969891092408
52 996 496.183290227835
0 996 496.183290227835
51 996 496.183290227835
55 796 508.160467939555
72 796 508.160467939555
55 797 537.167042707686
0 797 537.167042707686
2 797 537.167042707686
0 887 537.169776707686
2 887 537.169776707686
7 997 550.763658087958
86 997 550.763658087958
21 987 550.767759087958
97 987 550.767759087958
86 987 550.767759087958
65 897 550.771912087958
66 897 550.771912087958
86 897 550.771912087958
1 788 550.774633087958
66 788 550.774633087958
86 788 550.774633087958
50 837 552.264049526123
21 837 552.264049526123
11 837 552.264049526123
53 847 561.162458377396
94 847 561.162458377396
62 937 561.166624377396
53 937 561.166624377396
94 937 561.166624377396
72 838 596.1645557139
40 798 596.1729137139
72 798 596.1729137139
21 898 598.995893967756
