38 380 41.155535929681
8 80 48.157510571187
63 630 53.655461068769
39 390 63.655592561879
49 490 63.656959561879
3 30 68.659720340942
48 480 68.661061340942
8 81 70.159595967434
69 690 78.755379705934
18 180 78.766250705934
24 240 78.767591705934
29 290 80.655388724178
19 190 80.66210830295
79 790 83.855525834552
53 530 83.870250967468
44 440 97.672061001392
94 940 97.673454001392
73 730 102.659592532419
33 330 112.168537617148
58 580 112.180918874736
59 590 112.190397389912
9 90 112.1931056475
29 291 112.194459904181
78 780 112.195826905088
28 280 112.197154905088
54 540 112.199850162676
68 680 112.255405533434
4 41 112.26079615565
74 740 112.26353052967
48 481 112.264871748355
14 140 112.26619990369
9 91 112.26752790369
54 541 112.27021027771
69 691 112.27293165173
24 241 112.276993870415
3 31 124.164172664376
84 840 124.166932664376
18 181 124.168286664376
34 340 124.169614664376
68 681 124.172374664376
43 430 124.177907664376
14 141 124.179313664376
43 431 124.182008664376
63 631 124.184690664376
33 331 124.188739664376
13 130 124.194233664376
89 890 124.195587664376
98 980 124.196967664376
58 581 124.198295664376
64 640 124.199623664376
64 641 124.255374661644
93 930 134.655483852144
83 830 134.658308852144
34 341 134.663802852144
93 931 134.665195852144
99 990 134.666523852144
19 191 134.673242625844
99 991 134.675977399544
13 131 138.65686136811
13 132 138.68854936811
53 531 138.69128336811
38 381 138.69270236811
59 591 138.69535836811
74 741 138.69668636811
24 242 144.178939466474
73 731 144.193950466474
79 791 159.166317233007
54 542 159.178646233007
88 880 166.757780316055
88 881 166.790988808227
23 231 166.799151808227
18 182 166.856825100152
93 932 166.870508100152
3 32 170.768940923875
94 941 170.786660546405
44 441 170.789433546405
4 40 171.172546051293
53 532 176.695600335518
39 391 181.67482527686
14 142 181.67615327686
43 432 181.67749427686
39 392 181.67888727686
38 382 181.68021527686
98 981 181.68565727686
4 42 181.68705027686
83 831 181.68973227686
99 992 181.69659327686
89 891 200.161150247242
68 682 200.166683247242
74 742 200.184790390936
9 92 202.684422442087
49 491 202.688562442087
48 482 202.691309442087
29 292 212.655401455155
84 841 212.660895455155
83 832 212.669188455155
89 892 212.671935455155
29 293 212.676023455155
84 842 212.684160455155
98 982 212.693703455155
23 232 212.696450455155
59 592 212.697856455155
19 192 222.169773294839
28 282 222.172585294839
63 632 222.174004294839
38 383 222.256819571156
88 882 229.672006362123
28 281 229.676094362123
94 942 229.684348362123
3 33 229.685728362123
78 782 229.687056362123
69 692 229.688384362123
8 83 229.689738362123
73 732 230.264480497409
8 82 230.293122497409
78 781 231.659697757235
64 642 242.163495546338
88 883 242.177217546338
4 43 247.672065001211
34 343 247.673484001211
19 193 247.674903001211
39 393 247.677637001211
59 593 247.683222001211
89 893 247.691528001211
34 342 254.176757284789
28 283 256.167590109667
58 582 256.174295871415
23 233 256.178306252289
63 633 256.179634252289
49 492 268.673156670743
49 493 268.678611670743
9 93 268.755640888778
98 983 269.169580043801
43 433 269.172405043801
84 843 278.184742660399
43 434 285.656986650822
3 34 285.658366650822
13 133 285.659759650822
69 693 288.2888548493
19 194 288.2902738493
48 483 288.2916668493
33 333 295.674446787958
18 184 295.756822349819
18 183 295.758163349819
99 993 295.759517349819
24 244 295.762239074148
78 783 298.672275902468
34 344 298.683406902468
23 234 298.686140902468
29 294 298.691608902468
84 844 298.693001902468
9 94 298.695748902468
63 634 304.664908789604
13 134 304.669573570604
8 85 304.68795961796
8 84 315.174358011739
78 784 315.264931047277
14 145 315.274423563315
33 332 317.663474850724
19 195 317.679930850724
83 833 334.683962964476
54 543 334.685291118686
39 394 334.687986427334
14 144 334.689353581772
59 594 334.690720735982
98 984 334.69341589042
4 44 334.700095353278
94 944 334.756783039152
93 933 334.758124185367
93 934 334.759478185367
53 534 334.766196784167
69 694 334.767589937352
73 733 334.768918083567
53 533 334.770298236752
73 734 334.771639382967
38 384 334.774308682367
23 235 334.778331981767
44 444 334.782510981767
88 884 337.16903049629
4 45 337.18822049629
14 143 337.19229549629
58 583 337.19364949629
24 245 353.680599179234
9 95 353.685963530517
59 595 353.692655533218
49 494 353.755630649722
38 385 353.758351832944
39 395 371.776048146242
34 345 371.777428146242
29 295 371.781529146242
3 35 371.786958146242
89 894 371.793962146242
8 86 371.795355146242
89 895 373.671910640124
3 36 373.675933846808
24 243 376.682946679833
13 135 384.268824800538
83 834 384.276948800538
84 845 384.278354800538
54 544 393.664807452732
54 545 393.666161452732
69 695 393.668960452732
49 495 393.670379452732
94 945 393.671759452732
53 535 393.673087452732
18 185 397.684906387989
39 396 397.693134387989
4 46 405.175238781928
29 296 405.186031781928
44 443 422.663510119751
43 435 422.680083119751
9 96 422.682830119751
99 994 427.6937224485
99 995 427.6950764485
49 496 427.6964694485
13 136 428.261604457744
63 635 428.273985457744
88 885 428.278151457744
54 546 428.279492457744
13 137 428.284999457744
93 935 430.173939569267
23 236 430.179524569267
78 786 430.185018569267
84 846 457.876801792066
34 346 457.879561792066
38 386 457.880928792066
89 896 472.168993583818
9 97 472.175815583818
14 146 472.178575583818
88 886 472.179942583818
69 696 478.678755201935
93 936 478.680174201935
3 37 478.688493201935
14 147 491.660053513863
18 186 491.665560513863
53 536 491.666966513863
24 246 491.668346513863
24 247 491.669752513863
53 537 491.671106513863
14 148 491.679399513863
8 87 493.76797513614
63 636 493.76938113614
43 437 493.77343013614
8 88 493.77619013614
4 47 508.158371652318
3 38 518.15976238418
99 996 537.161342562041
49 497 537.164037562041
19 197 537.165391562041
29 297 537.166758562041
29 298 537.168138562041
23 237 537.172278562041
38 387 537.174999562041
38 388 537.176366562041
88 887 537.179100562041
88 888 540.182476024559
54 547 540.183817024559
23 238 540.186486858459
9 98 545.277035153224
99 997 545.289351153224
99 998 545.294897153224
69 697 547.698189261428
69 698 547.699569261428
53 538 547.756892781033
24 248 547.759548911391
19 198 547.764965039303
19 196 547.766306039303
93 937 547.769131039303
84 847 547.770472039303
39 398 563.657037856163
63 637 563.658365856163
63 638 563.659706856163
49 498 563.666658856163
54 548 563.676227856163
39 399 563.681877856163
13 138 568.655554655401
49 499 568.669289655401
39 397 573.760660806675
43 438 596.159725426663
19 199 596.163917426663
84 848 596.779689429034
14 149 596.781030429034
93 939 596.782423429034
