38 380 41.155522784658
8 80 48.160166701802
63 630 53.655442526344
39 390 63.655512030819
49 490 63.656931030819
8 81 70.159602503682
69 690 78.755450376585
3 30 78.756804376585
53 530 78.763665376585
18 180 78.765058376585
24 240 78.766451376585
29 290 80.655488207676
29 291 80.658209997062
79 790 83.855523179006
48 480 83.856890179006
94 940 97.668421415835
19 190 97.671181415835
44 440 97.672548415835
73 730 102.658719362443
58 580 111.656915810352
3 31 111.658256810352
4 40 111.659662810352
33 330 111.661055810352
59 590 111.66510495289
28 281 111.689166920022
54 540 111.69186206256
68 680 111.697187483808
34 340 111.755450201547
54 541 111.759486630729
48 481 111.763496828149
4 41 111.764824977769
74 740 111.771465381783
9 91 111.775514749173
28 280 111.776855808763
24 241 111.779511966943
14 141 111.791633802701
79 791 121.855523243129
14 140 121.856916243129
84 840 121.862397243129
88 880 121.865183243129
18 181 121.866589243129
68 681 124.173063856564
9 90 124.177203856564
43 431 124.185392856564
33 331 124.190912856564
43 430 124.195091856564
13 130 124.196419856564
89 890 124.197799856564
98 980 124.199140856564
64 641 124.255651853832
64 640 124.257057853832
78 780 131.668062311325
13 131 131.691301311325
58 581 131.694009311325
93 930 134.655622187943
83 830 134.658421187943
34 341 134.663915187943
13 132 138.692204125664
63 631 138.694925125664
59 591 138.696344125664
74 741 138.699078125664
38 381 138.755451124666
24 242 144.182666125874
93 931 144.193589125874
99 990 144.194982125874
73 731 144.196362125874
99 991 144.197690125874
44 441 154.158169043925
44 442 154.162192511055
53 531 159.071892541406
23 230 159.073272541406
23 231 159.074652541406
18 182 159.075993541406
54 542 159.170600727367
48 482 159.199268727367
19 191 168.692171255469
94 941 168.693564255469
83 831 170.663701161301
33 332 176.694412234973
3 32 176.695753234973
38 382 180.176634534338
39 391 180.184810534338
89 891 180.186177534338
84 841 180.187596534338
14 142 180.188924534338
98 981 180.190278534338
43 432 180.191606534338
39 392 180.193025534338
4 42 180.197100534338
9 92 181.699441963555
23 232 181.758262963887
99 992 181.759616963887
88 881 192.786970041679
93 932 192.788298041679
68 682 200.162545744671
84 842 205.793335575277
74 742 205.862320362563
63 632 205.871760075343
64 642 208.163582204379
88 882 208.178710204379
59 592 208.181418204379
53 532 208.182746204379
34 342 208.191039204379
8 82 208.193734204379
29 292 212.655500938653
19 192 224.658476212684
28 282 224.661184212684
98 982 224.685519434008
94 942 224.762245524896
78 782 224.763651524896
3 33 224.764979524896
78 781 231.65964979016
89 892 231.67596279016
73 732 234.655493560036
58 582 234.656873560036
8 83 234.666455689418
69 692 234.675947077564
58 583 234.682665336328
73 733 234.690828724474
49 491 234.762801083802
49 492 234.764129083802
79 792 234.766824218364
74 743 235.173796811867
88 883 242.180890007556
18 183 242.190654007556
4 43 247.677934500164
34 343 247.691708500164
19 193 247.694416500164
28 283 256.155550846458
28 284 256.178544750828
63 633 256.182594376192
59 593 256.18797213794
38 383 256.190641518814
99 993 256.194781899688
39 393 268.686789370457
69 693 268.697634370457
9 93 268.774742194578
98 983 269.171480018586
64 643 269.172886018586
29 293 269.174240018586
14 143 273.666238116063
84 843 273.755635119621
23 233 278.169117020959
33 333 278.173153806273
48 483 278.260797224497
18 184 278.264834003111
34 344 278.271513781725
24 244 278.275511560339
64 644 278.276839560339
43 433 285.655559547122
13 133 285.662446547122
43 434 285.665193547122
3 34 285.666534547122
44 443 285.669346547122
79 793 285.681675547122
79 794 289.255510126359
89 893 293.667091005521
68 684 293.678170005521
84 844 304.155403047216
23 234 304.160591184362
68 683 304.163121141448
83 833 305.655434250737
14 144 305.658155250737
78 783 305.678506023593
8 84 306.190222449493
89 894 306.191615449493
13 134 306.195807449493
33 334 306.27200244507
19 194 310.672649475102
78 784 310.756751475102
83 834 310.758144475102
49 493 310.764953475102
63 634 312.165018656614
8 85 312.191095656614
53 533 313.198573829248
44 444 315.362141160307
14 145 315.364966160307
9 94 334.661472899626
24 243 334.670912516922
94 944 334.685755751514
98 984 334.69253936881
54 543 334.77679833478
4 44 334.78286863418
93 934 334.78424863418
53 534 334.78561563418
38 384 334.78700863418
4 45 334.78834963418
23 235 334.78967763418
39 394 334.79105763418
58 584 334.79245063418
93 933 335.169237103238
24 245 335.173338103238
54 544 337.659698934189
83 832 337.672027934189
59 594 343.774755611469
74 744 353.755504125119
38 385 353.758225283688
28 285 353.763589952514
74 745 353.789240937707
98 985 357.197107455279
3 35 357.267895890302
88 884 371.68975620198
39 395 371.69254220198
3 36 373.663776846313
73 734 373.669192846313
34 345 373.695399846313
13 135 377.165169626951
94 945 377.167929626951
59 595 377.174725626951
43 435 377.176131626951
79 795 377.177550626951
44 445 378.181643456205
8 86 378.182971456205
58 585 378.195313456205
99 994 385.678558239915
23 236 385.681253239915
54 545 393.673397268268
48 484 393.677628268268
48 485 393.687392268268
69 694 393.690061268268
69 695 393.691467268268
33 335 399.160036141449
88 885 401.15691774319
54 546 401.17207174319
39 396 401.18027374319
53 535 401.18160174319
68 685 401.18441374319
84 845 403.662160866395
59 596 403.663540866395
99 995 405.263747797386
83 835 413.196656113475
18 185 413.199442113475
18 186 413.255652115361
69 696 422.675787417716
73 735 424.693648219563
13 136 432.660872140018
63 635 432.666353140018
93 935 432.667746140018
13 137 432.673891421332
78 785 435.15545599707
78 786 435.15678399707
93 936 435.19831399707
44 446 442.168206569787
89 895 462.655605391199
89 896 462.656959391199
58 586 462.661047391199
64 646 462.663742391199
64 645 462.665083391199
9 96 462.671866391199
9 97 462.677334391199
98 986 462.678740391199
43 436 462.681448391199
83 836 463.76886138043
84 846 464.16091561052
63 636 467.259563406874
43 437 467.262375406874
4 46 467.269158406874
34 346 467.270551406874
38 386 467.271931406874
84 847 467.274704406874
68 686 474.156167514523
79 796 474.178707372559
68 687 474.181506372559
74 746 475.683239593318
48 486 475.687327593318
4 47 475.690126593318
73 736 481.66481450427
88 886 489.056764665705
28 287 489.191212534143
14 146 489.192618534143
14 147 491.660102922771
3 37 491.661430922771
14 148 491.676241166213
94 946 511.158252721829
24 247 518.155400013244
28 286 518.159514013244
3 38 518.160920013244
24 248 518.162248013244
83 837 526.176757427698
8 88 526.179504427698
44 447 537.161315251022
59 597 537.165442251022
64 647 537.166848251022
28 288 537.169595251022
48 487 537.179034251022
38 387 537.181807251022
88 887 537.183161251022
38 388 537.184541251022
73 737 537.185895251022
99 997 537.187262251022
23 237 539.659331238903
54 547 539.662000238903
8 87 547.67321062125
39 398 547.67453862125
58 587 547.679967773031
33 336 547.681308918302
33 337 547.682649918302
98 987 547.686673070083
53 537 547.786497077295
53 538 547.787825077295
78 787 547.789153205207
78 788 547.791874335565
69 698 547.794569465923
34 348 547.795897468369
9 98 550.169738399312
73 738 550.686197747309
74 747 550.690246747309
23 238 550.762397774953
99 996 554.665059619343
18 187 554.671920619343
79 797 554.678664619343
99 998 554.680018619343
9 99 554.686814619343
24 246 567.294237813
44 448 567.365149816729
4 48 567.373338816729
39 397 567.374705816729
63 638 567.376059816729
59 598 567.377478816729
69 697 567.378806816729
74 748 567.380160816729
13 138 568.658169750926
49 498 568.659588750926
64 648 568.681525750926
49 499 568.761007755419
54 548 573.856795820252
39 399 573.863617820252
93 937 586.19452837991
8 89 586.25819937551
89 898 586.26237837551
19 197 596.161620921929
89 897 596.164302921929
19 198 596.165695921929
83 838 596.175108921929
