6 60 25.155481967234
38 380 41.155493189904
15 150 51.655632525387
8 80 51.656986525387
20 200 51.658340525387
25 250 56.655471237303
39 390 63.655433953153
7 70 63.656852953153
0 0 63.658258953153
16 160 63.659677953153
23 230 63.661031953153
31 310 63.662424953153
10 100 63.665158953153
8 81 70.166539494227
32 320 71.170118972577
12 120 71.171446972577
3 30 72.175294974799
11 110 75.664644413989
26 260 75.665985413989
18 180 75.685344413989
2 20 75.686685413989
3 31 78.177861791777
26 261 79.185321158188
29 290 80.655456755308
17 170 80.656849755308
21 210 80.658203755308
5 50 80.659622755308
0 1 80.662434755308
29 291 80.666548755308
7 71 80.670688755308
17 171 96.662327146198
1 10 96.676010146198
9 90 96.677377146198
14 140 96.678757146198
22 220 96.680176146198
24 240 96.681569146198
1 11 96.682988146198
4 40 96.684407146198
4 41 96.685748146198
16 161 96.688534146198
31 311 96.689953146198
27 270 101.655548650072
37 370 101.658334650072
30 300 101.661120650072
35 350 101.663893650072
27 271 101.667981650072
35 351 101.670715650072
34 340 101.672069650072
13 130 101.689749650072
12 121 101.692522650072
39 391 101.693915650072
14 141 105.683048289456
15 151 111.655580535994
24 241 111.683847388278
11 111 123.18130260176
28 280 124.159418564914
28 281 124.163571564914
32 321 124.171721564914
18 181 124.173140564914
30 301 124.174507564914
19 191 124.258317562182
33 330 124.259710562182
13 131 124.261051562182
10 101 124.262444562182
20 201 124.265178562182
33 331 138.688986832893
38 381 138.691824832893
5 51 138.693165832893
13 132 138.695873832893
36 361 138.698685832893
9 91 138.755699108132
22 221 138.757118108132
16 162 140.275612828287
17 172 140.764783019173
4 42 142.272248966236
24 242 144.171881144858
2 21 149.765226523965
23 231 154.256713235751
6 61 162.157197659958
36 360 170.663588824016
33 332 170.667686210638
3 32 170.669908496632
6 62 170.674890782626
18 182 170.677572782626
22 222 170.678900782626
19 190 170.685761782626
20 202 170.687167782626
37 371 172.662370577937
31 312 172.762090186174
5 52 172.767428879749
34 342 173.691305282753
2 22 173.771965875964
7 72 173.774686875964
12 122 173.776105875964
38 382 179.670070939578
27 272 179.683792939578
14 142 184.759673485732
36 362 184.761092485732
39 392 184.763787485732
9 92 184.765206485732
35 352 184.766599485732
11 112 184.768005485732
30 302 193.162451965666
12 123 209.269110868705
29 292 212.656862486285
25 251 212.658190486285
25 252 212.659531486285
29 293 212.690998486285
37 372 212.693758486285
32 322 214.156871030841
26 262 214.162326030841
19 192 214.163706030841
28 282 214.165034030841
32 323 214.166414030841
23 232 214.186867030841
15 152 214.191124030841
3 33 214.192478030841
16 163 214.193832030841
1 12 214.195199030841
8 82 214.196579030841
1 13 214.197946030841
11 113 225.680498062279
30 303 225.687463062279
15 153 225.688856062279
21 211 230.663912414562
21 212 230.665279414562
10 102 231.669834505556
27 273 242.169219863692
5 53 242.170573863692
25 253 242.171927863692
28 283 242.178710863692
36 363 242.182824863692
37 373 242.185584863692
20 203 242.668132069779
2 23 242.694248069779
18 183 242.695589069779
0 2 248.798497474269
10 103 248.855534474484
34 343 248.856940474484
4 43 248.861002474484
10 104 248.862330474484
17 173 250.656859095058
22 223 250.661012095058
31 313 250.665035095058
13 133 250.666454095058
17 174 250.680189095058
26 263 256.18784155974
39 393 256.262229497487
28 284 256.26489863429
32 324 275.177747254674
9 93 275.180520254674
7 73 275.181939254674
6 63 275.183332254674
9 94 275.184738254674
3 34 277.669679700376
38 383 280.173365991014
14 143 280.176099991014
18 184 289.663331080996
19 194 289.679839080996
34 344 289.681258080996
24 244 289.682664080996
25 254 289.684044080996
11 114 295.191993995047
29 294 295.194702583233
20 204 295.260828032691
24 243 295.268901209063
23 233 295.275633385435
23 234 295.290620125984
19 193 300.181911099531
26 264 309.177107387284
14 144 312.161648364091
5 54 312.178226666541
7 74 312.179580666541
8 83 312.182301901987
8 84 312.183629901987
36 364 312.194358608325
37 374 312.197066843771
16 164 312.267686367987
33 333 315.158940120443
14 145 315.186371120443
19 195 317.691611801052
30 304 323.158796572805
21 213 323.165540619364
21 214 323.166894619364
1 14 323.169576643868
39 394 323.183025695325
1 15 323.188415741884
32 325 324.189834902596
10 105 335.173534961679
15 154 335.179067961679
25 255 335.180447961679
24 245 335.181827961679
35 355 340.185627893944
12 124 341.165645617794
27 274 341.172506617794
27 275 341.190524617794
23 235 341.193232617794
11 115 341.194573617794
20 205 341.693941949395
2 24 341.698042949395
16 165 341.699435949395
31 315 341.755574944852
38 384 341.759662944852
38 385 341.761081944852
3 35 343.274584011062
22 224 355.658201136912
7 75 355.666572136912
28 285 355.672001136912
35 354 357.169370166598
21 215 357.190122166598
33 334 373.658322036317
3 36 373.659702036317
13 134 374.172291553015
33 335 374.173697553015
5 55 374.175077553015
26 265 374.177824553015
15 155 374.195660553015
37 375 374.198368553015
34 345 374.256838657264
2 25 374.258257657264
29 295 381.1800640335
39 395 381.1895810335
17 175 383.165077979258
21 216 384.779920689543
36 365 392.156878393851
36 366 392.178693072147
28 286 392.180073072147
7 76 395.69700103365
22 225 397.258358915078
22 226 397.267927915078
18 185 397.270687915078
9 95 397.272093915078
29 296 407.181105681315
18 186 407.187940681315
16 166 409.191609296118
1 16 413.171496264282
9 96 413.172902264282
2 26 413.174321264282
13 136 428.655660187488
10 106 428.657040187488
27 276 430.161756153598
17 176 430.164464153598
30 305 430.167185153598
13 137 430.185125153598
11 116 433.16413867874
37 376 433.16967167874
5 56 441.165585185831
32 326 441.256753870445
20 206 441.260789870445
30 306 441.269004870445
39 396 441.271790870445
33 336 441.273118870445
32 327 441.282557870445
34 346 457.156734787158
25 256 459.68431681092
36 367 459.69264881092
35 357 459.69404181092
14 146 459.69542181092
24 246 459.69676281092
12 125 459.69814281092
12 126 459.69947081092
1 17 464.655574974909
13 135 464.666459557257
10 107 464.675950945489
38 386 464.677356945489
15 157 466.760935321567
25 257 466.763721321567
35 356 469.664067071983
11 117 479.185929834737
9 97 479.188676834737
15 156 484.656820143624
17 177 484.661012143624
22 227 484.665087143624
2 27 484.667847143624
3 37 484.669201143624
7 77 484.673315143624
19 196 484.678744143624
14 147 484.682923143624
24 247 484.684277143624
23 236 493.170321427301
5 57 497.259672132741
12 127 497.261065132741
37 377 497.262419132741
31 316 497.263838132741
7 78 497.265179132741
14 148 497.755681829813
1 18 508.27468899329
20 207 516.676701535246
27 277 516.684942535246
16 167 516.686296535246
29 297 516.687702535246
31 317 518.166400062564
28 287 518.169225062564
3 38 518.170579062564
24 248 518.171946062564
19 197 518.185642062564
33 337 518.186996062564
34 347 518.189730062564
34 348 518.197841062564
2 28 529.164758770531
38 387 541.194595017247
31 318 541.200011017247
38 388 541.255493127157
9 98 541.259568127157
11 118 541.260896127157
15 158 541.262250127157
39 397 547.762176099271
37 378 547.767735099271
35 358 547.769063099271
20 208 547.771745099271
19 198 547.774505099271
16 168 551.263916142093
23 237 551.265257142093
23 238 551.266598142093
18 188 551.66727549366
27 278 551.68227349366
5 58 551.69042349366
13 138 551.69866449366
39 398 551.755413140209
22 228 551.756780140209
21 218 555.663900564619
11 119 555.665293564619
33 338 555.672063564619
30 307 557.258299699681
30 308 557.261085699681
29 298 557.263741699681
28 288 557.266462699681
16 169 557.272034699681
21 217 559.171969437954
32 328 559.173375437954
26 268 559.177528437954
2 29 559.182970437954
17 178 596.161052598389
12 128 596.163799598389
12 129 596.165205598389
36 368 596.166585598389
19 199 596.170673598389
