95 950 69.955566348968
84 840 86.160429335101
92 920 86.161848335101
87 870 87.655544877348
96 960 92.355589459978
83 830 92.356982459978
86 860 92.358323459978
80 800 128.155650924018
91 910 128.157030924018
80 801 128.161053924018
89 890 128.162459924018
98 980 128.163865924018
97 971 128.165232924018
88 880 132.161244591846
93 930 134.65547924156
85 850 134.657419993892
93 931 134.661530862822
94 940 134.664047425952
99 990 134.66955326556
99 991 134.671457392876
97 970 136.659710001675
85 851 136.698552221469
83 831 136.755505202033
82 821 136.756846202033
91 911 136.759515536871
81 810 158.376746014769
81 811 158.378165014769
87 871 173.672060459349
82 820 173.689385537544
94 941 173.75964736987
88 881 180.684785767807
88 882 180.691672767807
92 921 191.665894921892
98 981 191.680944921892
80 802 191.685058921892
93 932 191.686438921892
86 861 202.664873271741
86 862 202.671682271741
81 812 216.656831612083
84 841 216.658250612083
89 891 216.664956566585
90 900 216.673082050641
95 951 216.674410320661
84 842 216.679749091655
90 901 216.686481344884
85 852 216.694502641628
90 902 216.697172055963
98 982 216.764230642913
94 942 219.272629194164
97 972 221.663361030572
83 832 221.670261030572
96 961 224.355628354253
96 962 224.357034354253
91 912 224.363739354253
89 892 240.18133318969
88 883 242.172901404782
80 803 260.164381809708
92 922 260.167102809708
96 963 260.177986809708
82 822 262.174408716499
98 983 267.185333302011
95 952 267.188054302011
95 953 267.190814302011
92 923 267.193509302011
84 843 267.197584302011
89 893 287.685348080546
83 834 304.686439606622
82 823 305.15651590502
82 824 305.15922390502
83 833 305.655406684475
85 853 305.656773684475
87 872 305.689283915723
87 873 305.690663915723
94 943 305.692056915723
96 964 305.693475915723
84 844 308.174451670812
81 813 330.655412582581
81 814 330.659578582581
89 894 330.660906582581
97 973 348.193259060343
86 864 348.194652060343
93 933 348.196032060343
91 913 348.197451060343
91 914 348.198844060343
98 984 348.255410372618
99 992 348.256816372618
97 974 348.259550372618
88 884 348.263690372618
93 934 348.265057372618
87 874 348.266463372618
92 924 350.162499068177
85 854 350.170818068177
80 804 368.155664109231
81 815 368.179033109231
89 895 370.680479235392
93 935 370.693864241172
86 863 373.270049516131
82 825 375.274381532271
84 845 375.685537609362
80 805 379.682331508895
88 885 393.664629807239
91 915 393.665996807239
85 855 393.668678807239
94 945 393.670019807239
94 944 397.285429975805
83 835 415.685952297034
87 875 436.161124034767
86 865 436.162530034767
87 876 436.166670034767
89 896 436.174911034767
80 806 436.176265034767
84 846 458.66360242583
96 965 458.66500842583
83 836 458.66636242583
81 816 458.67050242583
86 866 458.67319742583
88 886 459.165112290641
93 936 462.664002325925
82 827 485.177067712719
85 856 485.191598919264
96 966 486.269038268853
96 967 488.357047535881
84 847 499.669457987665
82 826 503.163631871471
92 926 508.255455663799
92 927 508.259465663799
85 857 525.183433111553
88 887 546.167790941934
86 867 546.181256206646
81 817 546.182584206646
97 976 546.188027022824
88 888 546.189420022824
87 877 547.198190117264
86 868 549.26940455695
97 977 568.677846871086
83 837 568.679213871086
97 978 568.680619871086
89 897 591.976753699435
85 858 591.979448699435
89 898 591.982169699435
93 938 597.161511281025
82 828 597.162904281025
84 848 597.164271281025
96 968 597.165651281025
93 939 597.180740281025
87 878 597.183474281025
91 917 597.184854281025
