15 200 51.658350940224
3 320 56.656801683571
25 320 56.656801683571
7 230 63.661277673191
39 230 63.661277673191
7 310 63.662657673191
39 310 63.662657673191
79 260 75.667867258782
29 210 80.656881652944
40 370 101.658975096337
27 370 101.658975096337
27 300 101.661748096337
32 240 101.665888096337
27 240 101.665888096337
27 350 101.668622096337
27 351 101.669950096337
35 301 101.671356096337
27 301 101.671356096337
54 340 101.684922096337
3 340 101.684922096337
27 340 101.684922096337
96 290 102.661677136047
1 220 105.6775122358
54 220 105.6775122358
35 220 105.6775122358
15 241 111.694391984982
80 280 124.160158038148
80 281 124.161512038148
80 321 124.175403038148
80 391 124.178124038148
0 311 124.259852035416
80 311 124.259852035416
13 330 124.262573035416
80 330 124.262573035416
13 201 124.268054035416
58 201 124.268054035416
80 201 124.268054035416
5 331 138.693284969229
13 331 138.693284969229
19 381 138.696018969229
43 381 138.696018969229
13 381 138.696018969229
13 361 138.756954487101
71 371 162.262350892806
44 371 162.262350892806
33 360 170.661054291684
53 231 170.668449394766
94 231 170.668449394766
33 231 170.668449394766
94 222 170.67177281029
33 222 170.67177281029
6 221 170.673956096284
33 221 170.673956096284
33 202 170.680787813586
93 341 172.785045343704
17 341 172.785045343704
88 341 172.785045343704
88 372 173.755579050759
66 372 173.755579050759
38 272 180.181343445364
99 242 186.690842132232
41 362 186.694904132232
43 362 186.694904132232
99 362 186.694904132232
11 352 186.760994132667
60 352 186.760994132667
99 352 186.760994132667
91 312 207.679229089619
69 312 207.679229089619
29 252 212.656907383921
62 251 212.658261383921
29 251 212.658261383921
5 392 212.665161383921
14 392 212.665161383921
29 392 212.665161383921
32 262 214.173352934048
90 232 214.192659934048
32 232 214.192659934048
3 383 214.255425929708
32 383 214.255425929708
46 322 220.664898405332
3 342 225.669895839439
41 342 225.669895839439
41 302 225.685257839439
41 303 225.692014839439
73 212 230.671368534539
96 212 230.671368534539
73 211 230.774692095181
96 211 230.774692095181
48 353 237.683125972243
62 353 237.683125972243
15 353 237.683125972243
27 282 242.183257125983
27 283 242.184663125983
80 253 242.190118125983
27 253 242.190118125983
80 363 242.191459125983
27 363 242.191459125983
88 203 242.669566368761
44 313 250.667884680628
17 313 250.667884680628
10 343 254.1739011689
75 343 254.1739011689
92 393 254.1986761689
10 393 254.1986761689
75 393 254.1986761689
40 324 275.172212768469
43 263 277.670957941618
9 213 280.180252894221
32 213 280.180252894221
6 333 292.676175062735
64 333 292.676175062735
90 243 292.680250062735
64 243 292.680250062735
19 344 292.688426062735
64 344 292.688426062735
51 244 295.181499498029
51 204 295.195002850773
51 294 295.199000438959
50 254 295.287679823434
84 254 295.287679823434
52 233 295.29719741162
84 233 295.29719741162
23 373 295.29857741162
52 373 295.29857741162
84 373 295.29857741162
52 234 295.29991841162
84 234 295.29991841162
92 304 309.162521677163
83 264 311.668775220218
87 364 311.692196220218
96 364 311.692196220218
83 364 311.692196220218
87 374 311.693589220218
96 374 311.693589220218
83 374 311.693589220218
45 224 322.166761744288
42 224 322.166761744288
1 214 323.172757434049
76 214 323.172757434049
70 394 323.18616751001
82 274 332.195839818531
82 275 332.259783814306
82 235 332.263884814306
82 315 332.268024814306
10 245 335.174767263013
98 255 340.167604830436
27 325 341.696779211686
7 305 355.673943275183
6 345 360.172404416067
55 395 360.173758416067
6 395 360.173758416067
6 384 360.175086416067
6 385 360.181921416067
85 334 364.175580077422
75 334 364.175580077422
85 335 364.176921077422
75 335 364.176921077422
79 215 364.195994077422
75 215 364.195994077422
94 365 374.262669994206
80 223 381.16245329276
62 375 381.19497097741
80 375 381.19497097741
80 295 384.687963492496
21 295 384.687963492496
5 265 392.180157293992
49 265 392.180157293992
36 265 392.180157293992
36 286 392.187031293992
54 396 392.192525293992
36 396 392.192525293992
45 225 400.180471317948
42 225 400.180471317948
98 225 400.180471317948
98 226 400.183141161178
2 205 411.682314942052
47 205 411.682314942052
60 205 411.682314942052
47 296 411.685048942052
60 296 411.685048942052
67 376 433.166958487757
2 336 433.171124487757
67 336 433.171124487757
97 306 441.162421492718
57 306 441.162421492718
78 306 441.162421492718
47 276 459.670508885155
48 206 459.675924885155
49 206 459.675924885155
47 206 459.675924885155
88 316 459.682617929943
72 316 459.682617929943
47 316 459.682617929943
35 386 459.686667452337
96 386 459.686667452337
47 386 459.686667452337
89 256 459.755386315829
86 256 459.755386315829
84 256 459.755386315829
84 327 459.764968315829
84 347 459.766322315829
97 257 463.256915082683
89 257 463.256915082683
68 217 468.171045882232
96 356 469.66923036219
55 317 484.679106729194
14 317 484.679106729194
17 317 484.679106729194
70 266 497.676371058109
14 266 497.676371058109
70 267 497.677712058109
14 267 497.677712058109
95 246 497.679092058109
14 246 497.679092058109
3 247 497.684586058109
92 247 497.684586058109
14 247 497.684586058109
5 207 499.176975132011
92 207 499.176975132011
92 307 499.178303132011
76 337 501.191245432123
7 337 501.191245432123
76 377 501.192625432123
7 377 501.192625432123
73 318 516.674115392162
76 227 529.185616499984
46 227 529.185616499984
76 228 529.191084499984
46 228 529.191084499984
46 328 529.192425499984
56 218 529.199286499984
46 218 529.199286499984
7 238 545.20021841365
86 387 545.262257966627
55 387 545.262257966627
7 387 545.262257966627
90 367 545.678544612859
55 367 545.678544612859
2 298 547.663696859043
66 298 547.663696859043
86 237 550.273605616427
66 278 550.294162616427
86 278 550.294162616427
2 268 550.298328616427
66 268 550.298328616427
86 268 550.298328616427
2 308 550.299669616427
66 308 550.299669616427
86 308 550.299669616427
49 287 550.355458620847
66 287 550.355458620847
86 287 550.355458620847
66 288 550.356812620847
86 288 550.356812620847
66 358 550.358231620847
86 358 550.358231620847
1 348 550.359585620847
66 348 550.359585620847
86 348 550.359585620847
65 378 550.363751620847
66 378 550.363751620847
86 378 550.363751620847
28 297 551.666628382003
49 297 551.666628382003
66 277 551.680480382003
49 277 551.680480382003
57 208 551.686026382003
44 208 551.686026382003
49 208 551.686026382003
30 388 559.186488774896
2 388 559.186488774896
94 388 559.186488774896
5 397 578.678727213548
60 397 578.678727213548
60 399 578.680120213548
31 219 578.685666213548
60 219 578.685666213548
60 319 578.687007213548
21 398 594.767742749744
93 258 602.164576276736
98 368 602.170057276736
93 368 602.170057276736
93 249 602.172739276736
81 236 602.179548276736
83 236 602.179548276736
93 236 602.179548276736
81 338 602.183662276736
83 338 602.183662276736
93 338 602.183662276736
83 339 602.191825276736
93 339 602.191825276736
