45 240 56.160632254257
24 140 56.161986254257
45 140 56.161986254257
8 340 68.658107680202
49 340 68.658107680202
65 440 83.862374864073
40 590 92.66552337655
27 590 92.66552337655
30 40 92.66687737655
40 40 92.66687737655
27 40 92.66687737655
15 241 100.774809647152
61 940 100.778988647152
24 940 100.778988647152
15 940 100.778988647152
69 540 112.178168687711
72 740 112.182230945299
54 740 112.182230945299
69 740 112.182230945299
54 141 112.185029945299
69 141 112.185029945299
69 541 112.186383945299
42 840 122.261162175755
14 840 122.261162175755
80 840 122.261162175755
86 990 128.658086709068
24 990 128.658086709068
55 890 139.179243136718
97 890 139.179243136718
13 890 139.179243136718
97 640 139.180597136718
13 640 139.180597136718
45 991 159.174687739051
54 991 159.174687739051
73 341 173.663200760215
66 341 173.663200760215
20 641 176.661655103943
20 941 176.677436406607
38 242 178.667735065894
38 42 178.673307065894
12 741 178.676080065894
4 741 178.676080065894
38 741 178.676080065894
66 342 208.161031517238
54 342 208.161031517238
64 342 208.161031517238
95 592 208.165249517238
56 592 208.165249517238
64 592 208.165249517238
8 792 208.168074517238
86 792 208.168074517238
64 792 208.168074517238
69 441 209.861293730519
97 442 222.158380559667
90 442 222.158380559667
46 442 222.158380559667
74 892 235.164987156556
43 842 235.166315156556
74 842 235.166315156556
76 591 246.664156404002
27 591 246.664156404002
28 243 246.666994404002
76 243 246.666994404002
27 243 246.666994404002
25 142 256.686103125113
80 142 256.686103125113
55 593 271.669389996986
55 993 271.673529996986
75 843 271.683910790242
55 843 271.683910790242
75 543 271.688089790242
9 543 271.688089790242
55 543 271.688089790242
51 893 278.17047076319
65 893 278.17047076319
64 893 278.17047076319
65 344 278.17185076319
64 344 278.17185076319
19 693 297.870849914946
79 693 297.870849914946
50 244 304.167452026044
84 244 304.167452026044
19 343 304.182553390334
90 343 304.182553390334
84 343 304.182553390334
17 794 306.266463429705
58 143 317.680241882195
19 143 317.680241882195
19 145 317.687206882195
81 894 334.698308380676
89 443 334.699688380676
81 443 334.699688380676
89 444 334.755415658221
81 444 334.755415658221
71 744 334.756782658221
81 744 334.756782658221
6 345 350.167784820373
21 944 352.67165774724
98 944 352.67165774724
65 44 352.67306374724
67 44 352.67306374724
98 44 352.67306374724
67 45 352.67445674724
98 45 352.67445674724
35 245 352.67860974724
98 245 352.67860974724
70 544 352.68000274724
98 544 352.68000274724
39 594 352.68135674724
70 594 352.68135674724
98 594 352.68135674724
35 43 352.682684782642
35 595 352.773604217889
35 795 352.775010217889
3 895 379.160856300524
91 695 393.665785640457
36 695 393.665785640457
15 545 393.672607640457
36 545 393.672607640457
59 945 393.678114640457
49 945 393.678114640457
36 945 393.678114640457
60 994 401.660593964993
42 994 401.660593964993
23 994 401.660593964993
41 845 403.659584054355
27 845 403.659584054355
59 845 403.659584054355
22 46 410.684006656842
60 46 410.684006656842
28 745 411.171929549424
47 745 411.171929549424
22 745 411.171929549424
18 445 411.177501549424
62 445 411.177501549424
22 445 411.177501549424
1 694 422.661717713062
32 746 445.693373592369
47 846 459.666899520646
47 946 459.668292520646
78 645 459.671065520646
47 645 459.671065520646
40 646 460.158593720535
84 346 462.665215236725
89 346 462.665215236725
55 446 479.168693025727
35 446 479.168693025727
79 246 479.170034025727
55 246 479.170034025727
35 246 479.170034025727
33 696 498.667598591549
7 696 498.667598591549
17 247 498.671673591549
7 247 498.671673591549
49 996 501.192285009386
19 996 501.192285009386
92 996 501.192285009386
61 597 501.195071009386
19 597 501.195071009386
92 597 501.195071009386
92 897 501.196451009386
0 47 515.660996293809
73 47 515.660996293809
20 796 515.667883293809
31 796 515.667883293809
73 796 515.667883293809
31 797 515.674640293809
73 797 515.674640293809
19 146 515.675968293809
95 146 515.675968293809
73 146 515.675968293809
73 947 515.677309293809
2 447 532.667297011427
75 747 532.674119011427
66 747 532.674119011427
2 747 532.674119011427
2 748 532.678298011427
8 448 547.758379559725
66 448 547.758379559725
1 348 547.759720559725
66 348 547.759720559725
65 647 547.763808559725
66 647 547.763808559725
52 997 548.181900096442
88 997 548.181900096442
99 547 548.198228498442
68 547 548.198228498442
88 547 548.198228498442
66 697 548.258091617287
86 697 548.258091617287
66 698 548.260877617287
86 698 548.260877617287
67 548 570.16946762399
60 948 577.698448693744
80 48 586.667799699858
39 48 586.667799699858
21 48 586.667799699858
58 998 586.684125699858
21 998 586.684125699858
44 898 586.689528699858
21 898 586.689528699858
