46 460 45.155400606368
61 610 52.755520916773
63 630 53.655656775423
45 450 53.658481775423
57 570 53.659874775423
71 710 57.655503608977
47 470 57.656831608977
49 490 57.658237608977
60 600 68.658399715408
44 440 74.156780069157
65 650 76.655564177789
79 790 76.656918177789
48 480 76.658337177789
69 690 78.755757227313
62 620 78.760089760046
53 530 78.768330760046
58 580 95.161376074319
40 400 95.162782074319
52 520 95.165503074319
55 550 95.166883074319
70 700 95.168224074319
50 500 95.169643074319
59 590 95.171036074319
77 770 95.172377074319
56 560 95.173796074319
66 660 95.175150074319
73 730 95.177910074319
78 780 101.271363606766
67 670 101.272704606766
40 401 101.278159606766
42 421 101.282286606766
68 680 101.284955606766
75 750 103.655470098802
51 510 103.656876098802
43 430 103.666458098802
75 751 103.688538098802
54 540 104.998532136454
74 740 105.058201322488
69 691 105.06097443151
61 611 105.874715952731
76 760 105.95834595622
54 541 109.685836844713
79 791 121.855444000691
44 441 121.874608000691
70 701 121.876027000691
60 601 121.877394000691
41 410 121.878800000691
43 431 125.181393168557
42 420 125.662086569484
56 561 125.676055569484
72 720 125.687290569484
68 681 125.695492569484
50 501 125.698265569484
64 640 125.76313132861
58 581 125.76452432861
55 551 125.76585232861
64 641 132.293206823986
76 761 139.294428530796
77 771 142.262281535655
52 521 142.263622535655
53 531 142.264976535655
74 741 142.266317535655
41 411 154.156864597828
44 442 154.175963597828
47 471 154.184087597828
66 661 154.185506597828
45 451 154.186886597828
71 711 154.199319597828
48 481 156.255364098472
49 491 156.256744098472
48 482 156.258163098472
45 452 159.06229330384
54 542 159.181797688253
65 651 176.770829287348
59 591 176.773589287348
67 671 176.781791287348
43 432 176.792727287348
56 562 176.795487287348
67 672 176.798221287348
78 781 178.681897169608
51 512 179.690701435301
57 571 182.655587503587
62 621 182.656993503587
57 572 182.661120503587
73 731 182.689827503587
40 402 187.274685965194
42 422 187.278670525878
66 662 187.281340086562
51 511 187.289413768614
62 622 207.256786473246
64 642 208.156881545801
55 552 208.158209545801
77 772 208.162388545801
79 792 208.166489545801
53 532 208.173454545801
72 722 208.177620545801
61 612 208.181760545801
59 592 208.183114545801
52 522 208.184481545801
69 692 211.275622594746
73 732 211.278356594746
58 582 211.279736594746
41 412 218.655620200115
60 602 218.659695200115
47 472 218.661036200115
76 762 218.662364200115
63 632 219.657438316117
46 461 219.667150316117
46 462 219.668517316117
46 463 224.173453095451
70 702 224.195312095451
50 502 224.198033095451
74 742 224.968378414034
50 503 225.059447220431
68 682 225.070228479553
48 483 225.078392333537
71 712 225.086581333537
41 413 225.093455333537
58 583 234.674801791198
73 733 234.676155791198
49 492 234.677574791198
42 423 234.678941791198
74 743 235.179030461574
44 443 241.180136383853
78 782 242.768473867283
72 721 245.694752441926
51 513 245.696106441926
75 752 246.993641253953
62 623 246.994982253953
77 773 246.997690253953
65 652 246.999096253953
52 523 247.055549250927
55 553 247.056929250927
59 593 247.058257250927
63 631 252.259568800241
76 763 252.277534800241
75 753 252.761047630777
56 563 256.258111410496
64 643 264.86644531301
45 453 264.86778631301
61 613 264.86917931301
63 633 264.87191331301
69 693 269.669443547718
55 554 269.683347547718
65 653 284.76658065097
43 433 285.655612015484
71 713 285.658424015484
67 673 285.662564015484
43 434 285.663905015484
78 783 285.667941015484
68 683 285.670688015484
44 444 285.672055015484
72 723 296.670037731774
51 514 296.684880465183
60 603 296.692979111683
66 663 296.695700240274
52 524 296.76087750731
77 774 296.76220550731
67 674 296.767673588053
56 564 299.186798687806
68 684 299.193737687806
73 734 299.195117687806
78 784 300.692169974107
57 573 300.693536974107
47 474 300.694877974107
76 764 300.697637974107
66 664 300.757098667289
50 504 303.290815989097
58 584 309.85539737082
64 644 309.86768737082
65 654 309.87036937082
53 533 310.289759977321
49 494 310.297858136913
69 694 310.355432578669
79 794 310.363569790802
59 594 312.19847605472
70 704 312.283555423915
70 703 321.256275114777
49 493 321.257694114777
42 424 325.273252124754
71 714 335.076616969961
54 543 335.080613969961
57 574 335.091445969961
46 464 335.098371969961
53 534 335.099790969961
42 425 335.163702967956
47 473 355.16953401086
46 465 355.19012630232
48 484 355.260806011238
54 544 357.082635404234
59 595 357.261121855362
43 435 357.262527855362
45 454 361.292072562533
74 744 361.293426562533
61 614 361.294845562533
63 634 362.780099676589
53 535 362.790983853533
75 755 362.792402853533
72 724 362.858269118728
72 725 362.860977118728
48 485 362.863685118728
56 565 362.865039118728
67 675 362.867786118728
73 735 362.877342118728
60 604 362.881456118728
79 793 362.882784118728
74 745 362.884151118728
41 415 374.766994214165
63 635 374.769754214165
64 645 374.773842214165
66 665 374.777982214165
41 414 378.168653684898
45 455 378.170020684898
61 615 378.174017684898
62 625 378.198662684898
60 605 382.265319297755
75 754 383.260324067103
47 475 383.261652067103
77 775 383.278056067103
62 624 383.298561067103
55 555 387.282849730849
58 585 387.284177730849
40 404 387.288239730849
52 526 387.290947730849
79 795 391.186845310456
52 525 391.263449716199
50 505 391.272928961398
44 445 391.35677029672
71 715 391.36081929672
65 655 391.36217329672
69 695 391.37442429672
68 685 391.37583029672
54 545 397.762889304296
49 495 397.773630304296
57 575 397.870540739977
54 546 397.881359739977
76 765 397.885473739977
78 785 403.682453364357
59 596 403.685200364357
60 606 404.193596631737
70 705 407.869572583723
47 476 407.872319583723
45 456 407.873712583723
75 756 409.675423789488
67 676 419.786498603052
41 416 424.670056379704
50 506 434.962478937754
57 576 434.963897937754
77 776 434.966657937754
56 566 434.968011937754
64 646 434.991341937754
78 786 434.994036937754
43 436 435.167910357789
58 586 435.185811357789
46 466 444.172552366538
48 486 444.176783366538
42 426 444.179530366538
74 746 444.180884366538
49 496 444.183566366538
44 446 444.184959366538
62 626 457.289337256261
71 716 457.290730256261
51 515 457.292149256261
65 656 463.773863741432
72 726 463.775191741432
61 616 463.776597741432
47 477 463.777938741432
76 766 463.780750741432
68 686 474.158216819451
51 516 474.165039139626
77 777 478.969287647599
63 636 478.980262647599
68 687 478.981668647599
60 607 478.983061647599
66 666 483.162745129278
73 736 483.176441129278
45 457 487.183827180215
70 707 487.186587180215
55 556 487.189347180215
70 706 491.670247893981
53 536 491.675754893981
55 557 491.677147893981
62 627 491.681248893981
43 437 491.696558893981
54 547 498.159586153757
72 727 498.162385153757
46 467 498.163752153757
67 677 498.165093153757
49 497 498.177565153757
58 587 498.180351153757
69 696 498.185819153757
61 617 498.187186153757
74 747 498.188553153757
42 427 501.16810711338
44 447 501.16943511338
53 537 501.17356211338
73 737 519.166431755815
79 797 519.192677755815
73 738 519.194096755815
41 417 526.879165386501
57 577 526.880493386501
46 468 526.881834386501
65 657 530.29511895025
48 487 541.18074152868
52 527 541.18213452868
55 558 541.18352752868
56 567 541.19865552868
71 718 541.25829952933
78 787 541.359662847802
66 667 543.255624052705
75 757 543.258384052705
49 498 543.266573052705
66 668 543.267966052705
63 637 543.273486052705
69 697 543.284578052705
69 698 543.285984052705
44 448 543.290098052705
60 608 543.291426052705
53 538 543.292754052705
62 628 543.298196052705
42 428 543.299550052705
51 518 543.3556630482
65 658 543.3584230482
59 598 543.3597510482
61 618 543.3611310482
68 688 553.17968475667
79 796 553.18236675667
59 597 553.19874475667
71 717 558.373101619408
76 767 558.384102619408
56 568 558.385469619408
47 478 558.386862619408
51 517 560.158683577185
48 488 560.180659577185
52 528 560.198625577185
74 748 574.667520926809
63 638 574.668874926809
70 708 574.671647926809
67 678 574.677167926809
58 588 574.688233926809
72 728 605.265508143357
50 508 605.266862143357
77 779 605.287497143357
