96 830 92.35686398546
53 840 92.363445093428
29 840 92.363445093428
97 890 128.178581852399
13 890 128.178581852399
80 890 128.178581852399
64 970 128.179909852399
58 970 128.179909852399
80 970 128.179909852399
58 971 128.181276852399
80 971 128.181276852399
26 801 131.678805693237
16 801 131.678805693237
13 980 131.684286693237
16 980 131.684286693237
58 871 131.687020693237
16 871 131.687020693237
18 881 134.258401773769
93 850 134.657300566424
45 990 134.670764584049
65 990 134.670764584049
93 990 134.670764584049
93 991 134.672144584049
36 831 177.17926624233
27 831 177.17926624233
38 831 177.17926624233
12 851 177.18064624233
38 851 177.18064624233
43 981 177.18336724233
38 981 177.18336724233
98 891 177.18470824233
43 891 177.18470824233
38 891 177.18470824233
85 821 177.18748124233
43 821 177.18748124233
38 821 177.18748124233
33 820 177.18890024233
38 820 177.18890024233
44 810 196.363146759143
69 810 196.363146759143
11 811 197.670122490803
67 811 197.670122490803
14 892 216.658166793621
81 892 216.658166793621
81 841 216.660862236663
81 842 216.674273565789
90 972 216.697229051019
32 972 216.697229051019
90 982 216.698648051019
32 982 216.698648051019
40 861 217.661482755078
40 862 217.665570755078
40 951 217.669658755078
40 952 217.671064755078
46 822 219.265476212723
95 882 222.374491700725
40 882 222.374491700725
62 882 222.374491700725
69 962 239.682499562377
3 962 239.682499562377
29 953 247.769888973357
84 852 262.158414043159
28 802 262.183823117133
84 983 262.794040782997
75 983 262.794040782997
18 993 284.189318657647
34 993 284.189318657647
64 993 284.189318657647
19 872 304.160223110653
8 823 305.17252411258
8 964 305.17938511258
58 833 305.18075211258
96 833 305.18075211258
8 833 305.18075211258
58 834 305.18211911258
96 834 305.18211911258
8 834 305.18211911258
83 853 305.656823712756
58 832 312.66130488443
12 813 312.67623868147
75 813 312.67623868147
58 813 312.67623868147
81 893 330.659637764119
18 843 330.660965764119
70 843 330.660965764119
81 843 330.660965764119
11 954 335.184365124224
98 954 335.184365124224
15 973 349.672339067859
72 973 349.672339067859
35 973 349.672339067859
24 864 349.677820067859
35 864 349.677820067859
98 873 349.679161067859
24 873 349.679161067859
35 873 349.679161067859
24 984 349.680528067859
35 984 349.680528067859
11 884 349.681921067859
24 884 349.681921067859
35 884 349.681921067859
7 804 354.266221950541
74 804 354.266221950541
98 863 357.162349912301
6 805 357.691399017251
75 854 372.768158631572
73 974 372.775084631572
75 974 372.775084631572
75 825 372.776490631572
75 845 372.780604631572
78 874 373.290362548517
84 874 373.290362548517
7 874 373.290362548517
21 815 379.692942433105
61 894 379.697069433105
81 894 379.697069433105
21 894 379.697069433105
58 835 384.669731610609
81 835 384.669731610609
58 994 384.671124610609
81 994 384.671124610609
58 995 384.672478610609
81 995 384.672478610609
33 855 393.666910000268
36 855 393.666910000268
26 975 423.669278730931
39 975 423.669278730931
1 975 423.669278730931
19 965 459.162790365793
47 965 459.162790365793
47 846 459.164170365793
26 885 459.166956365793
48 885 459.166956365793
47 885 459.166956365793
26 886 459.168284365793
48 886 459.168284365793
47 886 459.168284365793
49 955 459.171031365793
72 955 459.171031365793
47 955 459.171031365793
84 865 460.162327923797
84 866 460.166992352149
40 876 460.171041352149
77 876 460.171041352149
84 876 460.171041352149
89 816 462.661096173022
89 976 462.670601586244
9 986 462.678622058255
89 986 462.678622058255
35 966 481.67021637135
96 836 481.67436937135
35 836 481.67436937135
17 856 485.657007314076
14 826 488.666633589909
83 806 502.669279682002
7 806 502.669279682002
7 847 502.674760682002
55 827 503.169922991572
72 827 503.169922991572
72 956 503.172682991572
72 957 503.178111991572
55 867 546.693114675073
52 887 546.694507675073
55 887 546.694507675073
55 868 546.697293675073
7 997 546.698699675073
55 997 546.698699675073
66 878 546.755646592324
55 878 546.755646592324
0 817 548.770330983683
88 817 548.770330983683
68 977 548.774444983683
88 977 548.774444983683
52 996 549.692516696492
16 807 565.163081627392
90 807 565.163081627392
60 877 572.663397066634
39 877 572.663397066634
39 808 572.667498066634
5 857 573.270768973001
39 857 573.270768973001
60 857 573.270768973001
61 828 593.267855019955
93 828 593.267855019955
98 848 593.269261019955
93 848 593.269261019955
93 988 593.270654019955
25 987 593.272008019955
84 987 593.272008019955
93 987 593.272008019955
84 837 593.276083019955
93 837 593.276083019955
