15 200 51.658340525387
7 160 63.659677953153
39 160 63.659677953153
7 230 63.661031953153
39 230 63.661031953153
7 310 63.662424953153
39 310 63.662424953153
49 100 63.665158953153
39 100 63.665158953153
3 320 71.170118972577
62 320 71.170118972577
49 320 71.170118972577
62 120 71.171446972577
49 120 71.171446972577
48 110 75.664644413989
79 110 75.664644413989
79 260 75.665985413989
53 180 75.685344413989
79 180 75.685344413989
29 170 80.656849755308
29 210 80.658203755308
1 140 96.678757146198
17 140 96.678757146198
1 220 96.680176146198
17 220 96.680176146198
9 240 96.681569146198
1 240 96.681569146198
17 240 96.681569146198
31 161 96.688534146198
1 161 96.688534146198
17 161 96.688534146198
1 311 96.689953146198
17 311 96.689953146198
40 370 101.658334650072
27 370 101.658334650072
27 300 101.661120650072
30 350 101.663893650072
27 350 101.663893650072
27 351 101.670715650072
54 340 101.672069650072
35 340 101.672069650072
27 340 101.672069650072
35 130 101.689749650072
39 130 101.689749650072
27 130 101.689749650072
3 121 101.692522650072
27 121 101.692522650072
3 391 101.693915650072
27 391 101.693915650072
43 141 105.683048289456
54 141 105.683048289456
35 141 105.683048289456
15 241 111.683847388278
60 111 123.18130260176
79 111 123.18130260176
80 280 124.159418564914
80 281 124.163571564914
80 321 124.171721564914
92 181 124.173140564914
80 181 124.173140564914
56 301 124.174507564914
80 301 124.174507564914
31 191 124.258317562182
0 191 124.258317562182
80 191 124.258317562182
13 330 124.259710562182
58 330 124.259710562182
80 330 124.259710562182
58 131 124.261051562182
80 131 124.261051562182
13 101 124.262444562182
58 101 124.262444562182
80 101 124.262444562182
13 201 124.265178562182
58 201 124.265178562182
80 201 124.265178562182
5 331 138.688986832893
13 331 138.688986832893
5 381 138.691824832893
13 381 138.691824832893
13 361 138.698685832893
36 221 138.757118108132
13 221 138.757118108132
53 231 154.256713235751
45 231 154.256713235751
33 360 170.663588824016
22 182 170.677572782626
94 182 170.677572782626
33 182 170.677572782626
79 222 170.678900782626
94 222 170.678900782626
33 222 170.678900782626
20 190 170.685761782626
33 190 170.685761782626
33 202 170.687167782626
51 371 172.662370577937
37 312 172.762090186174
51 312 172.762090186174
66 342 173.691305282753
2 122 173.776105875964
15 122 173.776105875964
66 122 173.776105875964
38 272 179.683792939578
98 142 184.759673485732
60 142 184.759673485732
99 142 184.759673485732
60 362 184.761092485732
99 362 184.761092485732
60 392 184.763787485732
99 392 184.763787485732
11 352 184.766599485732
60 352 184.766599485732
99 352 184.766599485732
41 112 184.768005485732
43 112 184.768005485732
99 112 184.768005485732
68 302 193.162451965666
81 123 209.269110868705
62 251 212.658190486285
29 251 212.658190486285
62 252 212.659531486285
29 252 212.659531486285
12 372 212.693758486285
62 372 212.693758486285
29 372 212.693758486285
63 262 214.162326030841
32 262 214.162326030841
46 192 214.163706030841
32 192 214.163706030841
46 282 214.165034030841
32 282 214.165034030841
90 232 214.186867030841
32 232 214.186867030841
2 152 214.191124030841
3 152 214.191124030841
32 152 214.191124030841
3 163 214.193832030841
32 163 214.193832030841
41 113 225.680498062279
41 303 225.687463062279
41 153 225.688856062279
96 211 230.663912414562
96 212 230.665279414562
77 102 231.669834505556
3 102 231.669834505556
27 253 242.171927863692
27 283 242.178710863692
80 363 242.182824863692
27 363 242.182824863692
63 373 242.185584863692
80 373 242.185584863692
27 373 242.185584863692
88 203 242.668132069779
51 183 242.695589069779
48 183 242.695589069779
88 183 242.695589069779
75 103 248.855534474484
29 103 248.855534474484
10 343 248.856940474484
75 343 248.856940474484
29 343 248.856940474484
29 104 248.862330474484
17 223 250.661012095058
91 313 250.665035095058
17 313 250.665035095058
31 133 250.666454095058
91 133 250.666454095058
17 133 250.666454095058
50 263 256.18784155974
80 263 256.18784155974
59 393 256.262229497487
55 393 256.262229497487
80 393 256.262229497487
40 324 275.177747254674
1 383 280.173365991014
76 383 280.173365991014
32 383 280.173365991014
21 143 280.176099991014
9 143 280.176099991014
32 143 280.176099991014
90 184 289.663331080996
90 194 289.679839080996
19 344 289.681258080996
90 344 289.681258080996
90 244 289.682664080996
24 254 289.684044080996
90 254 289.684044080996
51 114 295.191993995047
51 294 295.194702583233
67 204 295.260828032691
51 204 295.260828032691
52 243 295.268901209063
50 243 295.268901209063
51 243 295.268901209063
68 233 295.275633385435
50 233 295.275633385435
51 233 295.275633385435
68 234 295.290620125984
50 234 295.290620125984
84 234 295.290620125984
17 193 300.181911099531
42 264 309.177107387284
14 264 309.177107387284
92 264 309.177107387284
83 144 312.161648364091
87 364 312.194358608325
96 364 312.194358608325
83 364 312.194358608325
87 374 312.197066843771
96 374 312.197066843771
83 374 312.197066843771
30 164 312.267686367987
92 164 312.267686367987
83 164 312.267686367987
14 333 315.158940120443
70 304 323.158796572805
82 213 323.165540619364
76 213 323.165540619364
82 214 323.166894619364
76 214 323.166894619364
59 394 323.183025695325
70 394 323.183025695325
86 154 335.179067961679
98 154 335.179067961679
10 154 335.179067961679
98 255 335.180447961679
10 255 335.180447961679
10 245 335.181827961679
98 355 340.185627893944
81 124 341.165645617794
44 274 341.172506617794
81 274 341.172506617794
81 275 341.190524617794
81 235 341.193232617794
23 115 341.194573617794
81 115 341.194573617794
38 205 341.693941949395
27 205 341.693941949395
31 165 341.699435949395
27 165 341.699435949395
27 315 341.755574944852
31 384 341.759662944852
27 384 341.759662944852
31 385 341.761081944852
27 385 341.761081944852
7 224 355.658201136912
74 285 355.672001136912
7 285 355.672001136912
79 215 357.190122166598
43 215 357.190122166598
35 215 357.190122166598
61 334 373.658322036317
3 334 373.658322036317
85 134 374.172291553015
94 134 374.172291553015
85 335 374.173697553015
94 335 374.173697553015
5 265 374.177824553015
94 265 374.177824553015
36 155 374.195660553015
94 155 374.195660553015
94 375 374.198368553015
16 345 374.256838657264
37 345 374.256838657264
94 345 374.256838657264
80 295 381.1800640335
34 395 381.1895810335
1 395 381.1895810335
80 395 381.1895810335
52 175 383.165077979258
84 175 383.165077979258
36 286 392.180073072147
45 225 397.258358915078
42 225 397.258358915078
98 225 397.258358915078
98 226 397.267927915078
39 185 397.270687915078
65 185 397.270687915078
98 185 397.270687915078
47 296 407.181105681315
22 296 407.181105681315
62 186 407.187940681315
22 186 407.187940681315
1 166 409.191609296118
73 166 409.191609296118
60 166 409.191609296118
13 106 428.657040187488
64 276 430.161756153598
77 276 430.161756153598
27 176 430.164464153598
64 176 430.164464153598
77 176 430.164464153598
40 305 430.167185153598
64 305 430.167185153598
77 305 430.167185153598
77 137 430.185125153598
68 116 433.16413867874
67 116 433.16413867874
67 376 433.16967167874
32 206 441.260789870445
70 306 441.269004870445
32 306 441.269004870445
70 396 441.271790870445
32 396 441.271790870445
39 336 441.273118870445
70 336 441.273118870445
32 336 441.273118870445
27 256 459.68431681092
47 256 459.68431681092
96 367 459.69264881092
47 367 459.69264881092
96 357 459.69404181092
47 357 459.69404181092
88 146 459.69542181092
47 146 459.69542181092
88 246 459.69676281092
47 246 459.69676281092
76 125 459.69814281092
88 125 459.69814281092
47 125 459.69814281092
76 126 459.69947081092
88 126 459.69947081092
47 126 459.69947081092
10 135 464.666459557257
83 135 464.666459557257
1 135 464.666459557257
58 107 464.675950945489
1 107 464.675950945489
34 386 464.677356945489
1 386 464.677356945489
40 157 466.760935321567
40 257 466.763721321567
96 356 469.664067071983
40 117 479.185929834737
34 117 479.185929834737
17 156 484.656820143624
17 227 484.665087143624
70 196 484.678744143624
17 196 484.678744143624
70 147 484.682923143624
17 147 484.682923143624
95 247 484.684277143624
70 247 484.684277143624
17 247 484.684277143624
57 236 493.170321427301
71 236 493.170321427301
51 236 493.170321427301
33 127 497.261065132741
76 127 497.261065132741
7 127 497.261065132741
76 377 497.262419132741
7 377 497.262419132741
69 316 497.263838132741
33 316 497.263838132741
7 316 497.263838132741
55 207 516.676701535246
73 207 516.676701535246
94 277 516.684942535246
73 277 516.684942535246
94 167 516.686296535246
73 167 516.686296535246
74 297 516.687702535246
94 297 516.687702535246
73 297 516.687702535246
44 317 518.166400062564
24 317 518.166400062564
45 287 518.169225062564
24 287 518.169225062564
89 197 518.185642062564
24 197 518.185642062564
87 337 518.186996062564
89 337 518.186996062564
24 337 518.186996062564
24 347 518.189730062564
24 348 518.197841062564
99 387 541.194595017247
7 387 541.194595017247
99 318 541.200011017247
7 318 541.200011017247
31 388 541.255493127157
99 388 541.255493127157
7 388 541.255493127157
9 118 541.260896127157
97 118 541.260896127157
7 118 541.260896127157
11 158 541.262250127157
97 158 541.262250127157
7 158 541.262250127157
69 397 547.762176099271
66 397 547.762176099271
69 378 547.767735099271
66 378 547.767735099271
49 358 547.769063099271
66 358 547.769063099271
62 208 547.771745099271
44 208 547.771745099271
66 208 547.771745099271
57 198 547.774505099271
44 198 547.774505099271
66 198 547.774505099271
67 168 551.263916142093
52 168 551.263916142093
16 237 551.265257142093
67 237 551.265257142093
52 237 551.265257142093
16 238 551.266598142093
67 238 551.266598142093
52 238 551.266598142093
49 188 551.66727549366
49 278 551.68227349366
85 138 551.69866449366
65 138 551.69866449366
49 138 551.69866449366
85 398 551.755413140209
65 398 551.755413140209
49 398 551.755413140209
57 228 551.756780140209
65 228 551.756780140209
49 228 551.756780140209
11 218 555.663900564619
9 338 555.672063564619
11 338 555.672063564619
52 307 557.258299699681
68 307 557.258299699681
67 307 557.258299699681
88 308 557.261085699681
67 308 557.261085699681
30 298 557.263741699681
88 298 557.263741699681
67 298 557.263741699681
88 288 557.266462699681
67 288 557.266462699681
67 169 557.272034699681
56 217 559.171969437954
53 217 559.171969437954
94 217 559.171969437954
56 328 559.173375437954
53 328 559.173375437954
94 328 559.173375437954
2 268 559.177528437954
94 268 559.177528437954
23 178 596.161052598389
72 178 596.161052598389
47 128 596.163799598389
72 128 596.163799598389
47 129 596.165205598389
72 129 596.165205598389
47 368 596.166585598389
72 368 596.166585598389
72 199 596.170673598389
