6 60 25.155659390984
38 380 41.155478695684
15 150 51.655668940224
8 80 51.657009940224
20 200 51.658350940224
25 250 56.655408683571
32 320 56.656801683571
39 390 63.655640673191
7 70 63.657046673191
0 0 63.658465673191
16 160 63.659871673191
23 230 63.661277673191
31 310 63.662657673191
10 100 63.665417673191
12 120 72.161063095988
3 30 72.177311095988
11 110 75.666513258782
26 260 75.667867258782
18 180 75.681446258782
26 261 79.175622331166
8 81 79.183785450303
21 210 80.656881652944
5 50 80.658235652944
0 1 80.660943652944
29 291 80.67039725542
19 191 80.674447056658
17 170 80.678522857896
17 171 80.681192659134
27 270 101.655651912363
37 370 101.658975096337
14 140 101.660329096337
30 300 101.661748096337
4 40 101.663128096337
24 240 101.665888096337
27 271 101.667216096337
35 350 101.668622096337
35 351 101.669950096337
30 301 101.671356096337
1 10 101.672710096337
1 11 101.674051096337
4 41 101.675392096337
9 91 101.676746096337
14 141 101.678113096337
3 31 101.679467096337
2 20 101.680834096337
12 121 101.683594096337
34 340 101.684922096337
13 130 101.686250096337
29 290 102.661677136047
7 71 102.671155136047
9 90 102.683484136047
22 220 105.6775122358
15 151 111.655590950831
24 241 111.694391984982
28 280 124.160158038148
28 281 124.161512038148
32 321 124.175403038148
39 391 124.178124038148
16 161 124.255686035416
31 311 124.259852035416
33 330 124.262573035416
13 131 124.263927035416
10 101 124.265281035416
20 201 124.268054035416
11 111 125.666036220896
33 331 138.693284969229
38 381 138.696018969229
13 132 138.698739969229
36 361 138.756954487101
5 51 138.763841487101
4 42 139.781914433446
37 371 162.262350892806
36 360 170.661054291684
33 332 170.663801291684
3 32 170.665155291684
6 61 170.667082394766
23 231 170.668449394766
6 62 170.669855394766
22 222 170.67177281029
22 221 170.673956096284
20 202 170.680787813586
17 172 172.783717343704
34 341 172.785045343704
2 21 173.692638055288
2 22 173.693992055288
7 72 173.696713055288
12 122 173.698054055288
37 372 173.755579050759
38 382 180.170264445364
0 2 180.175849445364
27 272 180.181343445364
19 190 186.156860309536
24 242 186.690842132232
14 142 186.692248132232
5 52 186.693576132232
36 362 186.694904132232
10 102 186.755591132667
9 92 186.759653132667
35 352 186.760994132667
11 112 191.263747791879
16 162 191.269189791879
31 312 207.679229089619
29 292 212.655553383921
25 252 212.656907383921
25 251 212.658261383921
39 392 212.665161383921
5 53 212.670720383921
29 293 212.689884383921
12 123 212.698138383921
26 262 214.173352934048
19 192 214.176099934048
32 323 214.183025934048
23 232 214.192659934048
3 33 214.195367934048
1 12 214.196734934048
1 13 214.198114934048
38 383 214.255425929708
32 322 220.664898405332
34 342 225.669895839439
8 82 225.676873839439
15 153 225.678240839439
11 113 225.681013839439
30 302 225.685257839439
30 303 225.692014839439
21 212 230.671368534539
15 152 230.691823184739
21 211 230.774692095181
35 353 237.683125972243
27 273 242.167999125983
28 282 242.183257125983
28 283 242.184663125983
19 193 242.186069125983
25 253 242.190118125983
36 363 242.191459125983
18 181 242.666884368761
18 182 242.668212368761
20 203 242.669566368761
2 23 242.684707368761
18 183 242.696997368761
10 103 247.296563389977
17 173 250.655581680628
31 313 250.667884680628
13 133 250.669238680628
17 174 250.699429680628
0 3 254.1683551689
34 343 254.1739011689
39 393 254.1986761689
10 104 254.2000691689
28 284 256.256799591101
4 43 256.264872574012
7 73 271.67963740718
8 83 275.168059768469
1 14 275.169452768469
32 324 275.172212768469
26 263 277.670957941618
3 34 277.675058941618
31 314 279.660906542736
9 93 280.177479894221
21 213 280.180252894221
14 143 280.181606894221
9 94 280.182947894221
6 63 292.672074062735
33 333 292.676175062735
24 243 292.680250062735
34 344 292.688426062735
24 244 295.181499498029
11 114 295.192268262587
20 204 295.195002850773
29 294 295.199000438959
25 254 295.287679823434
23 233 295.29719741162
37 373 295.29857741162
23 234 295.29991841162
16 163 300.174064685101
6 64 300.189101685101
19 194 300.193319685101
30 304 309.162521677163
14 144 311.661810220218
13 134 311.663216220218
26 264 311.668775220218
36 364 311.692196220218
37 374 311.693589220218
14 145 315.197218821513
19 195 317.692792044071
5 54 322.165342744288
22 224 322.166761744288
21 214 323.172757434049
39 394 323.18616751001
1 15 323.267648495064
10 105 323.2730775652
4 44 332.194433818531
27 274 332.195839818531
27 275 332.259783814306
4 45 332.262517814306
23 235 332.263884814306
11 115 332.265251814306
31 315 332.268024814306
24 245 335.174767263013
25 255 340.167604830436
32 325 341.696779211686
7 74 355.665753080306
3 35 355.668474473241
7 75 355.669815473241
30 305 355.673943275183
28 285 355.67792768419
35 354 357.16544225182
35 355 357.16678325182
0 5 357.18747025182
6 65 360.164861002183
34 345 360.172404416067
39 395 360.173758416067
38 384 360.175086416067
38 385 360.181921416067
33 334 364.175580077422
33 335 364.176921077422
21 215 364.195994077422
3 36 368.188296484598
5 55 374.18337854451
15 154 374.19553854451
15 155 374.261250994206
36 365 374.262669994206
22 223 381.16245329276
37 375 381.19497097741
29 295 384.687963492496
17 175 391.698597310853
2 25 392.174728293992
26 265 392.180157293992
28 286 392.187031293992
36 366 392.188411293992
1 16 392.189752293992
2 26 392.191132293992
39 396 392.192525293992
7 76 396.263828750367
22 225 400.180471317948
22 226 400.183141161178
20 205 411.682314942052
29 296 411.685048942052
2 24 413.188605866433
13 136 428.655678566457
10 106 428.658451566457
6 66 428.678386739881
13 137 428.679753739881
37 376 433.166958487757
33 336 433.171124487757
15 156 433.172530487757
11 116 433.173884487757
17 176 433.176644487757
30 306 441.162421492718
13 135 441.188329492718
32 326 448.156818960938
34 346 457.157568063021
27 276 459.670508885155
20 206 459.675924885155
31 316 459.682617929943
19 196 459.68532621369
38 386 459.686667452337
25 256 459.755386315829
5 56 459.756740315829
1 17 459.758068315829
32 327 459.764968315829
34 347 459.766322315829
7 77 463.196099083646
11 117 463.198820083646
15 157 463.255574082683
25 257 463.256915082683
10 107 464.674735028345
21 217 468.171045882232
35 356 469.66923036219
2 27 484.665254729194
31 317 484.679106729194
35 357 487.659910237666
17 177 487.670310689289
3 37 487.675843689289
14 147 487.678564689289
0 6 493.165495785701
0 7 493.166888785701
6 67 493.168281785701
14 146 493.176626785701
26 266 497.676371058109
26 267 497.677712058109
24 246 497.679092058109
24 247 497.684586058109
14 148 497.758356062501
5 57 499.175608132011
20 207 499.176975132011
30 307 499.178303132011
1 18 499.26518760269
33 337 501.191245432123
37 377 501.192625432123
7 78 501.196843432123
19 197 508.166952457681
31 318 516.674115392162
24 248 518.16806761095
2 28 529.161191566087
22 227 529.185616499984
22 228 529.191084499984
32 328 529.192425499984
17 178 529.193792499984
0 8 529.197932499984
21 218 529.199286499984
23 238 545.20021841365
38 387 545.262257966627
7 79 545.266345966627
36 367 545.678544612859
29 298 547.663696859043
23 237 550.273605616427
27 278 550.294162616427
26 268 550.298328616427
30 308 550.299669616427
28 287 550.355458620847
28 288 550.356812620847
35 358 550.358231620847
34 348 550.359585620847
19 198 550.361004620847
37 378 550.363751620847
29 297 551.666628382003
27 277 551.680480382003
20 208 551.686026382003
5 58 551.688734382003
9 99 554.672198208261
11 118 555.655447931413
15 158 555.656788931413
11 119 555.677436931413
38 388 559.186488774896
2 29 559.189196774896
39 397 578.678727213548
39 399 578.680120213548
21 219 578.685666213548
31 319 578.687007213548
39 398 594.767742749744
19 199 597.685340874894
17 179 597.688061874894
25 258 602.164576276736
36 368 602.170057276736
24 249 602.172739276736
23 236 602.179548276736
33 338 602.183662276736
14 149 602.190484276736
33 339 602.191825276736
