15 200 51.658465103107
3 320 56.656848652031
25 320 56.656848652031
7 0 63.658199180115
39 0 63.658199180115
7 160 63.659540180115
39 160 63.659540180115
7 230 63.660946180115
39 230 63.660946180115
7 310 63.662300180115
39 310 63.662300180115
8 100 63.664995180115
39 100 63.664995180115
47 210 63.666388180115
39 210 63.666388180115
62 120 70.183946121856
49 120 70.183946121856
62 30 72.176875662575
69 30 72.176875662575
48 110 75.664337110436
79 110 75.664337110436
79 260 75.665691110436
53 180 75.684920110436
79 180 75.684920110436
53 370 75.686326110436
79 370 75.686326110436
29 1 80.671774025051
29 161 80.675862826289
86 171 80.683922627527
29 171 80.683922627527
17 381 96.681844909856
17 10 96.683250909856
1 140 96.686062909856
17 140 96.686062909856
1 220 96.687481909856
17 220 96.687481909856
9 240 96.688887909856
1 240 96.688887909856
17 240 96.688887909856
17 11 96.690306909856
1 40 96.691660909856
17 40 96.691660909856
1 41 96.693066909856
17 41 96.693066909856
30 350 97.190707727804
70 350 97.190707727804
75 350 97.190707727804
32 270 97.194925727804
70 270 97.194925727804
75 270 97.194925727804
78 20 97.196331727804
70 20 97.196331727804
75 20 97.196331727804
70 31 97.199143727804
75 31 97.199143727804
27 300 101.661386619343
77 141 101.669601619343
27 141 101.669601619343
75 181 101.693022619343
27 181 101.693022619343
35 130 105.658175720886
54 340 105.689668720886
68 340 105.689668720886
35 340 105.689668720886
0 311 105.691009720886
68 311 105.691009720886
35 311 105.691009720886
35 121 105.692389720886
44 190 111.667763000199
62 190 111.667763000199
15 190 111.667763000199
15 241 111.759703481503
80 280 124.159500880877
80 281 124.160828880877
80 321 124.171816880877
56 301 124.175956880877
80 301 124.175956880877
31 191 124.196435880877
0 191 124.196435880877
80 191 124.196435880877
13 330 124.197763880877
80 330 124.197763880877
80 131 124.199117880877
13 201 124.25696548028
80 201 124.25696548028
88 111 124.662233083174
79 111 124.662233083174
13 101 138.661013351772
13 361 138.785246729634
36 331 138.793371053622
13 331 138.793371053622
85 341 138.859663166905
36 341 138.859663166905
97 341 138.859663166905
97 42 138.866498166905
17 371 142.770482810738
86 371 142.770482810738
34 231 154.185811656603
6 231 154.185811656603
45 231 154.185811656603
48 172 163.669760830734
45 182 163.688937830734
17 182 163.688937830734
48 182 163.688937830734
45 221 163.690330830734
17 221 163.690330830734
48 221 163.690330830734
33 32 170.672109813981
6 222 170.680259813981
33 222 170.680259813981
33 202 170.684321813981
37 312 172.758173645906
51 312 172.758173645906
31 142 172.76084280955
37 142 172.76084280955
51 142 172.76084280955
88 372 172.855465577184
85 122 173.179755239254
38 122 173.179755239254
80 242 173.193230456446
38 242 173.193230456446
27 21 173.195964510744
38 21 173.195964510744
27 22 173.200013565042
38 22 173.200013565042
38 272 173.256885069178
66 360 173.659704998925
66 342 186.193823018706
20 342 186.193823018706
67 112 191.267750771057
0 232 198.195380451664
99 232 198.195380451664
67 262 198.196786451664
99 262 198.196786451664
81 123 209.281710026749
29 252 212.658191551076
81 391 212.663672551076
29 391 212.663672551076
81 251 212.665026551076
29 251 212.665026551076
5 392 212.674686551076
14 392 212.674686551076
29 392 212.674686551076
5 362 212.676092551076
14 362 212.676092551076
29 362 212.676092551076
82 192 214.172044587675
32 192 214.172044587675
82 102 214.173437587675
32 102 214.173437587675
67 352 214.181665587675
57 352 214.181665587675
32 352 214.181665587675
3 163 214.196624587675
32 163 214.196624587675
3 12 214.198030587675
32 12 214.198030587675
3 353 214.256903583335
32 353 214.256903583335
35 23 214.258322583335
3 23 214.258322583335
32 23 214.258322583335
63 322 220.669326019069
46 322 220.669326019069
73 211 224.170508182501
96 211 224.170508182501
73 212 224.171927182501
96 212 224.171927182501
42 153 224.180155182501
96 153 224.180155182501
41 33 225.674585976652
41 113 225.685560976652
41 303 225.695103976652
42 152 228.176580723077
73 152 228.176580723077
3 3 231.67347705965
77 13 237.680298135126
48 13 237.680298135126
15 13 237.680298135126
88 203 237.681717135126
48 203 237.681717135126
15 203 237.681717135126
27 253 242.167780648989
47 282 242.171933648989
82 282 242.171933648989
27 282 242.171933648989
80 363 242.187035648989
27 363 242.187035648989
51 183 242.693244384779
88 183 242.693244384779
0 43 242.696017384779
51 43 242.696017384779
88 43 242.696017384779
0 103 242.697345384779
51 103 242.697345384779
88 103 242.697345384779
31 133 246.677548262445
56 133 246.677548262445
91 313 250.663865858716
17 313 250.663865858716
92 393 251.267623799954
95 393 251.267623799954
75 393 251.267623799954
50 263 251.275812799954
74 263 251.275812799954
75 263 251.275812799954
75 104 251.285446799954
80 273 256.164212304012
28 273 256.164212304012
63 373 256.261336015489
50 373 256.261336015489
80 373 256.261336015489
97 44 271.674931359655
55 44 271.674931359655
6 333 275.183487734479
76 333 275.183487734479
40 333 275.183487734479
40 324 275.186286734479
76 14 275.187653734479
32 14 275.187653734479
40 14 275.187653734479
43 314 277.672580174315
43 34 277.673947174315
21 143 280.178918547848
9 143 280.178918547848
32 143 280.178918547848
10 343 280.182967547848
32 343 280.182967547848
92 193 280.184386547848
10 193 280.184386547848
32 193 280.184386547848
65 184 293.773441162012
19 184 293.773441162012
64 184 293.773441162012
73 254 293.774769162012
24 254 293.774769162012
64 254 293.774769162012
33 223 293.784377162012
14 223 293.784377162012
64 223 293.784377162012
64 144 293.785770162012
51 244 295.179203352573
51 114 295.189959117131
51 294 295.191313117131
73 344 295.27027569682
50 344 295.27027569682
51 344 295.27027569682
90 243 295.276994849183
50 243 295.276994849183
84 243 295.276994849183
23 384 295.286331025555
50 384 295.286331025555
84 384 295.286331025555
52 233 295.297228613741
84 233 295.297228613741
17 194 300.260394095044
70 304 303.698561551376
32 304 303.698561551376
50 304 303.698561551376
30 164 309.170627197838
92 164 309.170627197838
45 224 309.185664197838
92 224 309.185664197838
22 334 309.187018197838
45 334 309.187018197838
92 334 309.187018197838
83 213 309.267275532652
66 213 309.267275532652
92 213 309.267275532652
83 264 311.662852037217
87 364 311.684711037217
96 364 311.684711037217
83 364 311.684711037217
87 374 311.686104037217
96 374 311.686104037217
83 374 311.686104037217
86 234 317.673539236585
19 234 317.673539236585
86 154 317.674906236585
19 154 317.674906236585
49 354 317.676286236585
86 354 317.676286236585
19 354 317.676286236585
70 394 323.194835375485
76 15 323.270344425781
1 214 335.162459082622
10 214 335.162459082622
46 45 335.172145082622
10 45 335.172145082622
46 115 335.173525082622
10 115 335.173525082622
10 245 335.179006082622
98 355 340.175362855127
81 124 341.166084775838
81 275 341.197278775838
81 235 341.258539109479
65 383 341.699177734692
93 383 341.699177734692
27 383 341.699177734692
1 205 341.756813730149
27 205 341.756813730149
1 385 341.758232730149
27 385 341.758232730149
95 204 353.670723102768
35 204 353.670723102768
79 215 353.760792722755
76 215 353.760792722755
35 215 353.760792722755
74 285 354.19038456735
7 305 354.255548555788
74 305 354.255548555788
6 345 359.163824015371
12 4 359.165243015371
6 4 359.165243015371
16 24 359.166623015371
12 24 359.166623015371
6 24 359.166623015371
6 125 359.168016015371
44 274 359.172117015371
12 274 359.172117015371
6 274 359.172117015371
18 5 359.173510015371
12 5 359.173510015371
6 5 359.173510015371
18 165 359.174890015371
12 165 359.174890015371
6 165 359.174890015371
12 185 359.176257015371
6 185 359.176257015371
18 25 359.177624015371
12 25 359.177624015371
6 25 359.177624015371
5 255 374.170037959353
94 255 374.170037959353
5 265 374.171404959353
94 265 374.171404959353
36 155 374.197429959353
94 155 374.197429959353
94 365 374.198757959353
80 295 381.178209664813
1 315 381.186411664813
80 315 381.186411664813
21 375 381.194665664813
80 375 381.194665664813
84 335 383.163064037105
33 134 383.164444037105
84 134 383.164444037105
52 175 383.165863037105
84 175 383.165863037105
60 225 384.764893870945
42 225 384.764893870945
21 225 384.764893870945
36 146 392.170971699406
16 395 392.179277699406
37 395 392.179277699406
36 395 392.179277699406
39 166 392.190135699406
54 166 392.190135699406
36 166 392.190135699406
39 16 392.191502699406
54 16 392.191502699406
36 16 392.191502699406
39 26 392.192830699406
54 26 392.192830699406
36 26 392.192830699406
65 46 401.69159386212
60 46 401.69159386212
93 276 407.196615143982
59 276 407.196615143982
27 176 407.197969143982
93 176 407.197969143982
59 176 407.197969143982
54 396 413.17792889338
1 296 418.678866647339
99 6 418.680272647339
1 6 418.680272647339
9 336 418.681639647339
1 336 418.681639647339
68 286 423.174535199359
67 286 423.174535199359
13 106 428.656928675032
83 186 428.667942675032
13 186 428.667942675032
77 137 430.27217291454
32 206 437.76682642804
72 316 437.77367442804
32 316 437.77367442804
87 135 441.187288599803
56 135 441.187288599803
78 135 441.187288599803
89 256 463.171112997293
89 156 463.184860997293
15 116 463.186253997293
89 116 463.186253997293
89 236 463.190419997293
89 117 463.25970499633
89 157 463.26239999633
89 346 463.26379299633
58 107 464.66977040386
77 107 464.66977040386
34 386 464.684508993963
86 386 464.684508993963
1 386 464.684508993963
40 306 468.665822259014
43 126 468.687811259014
40 126 468.687811259014
43 177 468.690597259014
40 177 468.690597259014
96 196 468.759641683953
47 196 468.759641683953
40 196 468.759641683953
96 356 468.760995683953
47 356 468.760995683953
40 356 468.760995683953
96 357 469.667387207145
46 47 469.679664207145
35 47 469.679664207145
96 47 469.679664207145
17 127 484.666532035782
92 317 498.666719119357
92 307 498.673489119357
30 287 498.674830119357
92 287 498.674830119357
92 27 498.677564119357
42 246 498.680363119357
92 246 498.680363119357
42 247 498.681743119357
92 247 498.681743119357
70 197 498.689919119357
92 197 498.689919119357
70 147 498.691260119357
92 147 498.691260119357
61 187 498.692614119357
19 187 498.692614119357
92 187 498.692614119357
68 217 498.765225120069
77 217 498.765225120069
92 217 498.765225120069
68 376 498.766592120069
1 376 498.766592120069
92 376 498.766592120069
73 7 514.161465493771
55 207 514.169693493771
73 207 514.169693493771
42 266 514.179314493771
95 266 514.179314493771
73 266 514.179314493771
94 277 514.183441493771
73 277 514.183441493771
66 167 514.184782493771
94 167 514.184782493771
73 167 514.184782493771
74 297 514.186175493771
94 297 514.186175493771
73 297 514.186175493771
24 138 518.162494983931
2 298 529.166557691058
2 268 529.170710691058
2 288 529.174811691058
66 278 529.176191691058
28 278 529.176191691058
2 278 529.176191691058
49 188 529.177610691058
28 188 529.177610691058
2 188 529.177610691058
2 8 529.181685691058
86 387 532.17159712145
86 388 532.17434412145
86 318 532.17848412145
86 238 532.17987712145
43 337 532.18262412145
23 337 532.18262412145
86 337 532.18262412145
23 168 532.18531912145
86 168 532.18531912145
86 218 532.18811812145
14 267 532.19227112145
21 267 532.19227112145
86 267 532.19227112145
21 148 532.19366412145
86 148 532.19366412145
56 158 536.178030999006
46 158 536.178030999006
76 377 536.185060999006
46 377 536.185060999006
76 227 536.186479999006
46 227 536.186479999006
76 228 536.187846999006
46 228 536.187846999006
46 328 536.191999999006
46 128 536.198782999006
46 178 536.200175999006
56 338 536.256978997695
46 338 536.256978997695
66 28 547.66523780268
69 397 547.68330780268
66 397 547.68330780268
69 38 547.68610680268
66 38 547.68610680268
69 18 547.69028580268
66 18 547.69028580268
69 348 547.69162680268
66 348 547.69162680268
62 208 547.69719880268
44 208 547.69719880268
66 208 547.69719880268
44 198 547.69856580268
66 198 547.69856580268
57 237 547.756976798435
44 237 547.756976798435
66 237 547.756976798435
49 358 547.758395798435
66 358 547.758395798435
65 378 547.759762798435
66 378 547.759762798435
52 308 552.176510852719
67 169 557.355395558077
80 48 578.670936761555
60 48 578.670936761555
5 398 578.672277761555
60 398 578.672277761555
60 9 578.679138761555
60 399 578.695646761555
89 139 593.770725650581
21 139 593.770725650581
94 29 593.772053650581
21 29 593.772053650581
89 289 593.778784650581
21 289 593.778784650581
