95 950 69.955463889486
92 920 86.158559372032
87 870 87.655441678884
96 960 92.35544498546
83 830 92.35686398546
84 840 92.363445093428
94 940 92.367637093428
80 800 128.155602274191
91 910 128.156995274191
89 890 128.178581852399
97 970 128.179909852399
97 971 128.181276852399
86 860 131.255492671214
90 900 131.259632671214
80 801 131.678805693237
98 980 131.684286693237
87 871 131.687020693237
88 881 134.258401773769
93 930 134.655398814092
85 850 134.657300566424
93 931 134.660047187241
99 990 134.670764584049
99 991 134.672144584049
83 831 177.17926624233
85 851 177.18064624233
98 981 177.18336724233
89 891 177.18470824233
92 921 177.18610124233
82 821 177.18748124233
82 820 177.18890024233
94 941 177.19025424233
99 992 181.688309293732
81 810 196.363146759143
90 901 196.365971759143
81 811 197.670122490803
93 932 197.683974490803
81 812 216.656747793621
89 892 216.658166793621
84 841 216.660862236663
84 842 216.674273565789
90 902 216.685081164935
97 972 216.697229051019
98 982 216.698648051019
86 861 217.661482755078
86 862 217.665570755078
95 951 217.669658755078
95 952 217.671064755078
96 961 218.35540610313
82 822 219.265476212723
88 882 222.374491700725
96 962 239.682499562377
91 911 240.358205147698
96 963 240.377382147698
92 922 240.381496147698
88 883 240.859539652766
91 912 243.65543895724
95 953 247.769888973357
85 852 262.158414043159
80 802 262.183823117133
98 983 262.794040782997
80 803 263.26189828697
92 923 263.28944628697
99 993 284.189318657647
91 913 284.193458657647
90 903 287.155501818177
87 872 304.160223110653
90 904 304.178033110653
82 824 305.158814367393
82 823 305.17252411258
96 964 305.17938511258
83 833 305.18075211258
83 834 305.18211911258
85 853 305.656823712756
84 844 306.171427335182
83 832 312.66130488443
81 813 312.67623868147
92 924 312.677566836443
81 814 330.658257764119
89 893 330.659637764119
84 843 330.660965764119
95 954 335.184365124224
94 943 349.658672393749
94 944 349.660612807249
97 973 349.672339067859
86 864 349.677820067859
87 873 349.679161067859
98 984 349.680528067859
88 884 349.681921067859
91 914 349.683340067859
80 804 354.266221950541
86 863 357.162349912301
93 933 357.163742912301
98 985 357.185510912301
80 805 357.691399017251
85 854 372.768158631572
97 974 372.775084631572
82 825 372.776490631572
84 845 372.780604631572
87 874 373.290362548517
81 815 379.692942433105
89 894 379.697069433105
90 905 379.698436433105
83 835 384.669731610609
99 994 384.671124610609
99 995 384.672478610609
91 915 393.665543000268
85 855 393.666910000268
94 945 400.85692088958
97 975 423.669278730931
93 934 436.17150338025
93 935 436.17289638025
96 965 459.162790365793
84 846 459.164170365793
88 885 459.166956365793
88 886 459.168284365793
95 955 459.171031365793
86 865 460.162327923797
86 866 460.166992352149
90 906 460.168320352149
87 876 460.171041352149
93 936 460.172408352149
89 895 462.655641173022
89 896 462.656982173022
81 816 462.661096173022
97 976 462.670601586244
98 986 462.678622058255
96 966 481.67021637135
83 836 481.67436937135
85 856 485.657007314076
82 826 488.666633589909
96 967 489.190949649641
80 806 502.669279682002
84 847 502.674760682002
82 827 503.169922991572
95 956 503.172682991572
95 957 503.178111991572
86 867 546.693114675073
88 887 546.694507675073
86 868 546.697293675073
99 997 546.698699675073
87 878 546.755646592324
81 817 548.770330983683
97 977 548.774444983683
88 888 548.775837983683
90 907 548.778597983683
99 996 549.692516696492
97 978 556.669214421888
80 807 565.163081627392
90 908 565.164474627392
87 877 572.663397066634
80 808 572.667498066634
85 857 573.270768973001
93 938 593.266436019955
82 828 593.267855019955
84 848 593.269261019955
98 988 593.270654019955
98 987 593.272008019955
83 837 593.276083019955
93 939 593.277450019955
