60 850 74.156715983197
65 790 76.657044698232
65 870 76.658450698232
69 620 78.756819110617
53 780 83.161343390936
53 840 83.165535390936
29 860 85.667265655229
29 730 85.671457655229
73 660 85.672863655229
29 660 85.672863655229
96 830 92.357039831513
1 820 92.369407831513
96 820 92.369407831513
33 890 100.77886022197
0 890 100.77886022197
69 890 100.77886022197
75 700 103.656735861922
70 770 103.658128861922
75 770 103.658128861922
70 810 103.659508861922
75 810 103.659508861922
75 760 103.665041861922
70 750 121.860982315523
79 750 121.860982315523
11 880 121.865109315523
70 880 121.865109315523
79 880 121.865109315523
79 701 121.866489315523
79 881 121.867869315523
0 680 122.158811858114
0 720 122.16345025356
72 740 122.166180940403
0 740 122.166180940403
0 681 122.171830940403
42 800 122.178717940403
12 800 122.178717940403
0 800 122.178717940403
0 801 122.184198940403
86 731 131.267832394351
13 761 132.689334266345
91 891 132.692016266345
76 891 132.692016266345
13 891 132.692016266345
36 771 132.697497266345
13 771 132.697497266345
77 631 132.698851266345
36 631 132.698851266345
13 631 132.698851266345
36 831 132.755514619947
13 831 132.755514619947
83 721 132.756855619947
36 721 132.756855619947
13 721 132.756855619947
93 651 134.667617042078
97 640 136.656833448028
97 871 136.674643448028
24 691 141.269126496976
17 711 145.668221335745
91 841 145.679235335745
17 841 145.679235335745
89 670 145.684664335745
91 670 145.684664335745
17 670 145.684664335745
22 741 168.673064278151
6 741 168.673064278151
46 821 168.756835274428
33 821 168.756835274428
6 821 168.756835274428
46 851 168.758228274428
33 851 168.758228274428
6 851 168.758228274428
33 661 168.759595274428
6 661 168.759595274428
20 641 168.762342274428
6 641 168.762342274428
63 671 168.763709274428
20 671 168.763709274428
6 671 168.763709274428
12 781 177.176437965185
38 781 177.176437965185
66 882 187.291247492893
23 802 188.874584675243
67 802 188.874584675243
93 802 188.874584675243
29 811 207.261150153333
62 811 207.261150153333
62 712 207.263988153333
71 682 207.266787153333
62 682 207.266787153333
62 812 207.268167153333
85 842 207.269586153333
5 842 207.269586153333
62 842 207.269586153333
5 892 207.270992153333
62 892 207.270992153333
12 742 207.292799153333
62 742 207.292799153333
90 852 207.294166153333
12 852 207.294166153333
62 852 207.294166153333
98 601 207.356971148883
84 601 207.356971148883
62 601 207.356971148883
84 832 207.358364148883
62 832 207.358364148883
64 652 208.163799694288
55 782 208.169267694288
64 782 208.169267694288
53 722 208.174735694288
34 722 208.174735694288
64 722 208.174735694288
53 862 208.176128694288
34 862 208.176128694288
64 862 208.176128694288
72 612 208.181531694288
56 612 208.181531694288
64 612 208.181531694288
61 752 208.189772694288
86 752 208.189772694288
64 752 208.189772694288
69 702 208.672927937403
39 632 209.280938838987
32 632 209.280938838987
46 632 209.280938838987
32 822 216.679776148539
58 732 218.397020949183
96 732 218.397020949183
10 762 219.681435144584
3 762 219.681435144584
41 762 219.681435144584
41 603 219.695053144584
3 772 236.963657769948
3 602 236.977418769948
88 792 240.797363608545
15 792 240.797363608545
88 623 242.195714890628
91 673 254.894848445619
17 673 254.894848445619
84 613 262.176738121228
98 803 262.189093121228
84 803 262.189093121228
98 643 262.191866121228
84 643 262.191866121228
80 763 268.674887684214
36 633 277.291900284221
76 633 277.291900284221
40 633 277.291900284221
76 872 277.355590796279
9 872 277.355590796279
40 872 277.355590796279
75 773 277.459820289792
32 773 277.459820289792
43 713 277.462593289792
32 713 277.462593289792
31 674 286.700078512036
9 674 286.700078512036
11 683 300.25941631363
51 683 300.25941631363
67 783 300.263440067512
20 783 300.263440067512
51 783 300.263440067512
9 753 300.276995329158
51 753 300.276995329158
18 653 300.762182694089
20 653 300.762182694089
84 653 300.762182694089
67 893 300.767689694089
84 893 300.767689694089
92 714 302.979540148617
14 714 302.979540148617
14 804 303.055462147868
65 723 303.060930147868
51 723 303.060930147868
14 723 303.060930147868
8 634 303.065109147868
64 634 303.065109147868
14 634 303.065109147868
8 784 303.069236147868
64 784 303.069236147868
14 784 303.069236147868
8 824 303.070616147868
64 824 303.070616147868
14 824 303.070616147868
8 834 303.071996147868
64 834 303.071996147868
14 834 303.071996147868
82 663 305.156851909205
83 853 305.65698578369
83 664 305.66378178369
5 854 305.68830978369
83 854 305.68830978369
96 873 305.69513178369
83 873 305.69513178369
87 693 305.69785278369
96 693 305.69785278369
83 693 305.69785278369
96 764 305.69921978369
83 764 305.69921978369
19 863 309.194606030787
17 863 309.194606030787
19 864 309.274333069464
17 774 316.277247452089
58 774 316.277247452089
86 694 316.281361452089
19 694 316.281361452089
58 694 316.281361452089
85 614 316.284095452089
42 614 316.284095452089
58 614 316.284095452089
81 703 330.658213633807
53 654 335.193887168147
98 654 335.193887168147
98 704 335.195254168147
73 684 353.666758347823
35 684 353.666758347823
35 734 353.668164347823
6 884 353.698433347823
59 884 353.698433347823
35 884 353.698433347823
43 724 353.757024348158
35 724 353.757024348158
7 744 356.366078848421
74 604 356.367419848421
7 604 356.367419848421
74 644 357.770922139764
75 705 357.862486811737
74 705 357.862486811737
21 624 382.164357768375
81 805 382.173939768375
21 805 382.173939768375
8 835 382.175293768375
21 835 382.175293768375
8 615 382.176660768375
21 615 382.176660768375
73 695 382.184732768375
23 695 382.184732768375
21 695 382.184732768375
61 894 384.664820897145
81 894 384.664820897145
81 625 384.690484131581
3 895 387.287561786172
52 785 390.995915534862
58 785 390.995915534862
52 845 390.997308534862
58 845 390.997308534862
46 685 393.169311500269
36 685 393.169311500269
47 675 393.172045500269
37 675 393.172045500269
36 675 393.172045500269
47 855 393.173464500269
37 855 393.173464500269
36 855 393.173464500269
47 765 393.174844500269
37 765 393.174844500269
36 765 393.174844500269
82 735 393.181718500269
36 735 393.181718500269
73 725 393.183059500269
82 725 393.183059500269
36 725 393.183059500269
85 754 393.191326500269
49 754 393.191326500269
36 754 393.191326500269
85 775 393.192654500269
49 775 393.192654500269
36 775 393.192654500269
56 795 393.195427500269
49 795 393.195427500269
36 795 393.195427500269
22 605 407.768783834731
26 874 407.784980413838
56 874 407.784980413838
59 874 407.784980413838
93 645 407.869013061842
59 645 407.869013061842
60 715 408.775350011121
54 885 410.162415585693
13 875 432.66176943784
13 836 432.68090743784
64 635 434.97884570938
77 635 434.97884570938
64 665 434.98023870938
77 665 434.98023870938
77 646 434.98713870938
77 816 434.98985970938
25 865 434.99125270938
87 865 434.99125270938
77 865 434.99125270938
77 876 434.99409070938
93 786 434.99821770938
77 786 434.99821770938
78 896 435.193023906756
89 866 435.195796906756
78 866 435.195796906756
5 706 435.27060590294
11 706 435.27060590294
78 706 435.27060590294
32 825 441.68792627488
32 746 441.69461827488
1 846 462.684378964973
89 846 462.684378964973
68 856 474.15876140754
34 716 474.162849469327
47 886 474.259461667133
68 886 474.259461667133
35 726 475.297242633299
3 627 485.188675346303
17 627 485.188675346303
14 826 485.282931181454
26 656 485.289662181454
14 656 485.289662181454
26 766 485.293828181454
14 766 485.293828181454
42 626 485.295247181454
26 626 485.295247181454
14 626 485.295247181454
14 707 485.299387181454
1 777 485.371062995288
14 777 485.371062995288
1 687 485.380696995288
14 687 485.380696995288
96 666 489.169103943096
96 736 489.171785943096
76 637 496.259470911083
33 637 496.259470911083
7 637 496.259470911083
33 767 496.260876911083
7 767 496.260876911083
42 655 496.263610911083
22 655 496.263610911083
7 655 496.263610911083
12 636 496.269013911083
22 636 496.269013911083
7 636 496.269013911083
46 616 498.169303866277
72 616 498.169303866277
72 737 498.170683866277
79 696 498.172037866277
72 696 498.172037866277
72 797 498.176073866277
79 617 498.177479866277
72 617 498.177479866277
31 796 498.178807866277
72 796 498.178807866277
31 787 498.180226866277
72 787 498.180226866277
73 887 498.181567866277
72 887 498.181567866277
73 677 498.182895866277
72 677 498.182895866277
44 657 508.273613501043
89 657 508.273613501043
92 657 508.273613501043
24 857 529.175047908176
24 877 529.186815768114
87 647 529.188143768114
24 647 529.188143768114
66 757 543.25674782314
90 817 544.978284570645
55 817 544.978284570645
46 817 544.978284570645
55 717 544.979651570645
46 717 544.979651570645
55 718 544.981018570645
46 718 544.981018570645
55 868 544.982359570645
46 868 544.982359570645
46 668 544.987788570645
66 698 544.991941570645
46 698 544.991941570645
65 697 544.993321570645
66 697 544.993321570645
46 697 544.993321570645
65 897 544.994714570645
66 897 544.994714570645
46 897 544.994714570645
66 658 544.996094570645
46 658 544.996094570645
91 628 544.997487570645
66 628 544.997487570645
46 628 544.997487570645
2 827 549.276242288518
86 827 549.276242288518
11 607 553.159576904783
39 638 554.782179845554
67 638 554.782179845554
39 747 554.783533845554
67 747 554.783533845554
39 748 554.786267845554
67 748 554.786267845554
29 708 554.789014845554
39 708 554.789014845554
67 708 554.789014845554
29 808 554.790381845554
39 808 554.790381845554
67 808 554.790381845554
31 688 564.685864226125
90 688 564.685864226125
9 688 564.685864226125
28 888 568.674505050707
39 888 568.674505050707
28 738 568.675872050707
39 738 568.675872050707
73 678 568.677252050707
28 678 568.677252050707
39 678 568.677252050707
70 807 568.681366050707
29 807 568.681366050707
39 807 568.681366050707
39 608 568.697705050707
21 798 568.765028046687
39 798 568.765028046687
