17 17 7 17 3 8 0.005 0.004 0 5 5 67.9008
42 42 40 157 11 72 0.0939922 0.0769922 0 21 21 1179.68
71 71 75 423 19 152 0.233461 0.205461 1 28 28 3223.59
95 95 118 704 29 249 0.35098 0.31823 8 46 45 5584.34
118 118 153 934 38 326 0.422965 0.387652 29 64 62 7417.99
146 146 191 1264 44 413 0.495148 0.457492 59 76 74 9693.09
169 169 225 1496 51 485 0.54321 0.504351 89 89 86 11590.6
194 194 259 1611 59 559 0.585966 0.546638 89 99 96 13542.8
209 209 290 1711 66 632 0.617951 0.578353 93 106 103 15461.6
224 224 312 1829 70 689 0.639588 0.599866 94 114 111 16805.9
