17 17 8 1 3 12 0.016 0.014 0 3 3 35.2552
42 42 39 142 17 74 0.100875 0.097375 37 15 13 1088.67
69 69 80 641 38 144 0.183375 0.182375 72 37 33 2895.89
94 94 125 960 58 230 0.271344 0.274094 165 54 47 5363.02
118 118 162 1287 78 284 0.308344 0.309719 222 71 63 6919.66
145 145 197 1725 97 345 0.343141 0.344453 222 88 80 9083.52
167 167 236 2061 115 423 0.40375 0.404375 251 105 96 10968.9
186 186 267 2316 128 478 0.436396 0.436748 267 120 109 12562.1
202 202 298 2394 142 537 0.472634 0.472825 302 126 114 14509.4
217 217 332 2570 159 608 0.513297 0.513404 326 140 127 16349.6
