22 109 70 59 3.42973 29 15 0.68897 23 0
204 944 286 262 10.5597 76 40 1.83808 768 36
458 2021 393 359 12.9467 135 68 3.12453 1989 856
721 3120 430 407 14.2669 175 93 4.27281 2649 2954
972 4161 471 449 14.9338 205 117 5.37366 3335 7230
1222 5242 522 505 16.4582 250 142 6.52302 4146 11768
1498 6598 557 544 17.0197 300 164 7.53398 4618 16920
1751 7640 590 585 18.3039 335 183 8.40653 5033 20224
2012 8724 628 621 18.7467 355 199 9.14187 5575 23234
2269 9843 646 645 19.2382 371 215 9.87601 5885 27118
