15 15 2 1 0 2 0.002 0 0 2 2 0.11078
40 40 33 151 3 70 0.118438 0.0924375 0 20 20 770.578
67 67 76 807 10 178 0.280187 0.237187 0 42 42 2566.27
94 94 118 1193 13 283 0.407832 0.356082 0 60 60 4243.87
121 121 149 1481 16 363 0.49077 0.43577 0 74 74 5198.31
146 146 189 1998 22 460 0.573019 0.515832 0 92 92 7050.84
168 168 229 2440 27 580 0.644689 0.58608 34 107 107 9006.93
185 185 255 2618 31 637 0.66982 0.610773 34 120 120 10038.3
201 201 308 2778 37 781 0.718434 0.658813 34 128 128 12832
217 217 323 3047 40 820 0.731487 0.671795 34 137 137 13598.1
