89 321 109 109 4.9889 45 16 0.33457 198 0
311 1154 206 203 8.24217 76 41 0.858104 1226 135
562 2046 238 238 9.07594 136 67 1.40277 2003 1186
825 2950 276 282 10.2072 170 93 1.94596 2680 1659
1094 3916 311 322 11.3622 196 115 2.4052 3421 2721
1354 4895 378 397 13.3209 243 141 2.94893 4349 4431
1612 6007 430 449 14.512 268 162 3.3875 5187 5526
1872 7066 454 476 15.1329 297 181 3.78543 5635 6263
2141 8136 479 505 15.8034 313 197 4.12001 6163 7612
2411 9272 514 542 16.6069 336 212 4.43299 6917 8613
