14 14 3 0 3 3 -0.003 0 0 1 1 22.1703
39 39 35 84 33 39 -0.011 0.016 26 16 14 1171.83
67 67 68 317 56 84 0.02 0.052 160 31 26 2846.4
91 91 110 499 85 151 0.08925 0.13 279 46 36 5723.79
117 117 139 689 101 200 0.142125 0.18275 347 63 50 7567.44
142 142 162 808 115 232 0.167906 0.20775 394 82 65 8920.39
165 165 172 935 119 250 0.183688 0.22325 470 97 74 9423.56
184 184 193 975 128 287 0.211188 0.250437 481 111 86 10792.2
200 200 207 1024 136 313 0.240781 0.279937 501 122 96 11718
215 215 232 1151 149 361 0.292367 0.331437 530 136 110 13224.9
