16 16 6 6 2 7 0.006 0.004 0 6 6 89.3374
41 41 54 278 16 107 0.137219 0.118219 13 17 17 1954.77
67 67 96 736 26 199 0.252148 0.223148 46 31 30 3930.62
93 93 127 1045 31 272 0.336023 0.302398 46 43 42 5566.83
115 115 169 1448 40 370 0.423076 0.386451 46 58 57 7392.28
141 141 210 1857 49 461 0.503953 0.465578 108 77 74 9403.67
162 162 238 2256 57 524 0.5545 0.515515 138 96 92 10721.5
181 181 270 2381 60 605 0.583791 0.544322 138 107 103 12444.1
197 197 300 2551 68 675 0.622568 0.58288 138 117 113 14118.5
212 212 337 2705 71 787 0.672043 0.632187 138 128 124 16179.5
