15 15 7 1 4 10 0.011 0.012 0 3 3 24.1966
40 40 43 184 33 57 0.0285 0.05 34 17 16 1229.68
67 67 70 429 50 96 0.06125 0.087 118 36 31 2338.91
93 93 120 679 87 169 0.10925 0.1495 253 52 41 5525.91
115 115 149 867 108 215 0.152812 0.19325 336 69 56 6861.97
140 140 192 1126 141 274 0.193094 0.23375 421 89 72 9497.84
162 162 220 1324 161 317 0.220266 0.260625 444 106 85 10923.7
181 181 241 1399 169 360 0.254043 0.294184 490 119 94 12006.7
196 196 265 1443 185 396 0.271598 0.311684 534 129 102 13532.1
211 211 288 1541 201 431 0.293631 0.333684 574 140 111 14574.1
