16 16 3 0 1 6 0.011 0.01 0 1 1 78.686
41 41 24 76 8 46 0.0745 0.0675 0 14 14 751.548
69 69 38 223 9 81 0.14575 0.1315 0 28 28 1467.6
94 94 54 300 13 113 0.188875 0.17225 0 43 43 2311.52
120 120 74 380 20 154 0.236437 0.21925 0 53 53 3614.29
144 144 100 551 25 214 0.318937 0.300125 0 69 69 5142.77
166 166 114 654 28 250 0.380703 0.361375 0 84 84 5791.29
185 185 126 688 29 276 0.402047 0.382437 0 96 96 6545.41
201 201 145 762 32 322 0.450551 0.43075 0 104 104 7705.85
216 216 163 829 38 364 0.488863 0.468969 0 115 115 8786.61
