18 18 6 8 3 7 0.004 0.004 0 3 3 64.8477
45 45 20 62 12 24 0.0135 0.016 0 14 14 432.367
75 75 32 107 18 48 0.04725 0.04975 2 20 19 1291.64
107 107 50 201 28 72 0.06475 0.06875 13 39 38 2521.7
132 132 73 296 36 123 0.14925 0.15075 65 56 52 3862.23
162 162 84 468 42 142 0.174875 0.17575 77 72 68 4492.56
188 188 105 638 52 187 0.237391 0.2375 84 87 82 5710.91
209 209 121 696 57 221 0.273797 0.273625 84 98 93 6780.04
225 225 133 732 64 245 0.301406 0.301187 85 110 104 7551.46
240 240 147 792 65 282 0.350047 0.349625 85 119 113 8462.44
