53 211 98 89 4.43479 28 14 0.270705 75 0
282 1118 203 190 7.88105 71 39 0.755381 651 182
539 2073 240 236 8.8293 124 65 1.26534 1402 1447
800 3024 267 272 9.29745 168 89 1.73087 1947 4136
1057 4010 310 322 10.2454 208 115 2.23418 2454 7884
1311 5085 392 408 12.0864 251 140 2.7194 3068 10921
1569 6205 433 450 12.6625 304 162 3.14747 3370 16047
1820 7187 475 496 13.3548 324 181 3.51567 3607 19393
2084 8243 499 525 13.6123 340 197 3.82493 3840 22610
2345 9401 536 569 14.3562 357 212 4.11566 4193 28261
