88 308 109 98 4.63241 31 16 0.480618 179 0
311 1169 212 200 7.83355 65 41 1.23147 1319 612
563 2105 235 224 8.20571 116 67 2.01197 1784 2928
826 3065 266 262 8.81034 160 93 2.79214 2443 5430
1099 4127 286 290 9.38368 184 117 3.51149 2982 9562
1369 5163 332 343 10.3689 219 142 4.26158 3735 13390
1621 6199 386 405 11.6374 249 166 4.98219 4375 17295
1884 7238 428 448 12.4114 277 185 5.55178 4910 20071
2153 8265 436 461 12.5576 293 201 6.03193 5072 23816
2418 9392 460 491 12.9464 312 216 6.48309 5525 28398
