17 17 7 6 3 10 0.013 0.012 0 6 6 107.894
41 41 54 196 31 80 0.0664375 0.0719375 53 18 18 2071.69
69 69 91 591 47 151 0.156375 0.159375 113 31 29 3969.82
96 96 128 869 64 220 0.23075 0.234375 137 45 42 6030.97
121 121 176 1259 88 304 0.303168 0.30523 137 58 55 8485.69
146 146 213 1721 103 367 0.357357 0.358357 162 77 73 10008
167 167 238 2035 113 419 0.406574 0.407121 195 91 86 11422.6
186 186 268 2223 128 474 0.454785 0.455121 195 103 98 12915.4
202 202 300 2407 144 533 0.484535 0.484746 195 113 108 14483.9
218 218 332 2628 154 612 0.522774 0.522864 195 123 118 16191.8
