17 17 1 0 1 1 -0.001 0 0 1 1 0.0556513
42 42 24 78 12 46 0.05625 0.05625 0 12 12 907.652
68 68 41 278 20 76 0.09175 0.09175 18 35 33 1843.96
93 93 55 333 27 99 0.11225 0.1135 38 48 43 2571.59
117 117 75 461 32 137 0.16825 0.168875 44 66 60 3797.15
143 143 87 639 38 156 0.192656 0.192875 45 85 78 4533.18
167 167 103 729 41 186 0.219969 0.21975 45 102 95 5390.9
186 186 107 770 43 194 0.2335 0.23375 45 114 107 5569.65
202 202 129 824 51 240 0.270301 0.270406 45 126 119 7138.98
217 217 137 883 51 265 0.307785 0.307844 58 142 133 7614.38
