13 13 8 1 4 10 0.008 0.008 0 3 3 35.2555
44 44 43 189 10 82 0.120484 0.0984844 5 19 18 1149.84
71 71 80 636 21 158 0.225672 0.197672 48 36 34 2614.32
97 97 115 929 30 235 0.328234 0.296859 78 50 47 4665.91
127 127 163 1453 37 347 0.439313 0.402438 82 70 66 6736.47
155 155 187 1924 40 402 0.482832 0.444426 82 92 88 7963.22
177 177 227 2185 47 488 0.525909 0.486487 82 107 103 9640.27
196 196 245 2268 50 527 0.556694 0.516937 89 115 110 10543.8
212 212 274 2452 54 600 0.580609 0.540507 112 125 120 12368.9
228 228 318 2615 57 722 0.635927 0.595585 148 138 132 14778.6
