40 221 100 86 4.96759 25 15 0.546393 83 0
255 1230 244 227 9.48105 56 40 1.45639 1140 85
509 2227 299 286 10.4469 109 67 2.44022 2012 848
774 3270 328 323 11.0245 145 93 3.38807 2699 3033
1043 4432 350 355 11.6553 169 115 4.18886 3265 5152
1297 5506 402 414 12.6318 214 140 5.10083 4156 9659
1553 6668 453 473 13.7652 263 162 5.90342 4851 13287
1818 7717 494 516 14.3432 298 181 6.59595 5248 16791
2075 8729 516 543 14.6754 325 196 7.14309 5566 20829
2326 9940 553 586 15.2205 344 211 7.68975 5980 26147
