15 15 3 1 1 3 0.001 0 0 2 2 0.166492
40 40 28 150 19 32 0.005 0.016 0 19 19 582.303
68 68 74 530 56 96 0.053 0.082 29 41 39 2781.04
93 93 114 862 84 148 0.0848751 0.124 144 58 52 4839.34
117 117 136 1098 98 187 0.133938 0.174 255 70 62 5823.33
142 142 172 1439 126 242 0.185125 0.225 365 89 75 7550.78
164 164 206 1597 148 296 0.227812 0.26725 449 104 85 9742.9
183 183 233 1804 164 342 0.259555 0.29875 467 118 98 11269.8
199 199 252 1957 177 375 0.290383 0.3295 488 125 104 12188.3
215 215 268 2028 181 409 0.323822 0.362875 527 135 111 12997.5
