16 16 3 0 2 4 0.003 0.004 0 2 2 22.1685
41 41 35 88 24 53 0.036375 0.048875 0 14 14 1376.16
67 67 78 450 55 116 0.077875 0.104875 149 28 26 3509.61
92 92 116 692 85 173 0.124375 0.163375 235 45 40 5698.93
116 116 152 893 109 233 0.187 0.227125 275 61 53 7425.42
142 142 187 1100 132 284 0.235156 0.275125 342 76 65 9536.75
166 166 209 1267 147 317 0.259203 0.299 464 93 77 10728.3
185 185 233 1395 164 351 0.284805 0.3245 517 104 85 12211.5
201 201 258 1452 177 398 0.327418 0.367 533 111 91 13737.3
216 216 283 1555 195 437 0.353945 0.3935 550 122 102 15112.4
