40 208 97 79 4.5616 42 12 0.329893 81 0
258 1140 241 218 8.39733 134 38 1.04358 1015 113
511 2124 308 293 10.1048 229 63 1.7316 2165 942
769 3162 345 341 11.1985 323 87 2.39172 2888 1845
1035 4281 398 406 11.9838 407 111 3.10989 3986 3871
1296 5440 488 493 13.4901 490 136 3.80837 5104 4858
1559 6626 553 564 14.9239 578 157 4.39107 5853 7026
1805 7625 581 594 15.4222 617 175 4.88822 6265 8248
2079 8749 594 612 15.6932 654 190 5.29922 6638 10155
2344 9924 640 658 16.1066 702 205 5.70956 7498 13021
