17 17 3 1 0 3 0.003 0 0 2 2 0.166609
42 42 29 114 10 43 0.058 0.05 12 19 19 573.685
73 73 77 631 39 126 0.16 0.1605 13 40 39 2608.04
100 100 113 908 56 187 0.210375 0.21425 136 58 54 4241.23
125 125 148 1176 71 265 0.305375 0.308438 165 72 68 5817.42
153 153 193 1678 96 346 0.367063 0.3685 231 93 86 8082.93
178 178 229 1972 109 412 0.41125 0.411938 234 110 101 9507.8
200 200 256 2105 122 465 0.432734 0.433148 259 123 113 10683.8
215 215 274 2219 127 508 0.446301 0.44657 259 135 125 11571
233 233 307 2325 136 587 0.494809 0.494929 289 147 135 13564.3
