15 15 4 0 2 5 0.004 0.004 0 3 3 67.2262
40 40 24 50 10 45 0.0735 0.07 0 12 12 1078.58
65 65 45 162 20 88 0.133 0.13075 16 25 24 2403.21
92 92 66 271 30 129 0.19025 0.18925 16 41 40 3671.67
114 114 82 361 35 159 0.231 0.22975 16 54 53 4591.77
140 140 105 578 47 196 0.259344 0.258 40 73 71 6078.16
161 161 120 666 56 226 0.300719 0.299125 40 84 82 6901.45
180 180 135 730 60 260 0.341914 0.340125 40 94 92 7906.73
194 194 150 767 65 288 0.371637 0.36975 40 103 101 8800.44
208 208 171 849 74 333 0.422695 0.42075 42 118 116 10125.5
