17 17 6 9 2 7 0.006 0.004 0 3 3 67.8404
40 40 18 77 3 25 0.0375 0.028 0 15 15 371.754
66 66 31 145 5 59 0.10075 0.08475 0 26 26 1240.52
90 90 57 243 15 104 0.157625 0.14225 0 45 45 3176.91
113 113 82 449 21 160 0.236938 0.219188 0 63 63 4419.65
139 139 94 541 23 194 0.287344 0.268625 0 77 77 5103.1
162 162 112 686 30 233 0.336039 0.31693 2 93 92 6210.21
179 179 133 739 36 284 0.392609 0.373055 2 101 100 7742.6
195 195 146 761 36 319 0.4245 0.404742 2 110 109 8745.74
210 210 161 844 42 351 0.454563 0.434742 2 121 120 9686.7
