15 15 7 5 2 10 0.015 0.012 0 5 5 107.895
44 44 56 324 7 128 0.199844 0.165344 0 21 21 2038.71
76 76 96 862 11 223 0.318855 0.271355 0 38 38 3825.29
103 103 134 1246 17 316 0.421168 0.368543 0 55 55 5862.59
129 129 179 1568 24 435 0.544636 0.488136 0 67 67 7844.55
158 158 224 2146 28 556 0.623193 0.564756 0 90 90 9895.49
182 182 258 2460 34 636 0.666851 0.607742 0 105 105 11303.9
202 202 290 2693 38 708 0.697587 0.638103 0 114 114 12864.7
215 215 336 2835 41 830 0.730336 0.670567 0 125 125 15307.4
234 234 361 3139 44 890 0.743336 0.683488 0 136 136 16540
