87 316 108 107 5.18673 21 17 0.510478 193 0
309 1144 208 197 8.12902 63 41 1.23298 1025 404
557 2014 237 231 8.61356 103 69 2.07411 1688 1485
819 2924 266 265 9.36655 156 94 2.82552 2333 2061
1093 3872 296 304 10.3762 196 118 3.54729 3096 3099
1353 4714 345 365 11.8124 269 143 4.30062 4024 4656
1604 5632 404 421 12.867 318 164 4.93305 4749 6040
1866 6626 437 459 13.7228 357 182 5.47511 5419 7276
2136 7608 460 486 14.3511 373 198 5.95763 5884 8963
2401 8615 476 511 14.737 389 214 6.43877 6342 10100
