16 16 3 0 0 4 0.007 0.004 0 2 2 22.1685
41 41 35 106 9 81 0.123492 0.108992 0 15 15 1281.28
66 66 85 516 21 196 0.275242 0.245742 0 32 32 3649.39
91 91 124 866 30 287 0.376808 0.344058 60 48 47 5804.15
117 117 156 1169 38 360 0.435293 0.399855 86 63 61 7201.97
142 142 200 1520 47 465 0.494699 0.45673 125 80 77 9472.04
165 165 228 1854 55 520 0.533754 0.494973 125 95 92 10781.8
184 184 256 1971 59 579 0.572121 0.532848 147 108 104 12541.9
200 200 297 2117 66 687 0.614301 0.574676 147 115 111 15275.2
215 215 322 2194 74 747 0.642992 0.60325 165 129 124 16980.2
