16 16 7 19 2 10 0.015 0.012 0 5 5 64.9041
40 40 44 181 5 91 0.143781 0.114781 0 18 18 1090.87
66 66 76 509 8 176 0.282875 0.238125 0 28 28 2848.42
91 91 123 804 15 288 0.407953 0.356453 0 44 44 5701.02
114 114 160 1077 21 372 0.49007 0.435008 0 62 62 7374.1
142 142 200 1426 25 471 0.578898 0.521242 0 73 73 9542.39
165 165 233 1626 31 555 0.623531 0.564938 31 88 87 11493.8
186 186 266 1837 32 629 0.654308 0.595121 31 99 98 13410.8
201 201 285 1906 33 679 0.67603 0.616585 31 104 103 14774.1
219 219 331 2042 38 815 0.714258 0.65452 31 118 117 18191.3
