17 17 0 0 0 0 0 0 0 0 0 0
44 44 7 5 2 10 0.015 0.012 0 6 6 142.413
74 74 31 129 8 69 0.120875 0.108875 0 24 24 1484.59
100 100 55 346 13 115 0.19 0.173625 0 44 44 2869.85
126 126 65 468 17 133 0.2145 0.197625 0 57 57 3302.1
158 158 94 691 23 199 0.287312 0.268562 34 81 79 5131.68
181 181 108 792 26 233 0.314976 0.295727 78 98 94 5828.01
201 201 126 866 30 275 0.364602 0.344977 78 109 105 7071.66
220 220 136 909 30 297 0.380664 0.360914 98 117 112 7581.35
235 235 159 1011 34 351 0.43125 0.411352 98 129 124 9022.01
