17 17 3 0 0 4 0.007 0.004 0 2 2 22.1711
42 42 36 74 6 76 0.106492 0.0854922 0 17 17 1430.37
69 69 89 494 10 219 0.30132 0.25482 0 30 30 4051.34
95 95 123 776 15 298 0.392164 0.340789 53 46 46 5809.11
119 119 158 1090 19 384 0.477972 0.423034 53 57 57 7169.44
144 144 201 1532 23 486 0.561872 0.504247 97 75 74 9455.13
169 169 233 1970 25 572 0.622726 0.563976 97 94 93 10997.9
188 188 266 2137 27 652 0.66681 0.607505 97 106 105 12807.2
204 204 292 2218 27 721 0.676552 0.616989 97 114 113 14460.7
220 220 334 2456 36 838 0.732711 0.672931 97 126 125 17343.7
