17 17 0 0 0 0 0 0 0 0 0 0
41 41 16 32 10 22 0.019 0.022 8 11 10 492.401
67 67 39 179 17 78 0.118 0.116 14 26 24 1811.62
91 91 52 237 22 105 0.165375 0.164 79 43 39 2709.3
114 114 73 349 32 149 0.226875 0.22575 89 57 52 3704.16
140 140 92 556 39 186 0.261187 0.25925 89 74 69 4892.01
164 164 105 737 45 210 0.277531 0.275375 89 93 88 5572.06
183 183 117 821 50 234 0.309297 0.307 89 104 99 6283.51
199 199 129 860 54 261 0.351871 0.3495 89 109 104 7044.27
214 214 141 891 59 291 0.384922 0.3825 98 122 116 7857.24
