14 14 8 1 0 14 0.026 0.018 0 3 3 35.2555
39 39 42 200 5 84 0.134992 0.104492 0 18 18 1186.97
69 69 81 733 12 175 0.26068 0.21843 0 39 39 2830.46
95 95 123 1015 17 268 0.385273 0.334524 34 54 54 4779.77
120 120 167 1398 21 393 0.504156 0.448469 69 73 72 6586.7
152 152 192 1841 24 464 0.562523 0.505211 69 95 94 7896.07
175 175 245 2193 28 597 0.644189 0.58519 69 110 109 10379.9
194 194 274 2371 32 660 0.664409 0.605034 69 120 119 11680.5
212 212 303 2550 36 733 0.684044 0.624427 69 130 129 13046.9
231 231 340 2768 38 832 0.712825 0.65302 69 143 142 15023.8
