14 14 4 0 2 5 0.004 0.004 0 3 3 67.2262
39 39 26 22 7 56 0.0949375 0.0839375 0 10 10 1127.18
67 67 48 241 9 111 0.184313 0.165562 0 24 24 2291.98
92 92 69 406 16 161 0.260313 0.241813 0 41 41 3387.12
116 116 89 515 18 209 0.311281 0.290906 0 55 55 4175.85
141 141 107 676 25 243 0.352906 0.331906 20 73 72 5239.28
164 164 121 776 26 282 0.391586 0.37018 20 89 88 6107.75
182 182 136 866 29 318 0.429024 0.40743 20 100 99 7028.36
198 198 154 888 32 360 0.468137 0.446418 20 108 107 7933.91
214 214 177 1006 38 413 0.509912 0.488012 20 120 119 9365.97
