53 207 89 82 4.05515 23 16 0.165884 73 0
287 1144 189 183 7.39317 70 41 0.425759 759 0
544 2065 241 242 8.80333 124 67 0.694939 1809 504
801 2994 280 293 9.66223 161 92 0.954202 2593 1833
1065 4028 316 338 10.5174 197 115 1.19207 3169 3580
1334 5027 356 383 11.7204 241 141 1.4626 3948 5275
1605 6099 390 424 12.3853 299 165 1.71186 4688 9020
1859 7025 422 461 13.1397 334 184 1.90943 5120 11704
2120 8057 454 496 13.586 358 200 2.07437 5574 13346
2386 9251 488 536 14.3101 375 215 2.22921 6293 16820
