14 14 3 0 3 3 -0.003 0 0 3 3 22.17
40 40 34 76 18 50 0.05 0.051 10 15 14 1131.63
66 66 81 462 42 141 0.144234 0.146234 112 30 27 3561.14
92 92 119 751 59 215 0.234871 0.238621 135 44 39 5551.97
115 115 152 934 72 286 0.299624 0.301937 190 60 54 6962.38
141 141 190 1266 84 369 0.365593 0.36675 288 78 70 8723.45
162 162 207 1477 89 403 0.401734 0.4025 385 94 83 9599.05
181 181 234 1568 104 450 0.423523 0.424031 393 105 93 11037.4
197 197 253 1644 106 498 0.459711 0.46 411 113 100 12132.2
211 211 293 1763 120 588 0.515234 0.515351 414 124 111 14970.7
