16 16 0 0 0 0 0 0 0 0 0 0
40 40 7 4 3 10 0.011 0.01 0 5 5 140.104
66 66 32 163 14 61 0.10325 0.101 12 24 23 1412.89
94 94 55 308 27 101 0.1535 0.155 30 39 38 2866.76
119 119 66 418 33 119 0.17625 0.178 33 52 50 3309.66
144 144 92 579 44 166 0.226 0.22675 118 73 67 5023.39
165 165 106 739 48 193 0.260375 0.26075 150 94 85 5672.02
184 184 118 788 50 219 0.290187 0.290375 161 102 92 6257.92
200 200 127 827 54 235 0.305742 0.305875 171 114 104 6664.43
215 215 147 885 61 278 0.343316 0.343375 189 126 114 7996.36
