14 14 3 1 0 3 0.003 0 0 2 2 0.166652
47 47 29 131 5 51 0.083 0.0645 0 18 18 609.219
71 71 76 674 19 156 0.223187 0.194187 1 37 36 2688.79
98 98 120 1250 28 255 0.35368 0.319555 30 56 55 4509.01
124 124 147 1647 34 315 0.41068 0.374992 30 75 74 5617.03
151 151 193 2173 45 420 0.497859 0.459422 91 94 91 7771.7
172 172 223 2451 49 501 0.568031 0.528672 156 110 106 9371.7
192 192 254 2622 56 561 0.600685 0.560865 156 124 120 10896.6
208 208 288 2778 62 646 0.62947 0.589329 160 135 131 12750.6
222 222 321 2914 67 734 0.660419 0.620108 170 148 144 14225
