40 220 108 97 5.67035 25 17 0.779485 85 0
253 1247 253 240 10.5312 70 42 1.92476 1111 365
514 2310 325 323 12.2301 115 69 3.16066 2313 804
768 3336 385 389 13.9047 156 94 4.30493 3177 2168
1025 4467 452 460 14.9186 200 118 5.40348 4172 2846
1279 5555 523 538 16.3589 245 145 6.63969 5335 3555
1543 6818 592 614 17.8795 306 167 7.64784 6282 4384
1804 7930 635 667 18.8733 336 186 8.51762 6878 5292
2061 8986 664 697 19.3664 352 202 9.25028 7381 8459
2321 10239 719 758 20.5521 375 217 9.9366 8402 11088
