16 16 7 6 6 7 -0.005 0 0 6 6 116.894
41 41 53 195 42 68 0.0235 0.0495 84 19 18 2040.11
67 67 89 551 68 118 0.05375 0.088 181 31 27 3735.91
93 93 120 802 89 167 0.105875 0.145 254 49 42 5396.33
117 117 156 992 116 219 0.143812 0.18425 331 63 53 7800.75
142 142 185 1320 135 265 0.183719 0.2235 463 84 70 9205.26
166 166 212 1614 151 309 0.219141 0.258438 534 101 85 10884.6
185 185 232 1739 164 337 0.233984 0.273188 534 113 97 11713.1
201 201 252 1798 173 376 0.279844 0.318938 567 121 103 13140.8
216 216 273 1891 185 413 0.307764 0.346813 591 133 113 14381.8
