16 16 3 0 0 4 0.007 0.004 0 1 1 22.1728
41 41 30 72 15 52 0.069 0.0685 0 15 15 1039.36
67 67 85 499 41 156 0.172984 0.173734 32 29 28 3843.85
92 92 114 685 52 219 0.255797 0.256672 161 46 42 5499.92
115 115 145 937 68 269 0.296559 0.298184 222 61 56 6968.83
141 141 190 1338 85 364 0.38359 0.383246 275 78 71 9324.21
165 165 213 1759 94 410 0.427277 0.426527 276 96 88 10282.4
184 184 233 1854 100 446 0.458762 0.457777 276 108 100 11413.2
200 200 267 1932 111 528 0.495434 0.494137 276 116 108 13877.3
215 215 301 2173 126 601 0.530356 0.528957 321 128 120 15972.8
