17 17 1 0 0 1 0.001 0 0 1 1 0.0555524
41 41 23 41 8 45 0.06725 0.05925 0 13 13 1008.63
67 67 45 215 12 93 0.143875 0.129625 6 33 33 1996.36
94 94 60 309 14 127 0.199875 0.183125 21 46 44 2885.28
118 118 73 413 20 148 0.219063 0.201875 35 63 60 3481.9
142 142 98 624 25 209 0.305219 0.286312 35 82 79 5032.19
164 164 116 717 26 255 0.359688 0.340187 35 100 97 6056.87
183 183 129 775 29 288 0.384258 0.364594 35 111 108 6792.43
199 199 136 810 30 301 0.394395 0.374656 35 123 120 7067.55
213 213 162 861 38 363 0.450838 0.430967 35 139 136 9383.89
