53 209 99 80 4.15001 47 14 0.342907 67 0
273 1043 220 183 7.87051 91 39 0.954205 736 21
534 1898 265 236 9.11246 133 65 1.58989 1693 849
784 2741 306 281 10.2458 168 91 2.22425 2498 2388
1043 3695 347 328 11.1537 201 113 2.76108 3087 5733
1309 4768 404 386 12.4152 252 139 3.39751 4035 9357
1582 5943 456 439 13.3011 311 160 3.91175 4614 12552
1829 6926 474 464 13.6968 354 179 4.37628 4885 14465
2096 7973 491 483 13.9608 371 195 4.76683 5101 16830
2366 9216 527 522 14.4187 402 209 5.10893 5623 20086
