38 0.017837559625 0 2 21.854715803831
6 0.017817682223 0 2 24.854695613933
46 0.017817999998 0 2 25.854697024881
57 0.017752999998 0 2 28.854637942721
61 0.017882999998 0 2 40.854759699308
15 0.017690288521 0 2 41.854578117601
85 0.017805430609 0 2 42.854682395287
45 0.017575103518 0 2 46.854451538828
63 0.018050933172 0 2 46.854927369703
95 0.017712924004 0 2 48.854589604279
25 0.017769953259 0 2 50.854651866018
62 0.01772672765 0 2 53.854608664259
39 0.017579565261 0 2 54.854463656204
71 0.017567525072 0.1 2 57.854451455606
61 0.017825121104 0.1 2 62.854701042933
49 0.017569532779 0 2 64.854449066849
79 0.01827072256 0 2 67.855150379167
69 0.018418494393 0 2 69.85530421455
60 0.017590481295 0 2 70.854470390373
95 0.018385403741 -0.1 2 70.855265155128
15 0.017644201657 0 2 71.854526051141
65 0.018451970812 0 2 71.855333843521
8 0.017658634263 0 2 72.85453852728
53 0.018095461903 0 2 72.854975690777
26 0.018505847439 0 2 72.855385855261
24 0.01775447186 0 2 77.854642142449
29 0.017595435207 0 2 79.854482186531
27 0.017504078667 0 2 84.854387859481
87 0.017708758623 0.1 2 85.854593680254
96 0.01776774612 -0.1 2 88.854651400085
17 0.017820502846 0 2 90.854696979458
75 0.017500334008 0 2 94.854386184403
3 0.017962890364 0 2 94.854848763336
35 0.017807878574 0 2 96.854688102907
70 0.017779583147 0.7 1 107.854665582642
4 0.017620573497 0 1 110.854503355952
0 0.01769630904 0.4 1 115.854581402933
80 0.017858374577 0 1 117.854746954328
16 0.017601390514 0 1 120.854477354654
79 0.031438404326 0.9 1 121.868318510821
24 0.017854255222 0 1 124.854741909676
18 0.017662809962 0 1 127.85454908603
93 0.018125189784 0 1 127.855011462143
58 0.017696779829 0 1 128.854575009281
50 0.017800183739 0 1 131.854688080007
97 0.017832064821 0 1 132.854715006835
13 0.017730818319 0.7875 1 134.854609732782
86 0.018167195419 0.55 1 134.855046096094
16 0.017528157641 0 1 142.854411796782
17 0.017938523135 0 1 142.854822233864
45 0.017531111418 0 1 143.854412486978
54 0.017829748871 0 1 145.854708285582
48 0.017814887 0 1 151.854693234233
44 0.017797978544 0 1 153.854678704113
88 0.017700559868 0.15 1 158.854582577142
38 0.017589764734 0 1 161.854471672483
6 0.017615447492 0 1 162.854498913245
51 0.017659251659 0 1 163.854543944266
33 0.017976223469 0.4 1 167.854856159575
20 0.017704687263 0.6 1 168.854580721688
57 0.018154119493 0 1 168.855030041344
99 0.017644804951 -0.15 1 171.85452051801
66 0.017652074742 0.15 1 173.854528234132
93 0.017735011087 0.25 1 181.85461949091
38 0.017567133504 0.4 1 183.854445076817
68 0.0175581632 0.15 1 187.854443023658
57 0.01787872941 0 1 190.854763677425
67 0.018065903699 0.55 1 193.854944046514
30 0.017583766634 0 1 194.854466947764
99 0.018020116084 -0.15 1 194.854903230432
69 0.017656412884 0.75 1 195.854534645262
64 0.017661599175 0.15 1 200.854540499045
29 0.017590158282 0.7 1 203.854469200841
62 0.01776455005 0.1 1 205.854647611407
46 0.017836028617 0.6 1 208.854723006597
81 0.017570999998 0.175 1 209.85445833171
12 0.017856999998 0.75 1 213.854738359841
32 0.017763758769 0.4 1 214.854645634852
40 0.018200230379 0 1 214.855082110156
41 0.017714227652 0 1 215.854595718779
96 0.017782433773 0.45 1 217.854664367093
74 0.017870611824 0.175 1 224.854751877075
15 0.017892836521 0 1 225.854777174385
3 0.017651933942 0.4 1 229.854532923212
73 0.018088412084 0.575 1 229.854969498438
88 0.017713729993 0.175 1 232.854595622744
17 0.017725013738 0.7 1 237.854606007514
27 0.017532519726 0 1 239.854413854955
29 0.017639760419 0.75 1 242.854520937721
91 0.018050381293 0.5 1 242.854931598384
28 0.017694471841 0 1 243.8545826659
75 0.017513816251 0.925 1 247.854399441285
56 0.017937508703 0.4 1 247.854823095921
10 0.017714609796 0.4 1 248.854602186095
80 0.01785256484 0.175 1 250.854733962474
55 0.017785713154 0.4 1 256.85466715539
84 0.017738385637 0.775 1 258.854622343936
31 0.017842824736 0 1 260.854727145137
40 0.017790724697 0 1 261.854673500108
32 0.017836425784 0.6 1 265.854723973364
9 0.017632347302 0 1 269.85450989011
43 0.017801181251 0 1 271.854688544384
64 0.017676404699 0.975 1 276.854553535229
79 0.017651079365 0.925 1 277.854538007465
90 0.017669958553 0.2 1 285.854547264538
51 0.017652702181 0 1 287.8545309612
17 0.017762038576 0.75 1 288.854645032604
82 0.017611722929 0.175 1 291.854489427291
14 0.017602141008 0 1 294.854479840818
8 0.01770798494 0 1 297.854591183704
19 0.018294071917 0 1 299.855179097815
50 0.017625345055 0 1 300.854502555922
83 0.018075116609 0.575 1 300.854952376511
84 0.017713942278 0.9875 1 301.854595759042
55 0.018137779192 0.4 1 301.855019910844
92 0.017914451506 -0.2 1 302.854793525378
32 0.017947335812 0.75 1 305.854833126879
66 0.017822717789 0.59375 1 306.854705862777
52 0.018246179843 0 1 306.855129141452
58 0.018529179842 0.4 1 306.85541215189
90 0.01767669989 0.2 1 307.854560105194
70 0.017820574568 0.925 1 309.854704576542
17 0.017721985033 0.775 1 310.854605419268
42 0.018119759661 0.4 1 310.85500346977
76 0.017792077516 0.89375 1 314.854674448835
14 0.017666643156 0.79375 1 316.854544265378
19 0.017693639637 0.7 1 321.854577829033
81 0.017596673636 0.175 1 322.854484326574
10 0.017717799783 0.4 1 323.854602186965
82 0.017611206799 0.59375 1 327.854489422207
98 0.017815394362 0.5 1 333.854693609895
28 0.017628969419 0 1 338.854517666578
27 0.017505999998 0 1 342.854387711999
74 0.017814428762 0.1875 1 346.854695150893
35 0.01822491151 0 1 346.855105657767
7 0.017568057077 0 1 353.854452239898
6 0.017991579269 0.79375 1 353.85487573408
75 0.017534225073 0.975 1 358.854412440689
98 0.017776141107 0.575 1 361.854654103385
3 0.017598292323 0.7 1 365.85448135172
80 0.018061053559 0.59375 1 365.854944137333
8 0.017701370607 0.75 1 369.854578150488
94 0.017720557192 -0.2 1 372.854597254465
81 0.017747785713 0.59375 1 374.85463525165
84 0.017978785712 0.9875 1 374.854866259183
7 0.017711302754 0.6 1 375.854587734162
58 0.017942302753 0.75 1 375.854819001372
21 0.01757263349 0 1 377.854448371119
90 0.017833165554 0.2 1 382.854718976854
52 0.018064165553 0 1 382.854949974325
36 0.01772689517 0.775 1 384.854615257757
23 0.017572576893 0.6 1 387.854460663968
54 0.017749848353 0 1 394.854630219224
59 0.017679773489 0.4 1 395.854568233621
60 0.017522726094 0.59375 1 396.854405680107
22 0.017792492789 0.4 1 403.854677736866
75 0.017516487492 0.98125 1 404.854399458269
1 0.017604937818 0.4 1 411.854480751346
67 0.017716219143 0.896875 1 415.854600689763
13 0.017873196959 0.7875 1 423.854751400613
77 0.017564688728 0.596875 1 424.854441840403
3 0.018027233412 0.75 1 424.854904389499
75 0.0175991633 0.984375 1 426.854477317143
32 0.017806630048 0.75 1 432.85468475321
78 0.018256140786 0.196875 1 432.855134228027
67 0.017696376901 0.898438 1 437.854574523967
84 0.017692145545 0.990625 1 447.85457040293
34 0.017873791154 0.6 1 453.854751994257
89 0.017872277342 0.798438 1 455.854752055661
47 0.018064277341 0.7 1 455.85494404715
1 0.017593718332 0.4 1 457.854480734134
97 0.01801751919 0.4 1 457.854904547056
40 0.017786378064 0.6 1 458.854673515472
68 0.017561672574 0.196875 1 467.85444310214
96 0.017822202639 0.5875 1 468.854703344481
17 0.017776903515 0.7875 1 470.85465803876
35 0.017784072418 0.775 1 475.854661957221
14 0.017588081534 0.79375 1 480.854466728442
77 0.01757681149 0.995313 1 481.854454767815
1 0.01777642209 0.6 1 482.854660874272
51 0.018020422089 0.75 1 482.854904901901
92 0.017792840326 0.2 1 487.854678146027
7 0.017576987868 0.6 1 492.854465461398
72 0.018039760114 0.798438 1 492.854928219911
73 0.017673075188 0.986719 1 503.854558912328
94 0.017713571053 -0.2 1 508.854597271809
24 0.017719468322 0.4 1 513.854603137383
46 0.017805770397 0.775 1 524.854683989003
55 0.01783318836 0.4 1 528.854719185426
2 0.017830999998 0 1 529.854715934329
86 0.017816633692 0.898438 1 532.854702836325
52 0.017748658408 0.6 1 538.854628052738
97 0.017687188233 0.4 1 540.854575029824
7 0.017702067304 0.7875 1 541.854582390226
88 0.017894067303 0.799219 1 541.854774606593
66 0.01756227963 0.799219 1 543.854450194942
11 0.017642086587 0.7 1 547.854528271291
49 0.017529889249 0.7 1 548.854410481565
9 0.017843930705 0.7 1 554.854724561071
94 0.01763859684 -0.2 1 556.854518853693
67 0.018101069036 0.996094 1 556.854981344251
90 0.017629267652 0.4 1 558.854508234426
39 0.017762975724 0.7875 1 566.854649491659
60 0.017591372913 0.799219 1 567.854470558235
21 0.017535938659 0.7875 1 582.854422389455
72 0.017812233709 0.998828 1 587.85469041949
93 0.017794847066 0.55 1 594.854671849168
36 0.017700999998 0.799951 1 601.854589205833
68 0.017590850134 0.799609 1 603.85446910816
