38 0.029873451584 0 2 21.858459270418
6 0.029868999998 0 2 22.858459593915
5 0.030112999997 0 2 22.858703761174
46 0.030040040789 0 2 25.858625851962
57 0.030054317502 0 2 28.858640060602
61 0.029959999998 0 2 40.85854396083
15 0.029803285862 0 2 41.858390917199
85 0.030033457902 0 2 42.858622321366
63 0.029892325944 0 2 47.858478102005
45 0.030162325943 0 2 47.858748101083
95 0.029881999998 0 2 48.858469016107
25 0.029870825687 0 2 50.858456640111
62 0.029998999998 0 2 53.858582523094
39 0.029980537068 0 2 54.858567056988
71 0.029833404697 0 2 57.858421001246
49 0.029932979732 0 2 60.858520405346
69 0.030215979731 0 2 60.858803423681
61 0.029956001131 0 2 62.858543962666
15 0.029878930819 0 2 63.858465961554
8 0.030122930818 0 2 63.858710243503
79 0.029897654211 0 2 64.858487928285
26 0.029888658384 0 2 67.858475482735
60 0.030093658383 0 2 67.858680496584
95 0.029872457752 0 2 70.858466435488
65 0.030155457751 0 2 70.858749742969
53 0.030005984802 0 2 72.858593448051
24 0.029925842146 0 2 77.858511658928
29 0.030139795021 0 2 79.858733903801
27 0.02995504798 0 2 84.858548681322
87 0.029985002699 0 2 85.858571774351
96 0.029963063528 0 2 88.858557585564
17 0.02987559499 0 2 90.85846767846
3 0.029954575467 0 2 92.858540519393
75 0.030237575466 0 2 92.858823496235
35 0.03006184827 0 2 96.85864734669
69 0.030030985038 0 2 99.858624505186
70 0.029965986329 0 2 107.858548988458
4 0.030006147857 0 2 110.858589174095
0 0.029823475877 0 1 115.858409278844
80 0.03003248328 0 1 117.858625863613
16 0.029970110545 0 1 120.858557949426
69 0.030085216563 0.75 1 121.858680160738
79 0.029901009623 0 1 123.858484922691
24 0.02989370188 0.775 1 124.858482961905
93 0.030057104256 0 1 127.858646063193
18 0.030314104255 0 1 127.858903066901
58 0.029911928503 0.7 1 128.858497732583
50 0.030172459193 0.1 1 131.858758286363
97 0.029871919933 0 1 132.858456580793
13 0.029963940503 0.4 1 134.858549549341
86 0.030207940502 0 1 134.858793535552
80 0.030128705703 0.6 1 139.85871821211
17 0.029907745873 0 1 140.858493409356
16 0.029939561951 0.6 1 142.858531391554
45 0.029905426607 0.55 1 143.858491220788
54 0.02982352674 0.15 1 145.858417986387
48 0.0300526604 0.1 1 151.858635579296
44 0.030071020767 -0.15 1 152.858655587177
88 0.029949553385 0 1 158.8585338702
38 0.029890844022 0 1 161.85847513907
6 0.029859566561 0.4 1 162.858446261029
51 0.030090502771 0.1 1 163.858676327951
20 0.030190927657 0 1 166.858776753024
33 0.029870219477 0 1 167.858464687422
57 0.030114219476 0.5 1 167.858708685882
99 0.029951745674 0 1 171.858540043236
66 0.029997260818 0 1 173.858584199188
93 0.029998044079 0.7875 1 181.858583566885
38 0.029884746113 0 1 183.858474543404
68 0.029830938085 0 1 187.858416728488
20 0.030052794719 0 1 188.858645493034
57 0.030022746595 0.575 1 189.858613976474
30 0.029885323588 0 1 190.858471148768
67 0.030006640103 0 1 191.858594067449
99 0.030044973941 0 1 193.858630517106
69 0.029998999998 0.75 1 195.858585469842
64 0.029891160165 0 1 199.858476978658
29 0.030176939886 0 1 203.858759918111
62 0.030035668309 0 1 205.858621470242
46 0.030049522694 0.1 1 208.858638833678
81 0.030065930268 0 1 209.858659170867
40 0.030192796269 -0.15 1 213.858779046183
12 0.030007481162 0.6 1 214.858596819937
32 0.030225481161 0 1 214.858814683609
41 0.030098619368 -0.2 1 215.858686240465
96 0.02996831872 0 1 217.858557552572
15 0.029813241345 0 1 224.858400739857
73 0.030295492501 0 1 225.858880993826
74 0.030011043804 0 1 226.858594684136
3 0.030255043803 0.6 1 226.858838671428
88 0.029974009917 0 1 232.858559915802
17 0.029938867516 0 1 237.858532706516
27 0.02999573971 0 1 239.858587676796
91 0.029953926429 0 2 240.858548169377
29 0.030118565645 0 2 241.858707743923
28 0.030141835845 0 2 243.858728451745
56 0.030111659634 0.175 2 246.858698273792
75 0.030114564577 0.4 2 247.8587095771
10 0.029854951767 0 2 248.858441154721
80 0.030095974744 0.6 2 250.858690871759
55 0.030009641117 0.175 2 256.858604404671
84 0.030054910876 0 2 258.858649066766
31 0.030156898231 0 2 259.858751569773
40 0.030086838894 -0.2 2 261.858679046451
32 0.030029531726 0.6 2 266.858615294728
9 0.029829999998 0 2 269.858423302245
43 0.030100656582 -0.2 1 271.858688291146
64 0.029845855181 0.4 1 276.858437924284
79 0.029866750553 0 1 277.858448950367
90 0.029988547854 0 1 285.85858068768
51 0.030097933462 0.1875 1 287.858689344885
17 0.029953444092 0 1 288.858545731606
82 0.029984494626 0.6 1 291.858571134866
14 0.029994770004 0 1 294.858581325837
8 0.030074803143 0.4 1 297.858661262306
50 0.030011999998 0.5875 1 298.85860445059
19 0.029959999998 0 1 299.858553519101
83 0.029983047711 0 1 300.858569772301
55 0.029918167624 0.59375 1 301.85851047439
84 0.030201167623 0 1 301.858793159501
58 0.030085159616 0.7875 1 302.858672981108
52 0.029806860691 0.175 1 305.858394229019
92 0.029858941755 0 1 306.858443954753
66 0.030180897092 0 1 307.858772930486
32 0.030219535569 0.7 1 309.858811712297
17 0.030138396272 0.6 1 310.858730258815
42 0.030062364425 0.2 1 314.858649952921
76 0.029920785075 0 1 316.858513112622
70 0.030203785074 0.4 1 316.858795908573
14 0.030460785073 0 1 316.859052925545
19 0.029974011835 0.775 1 321.858566120503
81 0.030102999998 0 1 322.858685165731
10 0.029808734336 0 1 323.858402155591
82 0.029947540439 0.6 1 327.858532129782
98 0.029855214314 0.4 1 333.858439890826
28 0.030129619866 0.4 1 338.858715452423
27 0.029975825805 0 1 341.85856162404
74 0.029947304892 0 1 346.858529648074
35 0.030165304891 0 1 346.858747672199
6 0.029849681877 0.4 1 350.858432674934
7 0.030041681876 0 1 350.85862470348
75 0.030110231459 0.4 1 358.858696576504
98 0.02991884741 0.4 1 361.858504384316
3 0.029985999998 0.6 1 364.85857392341
80 0.030190999997 0.775 1 364.858778947944
8 0.030023433023 0.4 1 369.85860922909
7 0.03025884461 0.4 1 373.858840838349
94 0.03026768819 0 1 377.858851362526
81 0.030485688189 0.4 1 377.859069377315
21 0.029878532681 0.4 1 378.8584643061
84 0.03012253268 0 1 378.858708120165
58 0.030327532679 0.946875 1 378.858913198489
52 0.029813491583 0.19375 1 381.858398694483
90 0.030083491582 0 1 381.858668697263
36 0.030011999998 0 1 384.858602965653
23 0.029964323262 0 1 385.858553479172
54 0.029906540327 0.9375 1 394.858495920029
59 0.029819972434 0.196875 1 395.858409372192
60 0.030045157596 0 1 396.858631517373
22 0.029996535123 0.6 1 403.858582339843
75 0.030137557447 0.75 1 404.858722594084
1 0.029846701539 0.4 1 411.858437542601
67 0.029995258469 0.4 1 415.858581063061
3 0.029955414856 0.7875 2 421.858540966524
77 0.030225414855 0.4 2 421.858811222469
13 0.029972259562 0.4 2 422.858565638766
75 0.030096259555 0.75 2 426.858683452958
32 0.030025234125 0.7 2 432.858612524387
78 0.030282234124 0 2 432.858869488465
67 0.030045084618 0.6 2 437.858632897265
84 0.029998293747 0.7 2 447.85858412576
34 0.030076999998 0.4 2 452.858659169723
47 0.029950620219 0.198438 2 453.858536419793
89 0.030194620218 0 2 453.858780427603
1 0.029862170031 0.7 2 457.858447964896
97 0.03011917003 0 2 457.858704976959
40 0.030071132009 -0.2 2 458.858666061815
68 0.029808920668 0 2 467.85840380697
96 0.030002148714 0.75 2 468.85859652996
17 0.029937874878 0.6 2 470.858532737762
35 0.030008099412 0.75 2 474.858595291278
14 0.030037225403 0 2 479.858620303113
1 0.029845812102 0.7 2 481.858431543872
34 0.030089812101 0.7 2 481.858675612511
77 0.0303598121 0.7 2 481.858945450236
51 0.03009330882 0.196875 2 482.858676285587
92 0.029899970231 0 2 487.858485797211
72 0.029952702735 0 2 492.858536641396
7 0.030196702734 0.6 2 492.858780655128
73 0.030073597686 0.4 2 503.858663182151
94 0.03007949015 0.6 2 508.858665460729
24 0.029925839613 0.7875 2 513.858511653862
46 0.030037999998 0.596875 2 524.858625816084
55 0.029933999998 0.799219 2 528.858526434707
2 0.029829994296 0 2 529.858415789675
86 0.030013911783 0.6 2 532.858599705968
52 0.029816377648 0.198438 2 538.858402191406
97 0.029854154045 0.4 2 540.858436972408
7 0.030214918404 0.6 2 542.858803845326
88 0.030006594903 0.4 2 546.858595957898
66 0.030211594902 0 2 546.858801044587
11 0.029855166993 0.4 2 547.858440970557
49 0.029916364484 0.199219 2 548.858505704259
9 0.029840277085 0.4 1 554.8584335772
94 0.030026251799 0.6 1 556.858610482764
67 0.030283251798 0.7 1 556.858867501125
90 0.029998429208 0 1 558.858580657568
60 0.030197177213 0.4 1 566.858785256524
39 0.029929078054 0 1 567.858514677264
21 0.029941639337 0.6 1 583.858534199853
72 0.029982875449 0 1 586.858569964609
93 0.030023180109 0.79375 1 592.858610103217
36 0.030004106051 0.7 1 601.858589913729
68 0.029838509124 0 1 603.85842981299
5 0.03013408328 0 1 605.858719880733
