6 0.01563177561 0 2 21.757635814239
38 0.015377789349 0 2 26.757381817356
46 0.015660789348 0 2 26.757664983565
57 0.015583325854 0 2 28.757582102273
61 0.015619010669 0 2 40.757619657834
15 0.015396999999 0 2 41.757401218315
85 0.016099952954 0 2 42.758094222793
45 0.015605397994 0 2 47.757605479502
63 0.015875397993 0 2 47.757875480432
95 0.015561368761 0 2 48.757566690206
25 0.015482635083 0 2 50.757482623731
62 0.015458473795 0.6 2 53.757452993204
39 0.015536770302 0 2 54.757541621806
71 0.015623207531 0.7 2 57.757627997242
69 0.015862570048 0 2 62.757863771277
15 0.015362247564 0 2 63.757361165141
8 0.015606247563 0 2 63.757605452169
49 0.015811247562 0.1 2 63.757810281069
79 0.015450531118 0 2 65.757451492895
60 0.015462962275 0.1 2 70.75746204149
65 0.015719962274 0 2 70.757719191419
95 0.015963962273 0 2 70.757962879381
26 0.016220962272 0 2 70.758220028241
53 0.01541484494 0 2 72.757414248537
24 0.01671027707 0 2 78.758709597199
29 0.015576735857 0 2 79.757582948345
27 0.015567310504 0 2 84.757565927128
87 0.015596181424 0 2 85.757591524138
61 0.015602475437 0.1 2 87.757606661378
96 0.015705853044 0 2 89.757706729175
17 0.015463654273 0 2 90.757457501531
75 0.015469992109 0 2 91.757471325513
3 0.015700992108 0 2 91.75770234887
35 0.015588538829 0 2 97.757583513891
70 0.015749370002 0.7 1 107.757752676234
4 0.015411973382 0 1 111.757414214699
0 0.01561043268 0 1 115.75761330036
80 0.015513960924 0 1 117.757514251376
3 0.016257080527 0.7 1 122.758251575032
79 0.015477736652 0.85 1 124.757471989462
18 0.01841679036 0 1 125.760410424564
93 0.01540913937 0 1 126.757412416079
16 0.015627139369 0 1 126.757630319801
24 0.015845139368 0.799219 1 126.757848503461
58 0.015435113512 0.85 1 128.757435988216
13 0.015419937301 0.4 1 129.757421180178
86 0.0156639373 0 1 129.75766515725
50 0.015397051183 0.15 1 136.75740108437
97 0.015589051182 0.4 1 136.757593098201
17 0.01549700728 0 1 138.757496224579
0 0.015715007279 0 1 138.757714251743
80 0.015470936865 0.79375 1 139.757475059208
45 0.015564366671 0.1 1 144.757569029446
54 0.015698174778 0.75 1 145.757702429062
48 0.015403534191 0.1 1 151.757401229599
44 0.015547581432 0.55 1 156.757543737236
88 0.015535914877 0 1 158.757537133559
38 0.015412918818 0.6 1 161.757414243988
20 0.015480244191 0 1 166.757473738059
33 0.015453598962 0 1 167.757454981149
51 0.015710598961 0.1 1 167.75771196165
6 0.01598059896 0 1 167.75798188493
57 0.016250598959 0.1 1 167.758251979594
99 0.015398855664 0 1 171.757401234444
66 0.015648854183 0.55 1 176.757644202849
93 0.015424362897 0.75 1 181.757430291194
38 0.015465372739 0.7 1 183.757469281089
20 0.015385851975 0 1 189.757390716373
68 0.015655851974 0.55 1 189.757660680176
57 0.015899851973 0.775 1 189.757904670957
99 0.015413089472 0.775 1 193.757411476585
67 0.016229089471 0.175 1 193.758227658849
30 0.015642682408 0.4 1 194.757646758428
69 0.015672445024 0.9 1 195.757672250602
64 0.015471367835 0.15 1 199.757470298107
29 0.015564853217 0 1 203.757569962605
62 0.015426363777 0.75 1 205.757427230114
81 0.015367880883 0 1 211.757362902854
46 0.015819880882 0.1 1 211.757814865216
40 0.015528995049 -0.2 1 216.757527572117
32 0.015967995048 0 1 216.757966571131
96 0.01586444229 0 1 217.75786696458
12 0.017044107535 0.4 1 218.759042742322
41 0.015680756852 0.5 1 219.757679382419
15 0.015409186807 0 1 223.757409123092
74 0.015901967964 0.575 1 225.757902718447
73 0.015578436879 0.575 1 229.757577399598
3 0.015796436878 0.7 1 229.757795301779
88 0.015629087201 0 1 232.757628179201
17 0.015501744336 0.6 1 237.757504946307
27 0.01558649688 0 1 239.757591922608
91 0.015395730335 0 1 241.757400828594
29 0.015678730334 0.4 1 241.757683788384
75 0.015422122256 0.9625 1 247.757422744823
28 0.015824894687 0 1 248.757818378455
56 0.015804784626 0.775 1 250.757805243613
10 0.044570222239 0.6 1 252.786566870033
80 0.015474482789 0.798437 1 253.757474993894
84 0.015463565524 0 1 258.757469162342
55 0.015733565523 0.7875 1 258.757739073467
31 0.015523417574 0 1 259.757524190612
40 0.015557671851 -0.2 1 261.757559417484
32 0.015586436367 0.79375 1 266.75758694746
9 0.015623700636 0.6 1 269.75762761312
43 0.015615686612 0.4 1 272.757619667784
79 0.015507226795 0.925 1 281.757500556478
64 0.015712226794 0.984375 1 281.757705507449
90 0.01549071043 0 1 285.757495031844
51 0.015687296868 0.7875 1 289.757691468481
17 0.015498617132 0.6 1 290.757504791931
82 0.015495669042 0 1 291.757495661369
14 0.015722328215 0 1 295.757726531829
8 0.015547465747 0.4 1 297.757546465034
84 0.01565478321 0.4 1 301.757659532491
92 0.015376902535 0.75 1 304.75738160655
83 0.015945902534 0.775 1 304.757950481319
50 0.015408793305 0.89375 1 305.757411178202
19 0.015682681571 0 1 306.757677054514
58 0.015399847272 0.8875 1 307.757404328272
52 0.015574333396 0.59375 1 308.7575767129
90 0.01549542616 0.75 1 309.757489673227
32 0.018302779364 0.796875 1 310.760307450173
17 0.015503199258 0.7 1 312.757499131135
66 0.015955199257 0.89375 1 312.757951170355
42 0.015499715959 0.2 1 313.757505338461
70 0.015691715958 0.9375 1 313.757697312805
76 0.015474528184 0.59375 1 315.757478009251
14 0.015730454844 0 1 317.757726037703
81 0.015428338677 0 1 324.75743106621
10 0.015626957003 0.6 1 325.757626049065
82 0.01544198445 0.775 1 327.757443656275
98 0.015388942855 0.7 1 334.757388173571
28 0.015751009272 0 1 339.757747874275
27 0.015605231467 0.6 1 341.757604869832
35 0.015558083549 0.7 1 347.757554500488
74 0.015802083548 0.5875 1 347.75779848877
7 0.015574899331 0 1 354.757571890785
6 0.01585789933 0.4 1 354.757854863294
75 0.015418886501 0.986719 1 358.757414218435
98 0.015441047425 0.7875 2 361.757436151686
80 0.015451287576 0.798437 2 366.757445172372
3 0.015721287575 0.75 2 366.757715148134
8 0.015571644519 0.6 2 369.757572431856
7 0.016076620723 0.7 2 376.758077316579
81 0.015440557937 0.4 2 377.757444727116
84 0.015434509738 0.6 2 378.757436217483
21 0.015860509737 0 2 378.757862403889
58 0.015453757581 0.89375 2 379.757458869939
94 0.01573675758 0.4 2 379.757741776558
36 0.015468918336 0 2 387.75746259952
23 0.015673918335 0.4 2 387.757667605189
90 0.015904918334 0.75 2 387.757898458715
52 0.016148918333 0.946875 2 387.758142460312
59 0.015490999998 0.596875 1 395.757494349538
60 0.015434029525 0.596875 1 396.757429301119
54 0.015704029524 0.79375 1 396.757699184355
22 0.01623907552 0.6 1 403.758243308465
75 0.015504047697 0.996875 1 404.757503704189
1 0.015396999999 0.6 1 412.757401186906
67 0.01560957404 0.196875 1 415.757613806829
3 0.015800114874 0.79375 1 421.757804194676
13 0.015410126872 0.6 1 422.757413250132
77 0.015532807991 0.596875 1 423.757534165421
75 0.015498032828 0.998437 1 426.757503545173
78 0.015647068479 0.596875 1 429.757640982787
32 0.015595857349 0.798437 1 430.757599994878
67 0.015659024977 0.198438 1 437.757652623195
84 0.015383999999 0.7 1 448.757388214909
34 0.01560395404 0.6 1 452.757606718953
89 0.015361682072 0 1 453.757367928824
47 0.015633999998 0.898438 1 454.757627830742
1 0.015456355989 0.7 1 458.75746058755
97 0.015726355988 0.79375 1 458.757730599767
40 0.01554289639 -0.2 1 459.757546343398
68 0.015579131101 0.596875 1 468.757576758114
96 0.0157711311 0.775 1 468.75776876404
17 0.015494621207 0.75 1 470.757491977459
35 0.015628950691 0.775 1 474.757622548633
14 0.015672999998 0 1 479.757674599395
1 0.015386847434 0.7 1 481.757392297323
34 0.015617847433 0.775 1 481.757623365855
77 0.015887847432 0.997656 1 481.757893203756
51 0.015639157215 0.948438 1 484.757642409604
92 0.01546150958 0.79375 1 488.757462763763
72 0.015511805186 0.973437 1 496.757515848357
7 0.015794805185 0.7 1 496.75779886335
73 0.015563165063 0.996875 1 505.757567326073
94 0.015619948889 0.775 1 509.757621743238
24 0.01551639317 0.799805 1 514.7575205907
46 0.015462237613 0.799219 1 524.757460037994
55 0.015622435552 0.974219 1 528.757625282394
2 0.015581735828 0.4 1 529.757585959436
86 0.015585917253 0.75 1 532.757590139659
52 0.015608539154 0.948438 1 539.75760828597
97 0.015473301158 0.79375 1 540.757467256627
7 0.015498284683 0.7 1 542.757497874249
88 0.015523155181 0.75 1 544.757527254878
66 0.015740913595 0.999585 1 545.757735254847
11 0.01547717646 0.4 1 547.757481408237
49 0.015673477357 0.799609 1 551.757673161837
9 0.015846162174 0.6 1 554.7578401295
94 0.015585804506 0.796875 1 557.757579693249
67 0.015855804505 0.199219 1 557.757849707349
90 0.015591009998 0.799609 1 558.757586001758
39 0.015705258657 0.4 1 566.757703586327
60 0.015467439226 0.799609 1 567.757472653213
21 0.015698999998 0.796875 1 585.757692663544
72 0.015514572561 0.999121 1 586.757518806378
93 0.015450127673 0.79375 1 594.75744366504
36 0.015489194978 0.6 2 602.757484927638
