6 0.03023085594 0 2 21.557709352452
46 0.029957249539 0 2 27.557444365986
38 0.030162249538 0 2 27.557649211505
57 0.030006771066 0 2 29.557486618915
15 0.030100481162 0 2 43.557581024437
85 0.029891027167 0 2 44.557372871091
61 0.030135027166 0 2 44.557616917296
45 0.02994499332 0 2 46.557421455122
63 0.029908787497 0 2 47.557390683572
95 0.02998457904 0 2 48.557463099303
25 0.030191755269 0 2 50.557668407164
71 0.029957050201 0 2 57.557441191772
39 0.030051196716 0 2 58.557532326714
62 0.030295196715 0 2 58.557776330941
49 0.030046521604 0 2 59.557523098755
69 0.029847665721 0 2 60.557331670623
8 0.029966692163 0.1 2 63.557450662797
79 0.02998678404 0 2 64.557468499027
15 0.02986367839 0.4 2 65.557346713734
26 0.029844424689 0 2 70.557328120414
95 0.030101424688 0 2 70.557584963019
60 0.030319424687 0 2 70.55780313399
65 0.030006259721 0 2 71.557484433834
53 0.030108331136 0 2 73.557586411849
24 0.030128999998 0 2 77.557617013324
29 0.029879804802 0 1 79.557357182405
49 0.029992392178 0.3 1 81.557471080759
87 0.029900566667 0 1 85.557378259747
27 0.030144566666 0 1 85.557622244951
17 0.030216382894 0 1 90.557697292114
61 0.029863384687 0 1 91.557342873579
3 0.030208418921 0.15 1 92.557697722773
96 0.029966053533 0 1 94.557450235622
75 0.030236053532 0 1 94.55772034284
35 0.03016349662 0 1 97.557639890656
69 0.029897841883 0.6875 1 100.557374212929
70 0.030049622101 0 1 107.557536742948
4 0.030087926833 0.1 1 111.557569862559
0 0.029985444736 0 1 115.557464134408
80 0.029902630297 0 1 117.557382336389
16 0.030039284204 0 1 120.557527648874
79 0.030332042699 0.45 1 122.557810489656
24 0.03017122696 0.55 1 124.557647965132
93 0.029882086185 0 1 127.557358473077
18 0.030165086184 0.15 1 127.557641476473
58 0.030173330225 0.8 1 128.557661151645
86 0.030086781593 0 1 129.557575139045
13 0.030025582402 0.75 1 130.557502049762
50 0.029935251252 0.4 1 136.557411687318
97 0.030166251251 0 1 136.557642701044
80 0.02991592359 0.799976 1 139.557392563719
17 0.030057056668 0.4 1 140.557544639204
16 0.030048663913 0.4 1 142.55752704552
45 0.029881562272 0 1 143.557369403348
54 0.029895681039 0.85 1 146.557375901812
48 0.030038312485 0.15 1 151.557517000677
44 0.030094058839 0.1 1 153.557575822329
88 0.030036580003 0.1 1 158.557515258048
38 0.030025711028 0.55 1 161.557504413576
6 0.030063335833 0 1 162.557544144994
57 0.030210244544 0.6 1 164.557691181896
20 0.02989725213 0.4 1 167.55738562238
33 0.030017460064 0.15 1 168.557495970077
51 0.030287460063 0 1 168.557765951601
99 0.029959999998 0.25 1 171.557448012768
66 0.029889472391 0 1 174.557377325049
93 0.029882118499 0.9 1 181.557360904292
38 0.029990396925 0.95 1 183.55747779081
57 0.030050874132 0.6 1 186.557538314343
68 0.030028376576 0.55 1 187.557515050534
20 0.029926891252 0.4 1 189.557414497732
67 0.029896164627 0 1 191.557383957141
30 0.030179164626 0.75 1 191.557666930465
99 0.029937426868 0.4 1 193.557421438438
69 0.029938464302 0.649219 1 195.557426267773
64 0.029962007417 0.15 1 199.55743924605
29 0.02993050115 -0.15 1 203.557409196587
62 0.030148107949 0.6 1 205.557626796604
46 0.029929589629 0 1 208.557408278383
81 0.030133536963 0 1 209.557612219408
32 0.029868137807 0 1 210.557352936116
40 0.029910825307 0.7 1 211.557389487928
12 0.030000579567 0.7 1 213.557484916528
41 0.02996294628 0 1 215.557442989538
96 0.029935539751 0.4 1 217.557414228378
3 0.030189752242 0.9375 1 224.557669799071
74 0.030206072929 0.175 1 226.557684643092
73 0.029878396128 0.15 1 227.557359662311
15 0.030148396127 0.6 1 227.557629546197
88 0.029971602905 0.175 1 232.557450303852
17 0.030082734863 0.7 1 237.55757093751
29 0.029888788375 -0.2 1 241.557367396665
28 0.029847047879 0.175 1 244.557325721796
91 0.030065047878 0 1 244.557543566335
27 0.030348047877 0.75 1 244.557826538669
56 0.029929289917 0.4 1 246.557411744115
75 0.030054725993 0 1 247.557533403276
10 0.029875809216 0.4 1 248.557358793082
80 0.02992966351 0.799976 1 250.557408344497
55 0.0300529226 0 1 256.55753161236
84 0.030117992832 0.875 1 258.557596492037
31 0.029977644573 0.6 1 259.557456341964
40 0.029975827641 0.7 1 262.557454492596
32 0.029813999999 0.4 1 265.557292694607
9 0.029999767704 -0.2 1 269.557484032428
43 0.030072077943 0.9375 1 272.557549321188
64 0.030020824283 0.875 1 276.557504191388
79 0.029939990034 0.4 1 277.557416521209
90 0.030076398868 0.6 1 285.557562394549
51 0.029999790543 0.4 1 288.557485727566
17 0.030094156133 0.7 1 289.557570872498
82 0.030057947843 0.6 1 291.557538462109
14 0.029897001536 0.775 1 295.557381169805
8 0.029962518958 0.19375 1 297.557450681507
19 0.029844962806 -0.2 1 299.557323650759
50 0.030075962805 0.4 1 299.557554637913
83 0.030004380547 0.775 1 300.557482482677
55 0.030043374125 0 1 301.557528623555
84 0.030287374124 0.9375 1 301.557772331756
58 0.030156455936 0.992188 1 303.557637597963
52 0.030127627473 0 1 305.557611392865
92 0.030088479872 0.6 1 306.557569437397
90 0.030207462457 0.6 1 307.55768653601
32 0.029815525894 0.4 1 308.557299141756
66 0.030020525893 0 1 308.557504207368
70 0.030034793599 0 1 309.557523737028
42 0.029834281133 0 1 310.55731868052
17 0.03000898282 0.798437 1 311.557492322054
76 0.029978230304 0 1 314.557461816966
14 0.02991033956 0.946875 1 317.557393657585
19 0.029806765522 0.4 1 321.55729246495
81 0.030080079413 0 1 322.557560214438
10 0.029948719329 0.4 1 324.557436703756
82 0.030074027728 0.6 1 327.557551457067
98 0.029933999998 0.9375 1 333.557412900166
28 0.029867872269 0.59375 1 339.55734540537
27 0.030063999998 0.75 1 341.557547277818
74 0.030004331945 0.1875 1 342.557488942252
35 0.030100625353 0.75 1 343.557587880364
6 0.030004087661 0.775 1 350.557492167288
7 0.030057626335 0 1 351.557543288302
75 0.029989725691 0.7 1 358.557468402672
98 0.029839999999 0.99375 1 361.557318400351
35 0.030290588488 0.7875 1 365.557770479099
80 0.029891121286 0.799988 1 366.557370337701
3 0.030148121285 0.96875 1 366.557627313433
8 0.029961300047 0.196875 1 369.557450648369
6 0.030070270598 0.7875 1 372.557557194236
94 0.029840960616 0.5875 1 373.557319626933
84 0.030318960615 0.98125 1 373.557797652394
81 0.030073626936 0.6 1 375.557557230737
58 0.030310592192 0.996094 1 377.557787523697
21 0.029981440096 0.6 1 379.557460055255
7 0.030238440095 0 1 379.557716846234
52 0.029987359292 0 1 381.557470946608
90 0.030096649863 0.6 1 382.557575313705
36 0.030001725382 0 1 389.557478289851
23 0.030206725381 0.984375 1 389.557683294137
54 0.029839999999 0.9625 1 394.557318679588
59 0.029967584998 0.2 1 396.557453458362
60 0.029869055774 0 1 397.557349465167
22 0.030128265792 0.6 1 403.557608466453
75 0.03006773455 0.7 1 404.55754642039
1 0.03001828941 0.4 1 411.557507489484
67 0.029907999998 0.7 1 415.557391163663
3 0.030014966666 0.971875 1 421.557497594295
77 0.030297966665 0 1 421.557780875209
13 0.030012461145 0.984375 1 423.557489043298
75 0.030057904732 0.7 1 426.557546225548
78 0.02984185295 0.89375 1 429.557318681328
32 0.029813999999 0.4 1 430.5572926734
67 0.029881443522 0.775 1 437.557364944317
84 0.030078787039 0.99375 1 448.557557460523
89 0.030102375391 -0.2 1 454.557581024565
34 0.029866757922 0.896875 1 456.557346812552
47 0.030110757921 0 1 456.557590833748
97 0.029903218189 0.4 1 458.557391049021
1 0.030160218188 0.7 1 458.557648036842
40 0.029935281953 0.7875 1 459.557415508274
17 0.030177881448 0.798437 1 471.557658759942
68 0.029983406008 0.596875 1 472.557460093606
96 0.030201406007 0.6 1 472.557678097293
35 0.030146159976 0.7875 1 474.557626925574
14 0.029899032227 0.946875 1 479.557381237297
34 0.029870570266 0.896875 1 481.557356682123
1 0.030153570265 0.7 1 481.557639613784
77 0.030345570264 0.7 1 481.557831520454
51 0.029998005514 0.798437 1 482.557485758798
92 0.029978070027 0.6 1 488.557458209472
7 0.030054495681 0 1 496.55754038849
72 0.03033749568 0.7 1 496.557823373583
73 0.029839999999 0.598438 1 504.557318664563
94 0.029912714282 0.986719 1 509.557393824851
24 0.030151307211 0.992969 1 513.557630008222
46 0.029959595114 0.75 1 524.557447260783
55 0.030056848052 0.4 1 528.557544642682
2 0.029941595187 0 1 529.557420277361
86 0.030083440449 0.6 1 532.557562121447
52 0.029979234744 0.4 1 538.557457935318
97 0.029938114731 0.775 1 540.557419771409
7 0.030290282318 0 1 543.557772148751
66 0.029893460011 0 1 544.557372107144
88 0.03013746001 0.899219 1 544.557616018063
11 0.030128999998 0 1 547.557618033898
49 0.029992387418 0.4 1 548.557471071239
94 0.029889162056 0.996094 1 552.557367848955
67 0.029889335335 0.775 1 553.557378106995
9 0.030070347076 -0.2 1 554.557549030488
90 0.0301356753 0.7 1 558.557614364579
97 0.029904831903 0.775 1 562.557393404083
39 0.030043580964 0.2 1 563.557522243482
60 0.02988383273 0.775 1 566.557362524331
21 0.029984298646 0.6 1 583.55746296807
72 0.030105448344 0.7 1 586.557584140758
93 0.029895809685 0.94375 1 592.557374487374
36 0.03006757251 0.7 1 601.557546266919
68 0.030050999998 0.974609 1 604.557528044906
5 0.02993774262 0 1 605.557418794026
