6 0.0457855456 0 2 21.459393533802
5 0.046068545599 0 2 21.459676582324
38 0.045885040846 0 2 22.459493193205
46 0.045871999998 0 2 25.459482270001
57 0.045897999998 0 2 29.459505816886
61 0.045810630225 0 2 41.459418369623
15 0.046054630224 0 2 41.459662383762
85 0.04575006789 0 2 43.459360016572
45 0.045860139808 0 2 47.459468511392
63 0.046104139807 0 2 47.459712512448
95 0.045741105754 0 2 48.459347012054
25 0.045843461534 0 2 50.459457249085
39 0.046092292159 0 2 57.459696801233
71 0.046122771949 -0.1 2 59.459730855319
62 0.046081792969 0 2 60.459686207907
49 0.046069625012 0 2 63.459674230988
15 0.046352625011 0 2 63.45995710059
69 0.046007819836 0 2 64.459615806936
79 0.045754164208 0 2 66.459369043063
8 0.045998164207 0 2 66.459613010813
95 0.045785027068 -0.1 2 70.459392905677
60 0.046029027067 0 2 70.459637081096
26 0.046234027066 0 2 70.459842067455
65 0.046073421102 0 2 71.459681540138
53 0.045961786531 0 2 73.459569940589
24 0.045872211152 0 1 78.459474561362
29 0.045843128495 0 1 79.459445675003
61 0.045762792252 0.1 1 88.459378074961
27 0.045993792251 0 1 88.459608946
87 0.04621179225 -0.1 1 88.459826959229
96 0.045818270685 0 1 89.4594262851
17 0.045806454744 0 1 90.459420182761
75 0.045979617276 0 1 91.45959493895
3 0.045963326077 0 1 92.459571466227
35 0.045946517896 0 1 97.459549026839
70 0.046042293695 -0.1 1 108.45965017678
4 0.045925431184 0 1 111.459528715815
0 0.04589695003 0 1 115.459508803093
80 0.045867675253 0 1 117.459480590796
16 0.045916698258 0 1 120.459526032023
69 0.046098880037 0.55 1 121.459706991913
79 0.045833311331 -0.15 1 122.459441249681
3 0.04610331133 0.4 1 122.459711460294
18 0.046006675759 0 1 125.459614739339
24 0.045788349244 0 1 126.459393786294
93 0.045993349243 0 1 126.45959869858
58 0.046000583821 0 1 128.459608766634
86 0.045897304474 -0.1 1 129.459508960531
13 0.045845453584 0 1 130.459447816186
97 0.045762670793 0 1 132.459374161366
50 0.045980670792 0 1 132.45959214889
17 0.045773162982 0 1 138.459378700219
0 0.046043162981 0.4 1 138.459648700364
80 0.045852164136 0.25 1 139.45946734493
16 0.045871294238 0.4 1 142.459473414057
45 0.04589121989 0.4 1 143.459497132126
54 0.045798851306 0 1 146.459404877294
48 0.045809313038 0 1 151.459417493235
44 0.045994170992 0 1 153.45960456112
88 0.045948207603 -0.15 1 158.459556377643
33 0.04597104983 0 1 165.459583814707
6 0.045782101088 0 1 167.459389756773
57 0.046182101087 0 1 167.459789852245
51 0.046426101086 0 1 167.460033833988
20 0.045812575181 0.4 1 169.459422759708
38 0.04606957518 0 1 169.459679559267
99 0.045913241546 -0.15 1 171.459523704684
66 0.045999687861 0.1 1 174.459605073122
93 0.04582514186 0.2 1 181.459438055467
68 0.045835322874 0.15 1 187.459443492017
57 0.045988706669 0.4 1 189.459596750662
20 0.045778591601 0.6 1 191.459386566658
38 0.0460485916 0 1 191.4596562565
99 0.04588668433 -0.15 1 193.459494574235
67 0.045916116477 0.1 1 194.459524168152
30 0.046186116476 0 1 194.459794142418
69 0.045962999998 0.55 1 195.459572462632
64 0.045751999999 0.15 1 200.459360152021
29 0.045850501671 0 1 203.459458689101
62 0.045908167766 0.15 1 205.459516348395
46 0.045832999998 0 1 208.459443251511
81 0.045900654831 -0.2 1 209.459508829252
32 0.045858582919 0 1 210.459467790328
40 0.04627283394 0.4 1 211.459882925773
12 0.045815114332 0.4 1 214.459425080251
41 0.045812154661 0 1 215.459420344611
96 0.045842415789 -0.2 1 217.459452342576
15 0.046192190087 0 1 225.459803405868
73 0.045789880412 0.25 1 226.459399787426
3 0.046046880411 0.4 1 226.459656678794
74 0.04623888041 -0.2 1 226.459848691584
88 0.045920316105 -0.15 1 232.459530423519
17 0.045819317625 0 1 237.459433211047
91 0.046120948639 -0.2 1 241.459729089196
29 0.045792456662 0.4 1 242.459400512245
27 0.046062456661 0 1 242.459670525665
28 0.045913372089 0 1 244.459521538007
56 0.045720343209 0.4 1 246.459334176649
75 0.046012761163 -0.15 1 247.459620930468
10 0.045707488557 0 1 249.459321153566
80 0.045846425917 0.2 1 250.459454598908
55 0.045882414809 0 1 256.459490596544
84 0.045888244334 -0.2 1 258.459501926056
31 0.045958632438 0 1 259.459566821839
40 0.045811900547 0.4 1 262.459420057493
32 0.045764999999 0.6 1 265.459373186616
9 0.045813862158 0 1 269.459422038536
43 0.045961059568 0 1 272.459569226542
64 0.045725999999 0.5875 1 276.459334169999
79 0.045804838317 -0.15 1 277.459410864315
90 0.045919308446 -0.2 1 286.459525267023
51 0.045868313594 0 1 288.459482507587
17 0.045806882193 0.4 1 289.459420145951
82 0.045899985507 -0.2 1 291.459514056902
14 0.045746772034 0 1 295.459360154177
8 0.045832198805 0 1 297.459446226817
50 0.045981101917 0 1 300.459595071315
84 0.046320396481 -0.2 1 302.459926111627
58 0.04609142944 0.4 1 303.45970547173
92 0.045998400767 0.2 1 305.459611673064
52 0.046255400766 0 1 305.459868646414
19 0.046512400765 0 1 305.460125518993
66 0.046098113047 0.175 1 306.459712303727
32 0.045805740164 0.6 1 307.459412733451
83 0.046062740163 0.2 1 307.459669536055
90 0.045925190449 -0.2 1 308.459538215291
70 0.046035933491 -0.2 1 309.459650260994
42 0.04581395764 0 1 310.459421042206
17 0.045806862287 0.4 1 311.459419586541
76 0.045920714298 0.2 1 314.459533871131
14 0.045720895145 0 1 317.459333893555
81 0.045875616068 -0.2 1 322.459482824392
10 0.045725999999 0.4 1 324.459334154144
82 0.04589288312 0.2 1 327.459501051928
98 0.046049162858 0.2 1 333.459657331693
28 0.045936999998 0 1 339.459547538309
27 0.045883564713 0 1 341.459491741768
74 0.045866884394 -0.2 1 342.459480942806
35 0.045883430055 0.4 1 343.459497016489
6 0.045880978956 0.6 1 350.459489159728
7 0.045996285608 0 1 351.459609775108
75 0.046009170101 -0.2 1 358.459620929752
98 0.046071198042 0.55 1 361.459682763561
3 0.046093858137 0.4 1 365.459701999615
80 0.045833373697 0.2 1 366.459441494468
8 0.045890018769 0.6 1 369.459498193649
6 0.045828983417 0.6 1 372.45943716865
7 0.046150786415 0 1 373.459758680039
58 0.045920439603 0.4 1 375.459592761241
81 0.046177439602 -0.2 1 375.459849668638
84 0.045825965876 -0.2 1 376.459434015884
94 0.046030965875 -0.2 1 376.459638991322
21 0.045724709325 0.4 1 378.459422876591
90 0.046141772508 -0.2 1 386.459749750665
36 0.046037794029 0.6 1 387.459749953803
23 0.045743567565 0 1 388.459351606906
52 0.045987567564 0 1 388.459595467609
54 0.045809729342 0 1 394.45941790092
59 0.045772078201 0 1 396.459458256627
60 0.046005053265 0.196875 1 397.459613207295
22 0.046013444492 0 1 403.45962162806
75 0.046012769718 -0.2 1 404.459620947578
1 0.045935213639 0 1 411.459543395846
67 0.045944883078 0.198438 1 415.459553066398
3 0.045986732446 0.4 1 421.459594629619
77 0.046204732445 0.4 1 421.459812918786
13 0.045813652887 0.4 1 423.459421809908
75 0.045973663335 -0.2 1 426.459581734812
78 0.046012310978 0.2 1 429.459620484295
32 0.045836301412 0.6 1 430.459441732848
67 0.045970764512 0.198438 1 437.459578829266
84 0.045815729052 -0.2 1 448.459423894554
89 0.045777926114 0.2 1 453.459386112237
47 0.045967322794 0.4 1 456.459575366398
34 0.046250322793 0 1 456.459858345179
97 0.045785685695 0.5 1 458.459393826357
1 0.046003685694 0.4 1 458.459611814231
40 0.045712999999 0.6 1 459.459321164764
17 0.045997719152 0.75 1 471.459605880502
96 0.045760811205 0.2 1 472.459371371419
68 0.046043811204 0.198438 1 472.459654367621
35 0.04591488036 0.4 1 474.459523061819
14 0.045725989002 0 1 479.459334187922
77 0.045953841598 0.5 1 481.459565403775
1 0.046184841597 0.4 1 481.459796496997
34 0.046415841596 0 1 481.460027565237
51 0.045911623453 0.6 1 482.459521538847
92 0.045975999998 0.2 1 488.459578615416
72 0.045922377037 -0.2 1 492.459531803553
7 0.046205377036 0 1 492.459814817197
73 0.045791506147 0.55 1 505.459399617617
94 0.045863938502 -0.2 1 509.459466407103
24 0.045737391168 0 1 513.459448646334
46 0.045913061934 0.7 1 524.459521233855
2 0.04583558369 0.4 1 531.45943837902
55 0.046092583689 0 1 531.459695356661
86 0.045904694403 -0.2 1 532.459508942925
52 0.045869851636 0 1 538.459479792252
97 0.045757491638 0.5 1 540.459360186731
88 0.045856551674 -0.2 1 541.459466594325
7 0.046100551673 0 1 541.459710371861
66 0.046067311784 0.899219 1 543.459670124196
46 0.045840318258 0.7875 1 546.459443270289
11 0.045933394456 0.4 1 547.459543702339
49 0.045956755664 0 1 548.459564931478
94 0.045700211999 -0.2 1 552.459401431159
67 0.045983854753 0.199219 1 553.459592009748
9 0.045712999999 0.7 1 554.459321175412
90 0.045773931797 -0.2 1 558.459486327141
97 0.045725999999 0.5 1 562.459333994214
39 0.045939566953 0 1 563.45954772149
60 0.046031082834 0.799609 1 566.459639266433
21 0.045777999999 0.75 1 583.459386161415
72 0.045899268067 -0.2 1 586.459507452506
93 0.045843484058 0.4 1 592.459451653731
36 0.046016058002 0.775 1 601.459624244415
68 0.045887320027 0.599609 1 604.459495486323
5 0.045923999998 0.4 1 605.459536861347
