38 0.047571187635 0 2 21.559264339034
6 0.047334010843 0 2 23.559026874225
5 0.047526010842 0 2 23.559219098725
46 0.047512683143 0 2 25.559205826859
57 0.047454283681 0 2 29.559147314638
15 0.047313629739 0 2 41.559006752306
61 0.047544629738 0 2 41.55923773815
85 0.047547620839 0 2 43.55924059137
45 0.047584459488 0 2 46.559277612114
63 0.04743589011 0 2 47.559127473566
95 0.047400835219 0 2 48.559087640337
25 0.047486485123 0 2 50.55917813762
39 0.047437546224 0 2 55.559131396229
62 0.047707546223 0 2 55.559401390564
71 0.04750717564 0 2 57.559196623162
49 0.047456690742 0 2 59.559149834065
69 0.047509275467 0 2 60.559198439281
15 0.047358034056 0 2 64.559051707771
79 0.047398125788 0 2 66.559094135187
8 0.047629125787 0 2 66.559325102995
26 0.047639220951 0 2 70.559332215217
95 0.047350562746 0 2 71.559043399869
60 0.047581562745 0 2 71.55927452661
65 0.047838562744 0 2 71.559531675384
53 0.047317430076 0 2 73.559012195096
24 0.047582757181 0 2 77.559275906487
29 0.047493364703 0 2 79.559188031095
49 0.047486797475 -0.1 2 81.559175816069
87 0.047306484311 0 2 86.558999568313
27 0.04757648431 0 2 86.559269553836
96 0.047416181627 0 2 88.559110782456
61 0.047634181626 0 2 88.559328741792
17 0.047370682684 0 2 90.55906161757
75 0.047554872743 0 1 94.559249496189
3 0.047811872742 0.775 1 94.55950651889
35 0.047513588263 0 1 97.559208468577
69 0.047479318694 0 1 100.559172430843
70 0.047363799675 0 1 107.559052262249
4 0.047327709421 0 1 111.559020828442
0 0.047360282696 0 1 115.559053418112
80 0.047340078977 0 1 117.559031003868
16 0.047411942093 0 1 120.559102740794
79 0.047348607559 0 1 121.559041540769
3 0.047566607558 0.775 1 121.559259674559
18 0.047377242142 0 1 122.559073915979
93 0.047591169498 0 1 123.559281824555
24 0.047582082808 0.6 1 124.559275906409
58 0.047531592208 0.5 1 128.559228036016
86 0.047483564035 0 1 129.559174320868
13 0.047604881429 0 1 130.559298426892
50 0.047383524992 0.15 1 136.559077042845
97 0.047601524991 0 1 136.559295056571
80 0.047590574479 0.4 1 139.55928429774
17 0.047411997575 0 1 140.559100347556
16 0.047461310089 0 1 142.55915413744
45 0.047498005346 -0.15 1 143.55918656034
54 0.047371030029 0.15 1 146.559059891781
48 0.047335992212 -0.15 1 151.559029126148
44 0.047548040641 -0.1 1 153.559236063712
88 0.047313889579 0 1 158.559002282761
38 0.047314123721 0.4 1 161.559010658826
6 0.047397140398 0 1 162.559084932018
51 0.047596703239 0.1 1 164.559285143669
33 0.047305110918 0 1 165.559004429249
57 0.047510110917 0.1 1 165.559209427545
20 0.047320994324 0 1 167.559009287362
99 0.047299400768 0 1 171.55899851556
66 0.047433074896 0 1 174.559132150988
93 0.047600999998 0.7 1 181.559294277947
38 0.047317199151 0.4 1 183.55901003606
68 0.047372700855 0 1 188.559066848767
57 0.047655700854 0.175 1 188.559349733484
20 0.047355114012 0 1 189.559048166096
99 0.047332274671 0 1 193.559021392555
30 0.047512033361 0 1 194.559205013252
67 0.04779503336 0 1 194.55948803891
69 0.047479346116 0.6 1 195.559172485687
64 0.047381049729 0 1 199.559070514
29 0.047520904096 0 1 203.559214045277
62 0.047568383246 0.4 1 205.559261517645
46 0.047473673925 -0.1 1 208.559166808423
81 0.047414489605 0 1 209.559107617794
32 0.047519566046 0 1 210.559215298421
40 0.04743544464 -0.15 1 211.559128553005
12 0.047372718061 0.4 1 213.559068325847
41 0.047271690171 -0.15 1 215.558964833838
96 0.047423563567 0 1 217.559111693953
15 0.04730183152 0 1 223.55898980604
74 0.047519831519 0 1 223.559207827145
3 0.047750831518 0.775 1 223.559438814138
73 0.047261979669 0 1 226.558950040901
88 0.047322181874 0 1 232.559015328565
17 0.047329501225 0 1 237.559022645862
29 0.047708153721 0 1 242.559402444782
27 0.047374007573 0 1 243.559066986724
91 0.047605007572 0 1 243.559298012309
28 0.047506375385 0 1 244.559199495046
56 0.04739136702 0.175 1 246.559084497405
75 0.047546206717 0.7 1 247.559239329744
10 0.047331174097 0 1 248.559025497673
80 0.047324885245 0.4 1 250.559018011976
55 0.047405077729 0.9 1 256.559098213233
84 0.047567732742 0 1 258.559260867727
31 0.047488743981 0 1 259.559181887116
40 0.047448446974 -0.15 1 262.559141557673
32 0.047548143045 0 1 265.559241283397
9 0.047592256636 0 1 269.559285386762
43 0.047537058457 -0.2 1 272.559230179163
64 0.047309865112 0 1 276.559005459338
79 0.047351828307 0 1 277.559044962692
90 0.047588619342 0 1 285.559279323839
51 0.047501643222 0.5875 1 288.559192269353
17 0.047329468719 0 1 289.55902258085
82 0.047358923162 0 1 291.559049588476
14 0.047396470469 0 1 295.559089578394
8 0.047565912554 0.4 1 297.55925685456
19 0.047566449042 0.4 1 300.559259537851
50 0.047607094433 0.79375 1 301.559300125304
84 0.047877094432 0 1 301.55956993304
58 0.047606081607 0.5875 1 302.559298427888
92 0.047278728274 0 1 303.558971847897
83 0.047363622937 0.4 1 305.559056035453
32 0.047633622936 0 1 305.559326250258
52 0.047877622935 0.19375 1 305.559570131125
66 0.047452069569 0 1 306.559145212528
90 0.047547067335 0 1 307.559240110847
70 0.047372109877 0 1 309.559065256329
42 0.047549912303 -0.2 1 310.559243038568
17 0.047349909924 0 1 311.559048030406
76 0.047348004047 0 1 314.559042342035
14 0.047394973462 0 1 317.559089066174
81 0.047326225961 0 1 323.559020782136
19 0.04758322596 0.4 1 323.559277691707
10 0.047423300442 0 1 324.559116408347
82 0.047317460913 0 1 327.559010583434
98 0.047315293262 0 1 333.55900841584
28 0.047454375534 0.4 1 339.559147495344
27 0.047449545567 0 1 341.559142676349
74 0.047412798717 0 1 342.559105923367
35 0.04756734572 0 1 343.559260458285
6 0.047334756886 0.4 1 350.559032954312
7 0.047524536864 0 1 351.559217654661
75 0.047559206415 0.7 1 358.55925232914
98 0.04739301678 0.4 1 361.559085862876
74 0.04738768098 0 1 364.559080778916
3 0.047657680979 0.775 1 364.559350821401
80 0.047314999998 0.6 1 365.559013473056
35 0.047558999997 0.4 1 365.55925747366
8 0.047485692799 0.4 1 369.559178821422
6 0.047404833274 0.4 1 372.55909798126
94 0.047300881231 0 1 373.558993993292
84 0.04779188123 0 1 373.559485018753
81 0.047385596728 0 1 375.559078636914
58 0.04773539375 0.596875 1 377.559428436308
7 0.047482884705 0 1 379.559175736588
21 0.047700884704 0.4 1 379.559393945607
52 0.047419714547 0.196875 1 381.55911286651
90 0.047586133409 0 1 382.559279242995
23 0.04730926627 0 1 387.559002303877
36 0.047592266269 0.4 1 387.559285298115
54 0.047340790022 0.196875 1 394.559033915355
59 0.047497877663 0.196875 1 396.559190989642
60 0.047368941773 0 1 397.559062049536
22 0.04756541416 0.4 1 403.55925855145
75 0.047559733413 0.775 1 404.559252346858
1 0.047353999998 0 1 411.559050497396
67 0.047514559076 0 1 415.55920769616
3 0.047554062762 0.7875 2 421.559246921929
77 0.047785062761 0 2 421.559478202843
13 0.047602249737 0 2 423.559298420428
75 0.047529993143 0.775 2 426.559226152016
78 0.047313492664 0 2 429.559009867209
32 0.047496121838 0 2 430.559189240983
67 0.047488449403 0 2 437.559181476814
84 0.047567716985 0.7 2 448.559260836213
47 0.047628661308 -0.2 2 453.559321793392
89 0.047315776321 0 2 454.559010487384
34 0.04759877632 0.4 2 454.559293457644
97 0.04741836462 0.775 2 458.559111459075
1 0.047662364619 0.4 2 458.559355446896
40 0.047406191957 -0.15 2 459.559102573351
96 0.047531841065 0.6 2 471.559227904116
17 0.047325255332 0 2 473.559019663868
68 0.047608255331 0 2 473.559302538223
35 0.047577338978 0.4 2 474.559273503495
14 0.047478957566 0 2 479.559167645886
34 0.047348780562 0.4 2 481.559038421123
77 0.047623999391 0 2 482.559320298284
1 0.04733976662 0.4 2 483.55903624557
51 0.047570766619 0.596875 2 483.559267210154
92 0.047291174906 0 2 488.558987621364
7 0.047534792882 0 2 496.559227754849
72 0.047817792881 0 2 496.559510739942
73 0.047295927957 0 1 504.558989038265
94 0.047366470562 0.4 1 509.559059591153
24 0.04751775463 0.6 1 513.559210901385
46 0.047486665125 -0.2 1 524.559179790823
55 0.047415603907 0.986719 1 528.559111243555
2 0.04738427589 0 1 529.559077403808
86 0.047403176528 0.4 1 532.55909630327
52 0.047497708902 0.199609 1 538.55919085522
97 0.047353613016 0.7875 1 540.559049181463
88 0.047290336731 0.4 1 541.558983475331
7 0.04756033673 0 1 541.559253254394
66 0.047449507083 0 1 543.559145202092
11 0.047271332027 0.4 1 547.558964468109
49 0.047547676984 -0.2 1 548.559240806549
94 0.047327482614 0.4 1 552.559020615257
67 0.047501530742 0 1 553.559194639492
9 0.047514255666 0 1 554.559207384822
90 0.047599158846 0 1 558.559292293869
97 0.04742085734 0.7875 1 562.559113814137
39 0.047489499681 0.6 1 563.559180558545
60 0.047371081914 0 1 566.5590621087
21 0.04750435518 0.4 1 583.559197470348
72 0.047572803106 0 1 586.559265941264
93 0.047561999998 0.7 1 592.559255861029
36 0.04743890872 0.7 2 601.55913251473
68 0.047433378272 0.4 2 604.559121639155
5 0.047490052943 0.4 2 605.559183182926
