6 0.03629517258 0 2 21.455323855833
5 0.036591172579 0 2 21.455619904355
38 0.036318740734 0 2 22.455347588144
46 0.036537999998 0 2 25.455566725681
57 0.036455200325 0 2 29.455579951268
15 0.036407999998 0 2 41.455448138198
61 0.036541686073 0 2 42.455570490696
85 0.036490366884 0 2 43.455518771246
45 0.036606876612 0 2 48.455635680717
63 0.036247313632 0 2 50.455286991634
95 0.036491313631 0 2 50.455530900511
25 0.036509119349 0 2 51.455537962531
39 0.036295429066 0 2 55.455324246869
62 0.036526429065 0 2 55.455555241183
71 0.036402788765 0 2 57.455434954188
49 0.036278952138 0 2 60.455310704568
69 0.036522952137 0 2 60.455554722808
8 0.036298926344 0 2 63.455330862748
15 0.036555926343 0 2 63.455587560723
79 0.036485741164 0 2 64.455514605757
26 0.036305231712 0 2 67.455334101789
60 0.036536231711 0 2 67.455565115703
65 0.036258317818 0 2 71.455290853964
95 0.03633624816 0 2 72.455364822164
53 0.036433999998 0 2 73.455473577204
24 0.03632652757 0.5 2 78.455355373155
29 0.036411697644 0 1 79.455451055073
27 0.036378221929 0 1 85.455417608241
87 0.036635221928 0 1 85.455674623048
61 0.036544073469 0 1 88.455583584558
96 0.03646905606 0 1 89.45550751506
17 0.036380700529 0 1 90.455409572339
75 0.036407999998 0 1 91.455440974933
3 0.036250539799 0 1 92.45529084698
35 0.03632437012 0 1 97.45535707825
69 0.036473070109 -0.1 1 100.455505714399
70 0.03647160893 0 1 108.455500454612
4 0.036352458788 0 1 111.455381319128
0 0.036316999998 0 1 115.455354156878
80 0.036465310651 0 1 117.455494174637
16 0.036445227413 0 1 120.455474097754
3 0.036321529256 0 1 121.455358350104
79 0.036591529255 -0.1 1 121.45562822497
93 0.036227751693 0 1 124.455264507817
18 0.036471751692 0 1 124.455508509239
24 0.036300999999 0.55 1 126.455329800238
58 0.036696650544 0 1 130.455733382827
13 0.036370400612 0 1 134.455408301151
86 0.036736619349 0 1 135.455765253054
50 0.036404968691 0 1 136.455441786172
97 0.03663596869 0 1 136.45567279986
80 0.036608203346 0.6 1 139.455640733959
17 0.036436596497 0 1 140.455474301965
16 0.03649691843 0.7 1 142.455525479788
45 0.036325119958 0 1 144.455353942814
54 0.036534398668 0.55 1 147.455563208656
48 0.036320228786 0 1 151.455349104034
44 0.036421402032 0.1 1 153.455450264362
88 0.0363616102 0 1 159.45539043042
6 0.036402115698 0.4 1 164.455513992294
51 0.036495500279 0 1 165.455524309462
57 0.036739500278 0 1 165.455768328984
33 0.036519081176 0 1 167.455656793275
20 0.036255386473 0.6 1 169.455284150634
38 0.036525386472 0 1 169.455553950193
99 0.036333423664 -0.15 1 171.455362303699
66 0.036385500322 0 1 174.455414353831
93 0.036274999999 0 1 181.455303565591
68 0.036482579853 0 1 187.455511444047
57 0.036739579852 0 1 187.455768232195
38 0.036396457137 0 1 191.45542502095
99 0.036652731292 -0.15 1 193.455681316248
30 0.036656957124 0 1 195.455697707746
67 0.036346843175 0 1 196.45537550432
69 0.036564843174 -0.1 1 196.455593678814
64 0.036297330953 0.15 1 200.455329847072
29 0.036474758716 -0.15 1 204.455515979203
62 0.036386492628 0 1 205.455415368308
46 0.036537999998 0 1 208.455566707191
40 0.036687327369 0 1 212.455719841218
32 0.036405325889 0 1 213.455433484475
81 0.036662325888 0.4 1 213.455690422121
12 0.036396067945 0.4 1 214.455424489544
41 0.0364109997 0 1 215.45544372755
96 0.036477769232 0 1 217.455507572536
3 0.036275610443 0 1 223.455305158538
15 0.036519610442 0.4 1 223.455549150485
74 0.036492073234 0.575 1 225.455527366241
73 0.03647539993 0 1 226.455504831168
88 0.036323002944 0 1 232.455351566038
17 0.036367714672 0 1 237.455396600625
29 0.036629662744 0.2 1 241.455658458058
27 0.036680430738 0 1 244.455709108261
91 0.036408663931 0.4 1 245.455437335992
56 0.036303999998 0 1 246.455335203952
28 0.036495999997 0 1 246.455527103907
75 0.036417920405 0 1 247.455453966451
10 0.036420252733 0.4 1 249.455451305365
80 0.036448347072 0.6 1 250.455481182749
55 0.036478791458 0 1 256.455511447336
84 0.036308018563 0.575 1 258.45533902851
31 0.036485901808 0 1 259.455518651789
40 0.036501681677 0 1 262.455534528661
32 0.036485529948 0.4 1 265.455514411616
9 0.036281168139 -0.2 1 270.45531682642
43 0.036383264662 0.4 1 272.455423201046
64 0.03627579455 0.1875 1 276.45531686505
79 0.036563581341 -0.1 1 277.455592627975
90 0.036447340792 0.4 1 286.455476659312
51 0.0364717363 0 1 288.455500598549
17 0.036367682124 0 1 289.455396535529
82 0.036333883085 0 1 291.455362749431
14 0.036486710369 0.575 1 295.455515559598
8 0.036261999999 0.4 1 297.455290886514
84 0.036304443183 0.59375 1 301.455333021968
50 0.036704443182 0 1 301.455733215295
83 0.036480677082 0 1 302.455519020339
92 0.036567362282 0 1 303.455600423024
58 0.036811362281 0.7 1 303.4558444051
19 0.036322023648 0.4 1 305.455359867803
32 0.036504622316 0.775 1 306.455537516763
52 0.036333200067 0 1 308.45537098993
90 0.036636478388 0.4 1 309.455671733368
42 0.036590681962 0.75 1 310.4556195495
66 0.036398938026 0.4 1 311.455436980231
17 0.036681938025 0.4 1 311.455719889451
70 0.036439132643 0 1 312.455474268886
76 0.036242245151 0 1 315.455277838157
14 0.036415231063 0.596875 1 317.455450038354
81 0.036422893036 0.4 1 322.455451760078
10 0.036475202122 0.4 1 324.455516306521
82 0.036399502301 0 1 327.455440744457
98 0.036455727021 0.4 1 333.455484590907
28 0.036433999998 0.4 1 339.455465282834
27 0.036340342091 0.4 1 342.455371456418
74 0.03657134209 0.5875 1 342.455602495496
35 0.036328214055 0.4 1 343.4553570679
6 0.036217796718 0.75 1 350.455329875822
7 0.036519320882 0 1 351.455550281626
75 0.036380482581 0.6 1 358.455414965735
98 0.036503794264 0.75 1 361.455536022775
3 0.036287208003 0 1 364.455319475512
74 0.036505208002 0.596875 1 364.455537423984
35 0.036219278577 0.775 1 365.45533106527
80 0.036452262487 0.6 1 366.455481078309
8 0.036235999999 0.6 1 369.45526486993
6 0.03634820774 0.75 1 372.455377088024
84 0.036299833896 0.59375 1 373.455331973726
7 0.036673833895 0 1 373.455705683589
94 0.036436448745 0.19375 1 374.455548555598
81 0.036432994871 0.4 1 375.455461776329
58 0.03667699487 0.7 1 375.45570586893
21 0.036403221978 0 1 378.455432069191
52 0.036256665527 0 1 382.455294665885
90 0.036539665526 0.4 1 382.455577668531
36 0.036225154091 0 1 385.455263168601
23 0.03649515409 0.4 1 385.455533175122
54 0.036486303263 0.8875 1 394.455524321938
59 0.036510003586 0.2 1 396.455538856852
60 0.036400044823 0 1 397.455438045882
22 0.036300244538 0 1 403.455338275135
75 0.036399065415 0.6 1 405.455427893091
1 0.036450695365 0.6 1 411.455479572623
67 0.036418122999 0.4 1 415.455450281972
3 0.036314492571 0 1 421.45534689211
77 0.03658449257 0.4 1 421.455617181277
13 0.036356589243 0.7 1 423.455385441315
75 0.036342999998 0.7 1 427.455375859663
78 0.036287999999 0 1 429.455316868367
32 0.03640266363 0.775 1 430.455436369114
67 0.036330285035 0.4 1 437.45535904484
84 0.036349136455 0.596875 1 448.455377997008
89 0.036508065138 0.2 1 453.455536946312
47 0.036225106591 0 1 454.455265133826
34 0.03649510659 0.196875 1 454.455535112067
1 0.03635972437 0.6 1 458.455398865729
97 0.036564724369 0.7 1 458.455603877853
40 0.036531684483 0.4 1 459.455560544299
96 0.036651891524 0.4 1 471.455692865061
17 0.036406509104 0.4 1 473.455445623306
68 0.036676509103 0 1 473.455715497266
35 0.03631611548 0.775 1 474.45535711323
14 0.036409357776 0.596875 1 480.45545053726
34 0.03637353477 0.198438 1 481.455402372834
77 0.036604534769 0.4 1 481.455633211369
1 0.036887534768 0.7 1 481.455916304591
51 0.036471706704 0 1 483.455500539357
92 0.036449888342 0 1 489.455478699222
72 0.036326731344 0 1 492.455355310071
7 0.036557731343 0 1 492.455586323715
73 0.03646349355 0 1 504.45549182849
94 0.036506755114 0.198438 1 510.455535571836
24 0.036313570056 0.599219 1 513.455342458127
46 0.036537777702 0.4 1 525.455566599813
2 0.036407517816 0.4 1 530.455445585838
55 0.036404450609 0.4 1 531.455433207454
86 0.036525880573 0.4 1 532.455554306734
52 0.036254924488 0 1 538.455290887627
97 0.036505456769 0.7 1 540.455534338552
88 0.036384244041 0.4 1 541.455420100843
7 0.03661524404 0.6 1 541.455650878379
66 0.036476525859 0.4 1 543.455505404905
11 0.036408684121 0 1 547.455446679313
49 0.036305194539 0.2 1 549.455334020545
94 0.036532812313 0.599219 1 552.455561686234
67 0.036386092418 0.4 1 553.455424225322
9 0.036248999999 -0.2 1 554.455277870463
90 0.036499843091 0.4 1 558.45552871943
97 0.036479051484 0.75 1 562.455507953518
39 0.036318739484 -0.2 1 564.455351034376
60 0.036461181082 0.7 1 567.455490014444
21 0.036364231232 0 1 583.455393087699
72 0.036303725227 0 1 586.455332604717
93 0.036261999999 0.4 1 592.455290864723
36 0.036287999999 0 1 601.455316881463
68 0.036420379651 0 1 604.455449240998
