5 0.042619579144 0 2 21.256016546071
6 0.042928579143 0 2 21.25632551471
38 0.042873228659 0 2 22.256270328966
46 0.042726551634 0 2 26.256123644335
57 0.042771462801 0 2 29.256168487695
85 0.043001366095 0 2 43.256398330238
15 0.042832315786 0 2 45.256229255754
61 0.043063315785 0 2 45.256460240406
45 0.04293206501 0 2 48.256327182758
63 0.042670637743 0 2 50.256066243663
95 0.042901637742 0 2 50.256297151545
25 0.04342579929 0 2 51.256820823537
39 0.042657736411 0 2 54.256052704478
62 0.04291473641 0 2 54.256309698578
71 0.04270234822 0 2 58.256099424507
69 0.042629360268 0 2 60.256024294437
49 0.042925360267 0 2 60.256320276222
8 0.042723954283 0 2 63.25611902208
79 0.042833582815 0 2 64.256226547019
26 0.042755073458 0 2 67.256147909292
15 0.043012073457 0 2 67.256404659683
60 0.042678179986 0 2 68.256069837018
65 0.042782177683 0 2 71.256179284558
95 0.042724475816 0 2 72.256121293903
53 0.04265389518 0 2 73.256046544382
24 0.042828164227 0 2 78.256225262653
29 0.042878172038 0 2 80.256273330269
69 0.042630864667 0.1 2 82.256020604769
87 0.042624748823 0 1 85.256014056693
27 0.042907748822 0 1 85.256297041821
61 0.042857054088 0.1 1 88.256252061375
96 0.042616347407 0 1 89.256010608109
17 0.042822315601 0 1 90.256219440339
75 0.042743037831 0 1 91.256138029077
3 0.042664715396 0 1 92.256049086287
35 0.042723469607 0 1 98.256107715539
70 0.042671214213 0.8 1 108.25606831274
4 0.042771615765 0 1 111.256168729032
0 0.042606888941 0 1 115.256004018555
80 0.042680726228 0 1 117.256075642337
16 0.042801626896 0 1 120.256196419367
79 0.042868567369 0.1 1 121.25626549385
18 0.045241071202 0 1 124.258630332283
93 0.042703496532 0 1 126.256098026638
24 0.042986496531 -0.15 1 126.256381114544
58 0.042834865401 0.4 1 128.256230587377
86 0.042933843424 0 1 129.256328512817
13 0.042642390723 0 1 130.256037028827
50 0.042728962125 0 1 136.2561179819
97 0.042959962124 0 1 136.256348995509
0 0.042654932958 0 1 137.256050329141
17 0.042898932957 0 1 137.256294436734
80 0.042718985139 0.6 1 140.256114449655
16 0.050466825696 0.4 1 142.263863625827
45 0.042691072169 0 1 144.256078302136
54 0.042632251882 0.4 1 147.256019532192
48 0.042678315308 0 1 151.256075443513
44 0.042741223797 0 1 154.256138294073
88 0.042896324293 0 1 158.25629344223
6 0.043229421704 0 1 166.256626360662
38 0.04886908507 0.875 1 167.262265965942
20 0.042653432745 -0.15 1 169.256041049247
51 0.042845432744 0 1 169.256232921431
57 0.043050432743 0.4 1 169.256437939347
33 0.043242432742 0.15 1 169.256629938714
99 0.042704800749 0 1 171.25610193368
66 0.042813436651 0.15 1 174.256210543061
93 0.042777999998 0 1 181.256165199251
68 0.045200909002 0.55 1 187.258588668832
38 0.042872913764 0.875 1 189.256269699176
99 0.043593255127 0.75 1 193.256990077357
30 0.042651306759 0.55 1 194.256048280316
67 0.042934306758 0.15 1 194.256331306142
69 0.042701433996 0.55 1 196.256098522541
64 0.042721293997 0.15 1 200.256118393997
29 0.042863254304 0.25 1 204.256260344645
62 0.04407639774 0.1 1 205.257467735869
46 0.042652207304 0 1 210.256042604417
81 0.042896207303 0 1 210.256286642793
32 0.044108419801 0.5 1 214.257494757135
40 0.042658430996 0 1 216.256048405641
12 0.042954631283 0.7 1 217.256345712853
96 0.042643771933 0 1 219.256033806959
41 0.042926771932 0.7875 1 219.256316727108
3 0.04261409889 0.799219 1 223.256011229865
15 0.042871098889 0 1 223.256268221835
74 0.042738757098 0.175 1 224.256135856035
73 0.042895210483 0.55 1 226.256292316355
88 0.044067689519 0.6 1 234.257464740107
17 0.042796284447 0 1 238.256193378031
27 0.042941931036 0.5 1 240.256339037242
29 0.04284754119 0.575 1 243.256244500387
91 0.043065541189 0.4 1 243.25646253994
28 0.042682938921 -0.1 1 244.256074132475
56 0.042684729255 0.6 1 246.256081853886
75 0.042694937301 0.55 1 247.256086020723
10 0.042641177554 0 1 249.256038279068
80 0.042665999999 0.6 1 250.256057078821
55 0.042722296614 0 1 259.256113356994
84 0.042979296613 0 1 259.256370445401
31 0.042773650552 0.175 1 260.25616344281
40 0.042738120993 0 1 262.256129419859
32 0.042750918062 0.55 1 266.256141008019
9 0.042868547228 0 1 269.256264098168
43 0.043015999999 0 1 275.256403343767
79 0.049401116763 0.7875 1 278.262789434108
64 0.042736519179 0.775 1 279.256131162683
90 0.042858500031 0.4 1 286.256250589665
51 0.042831831054 0.4 1 288.256228946242
17 0.042749297026 0 1 289.256141403365
82 0.042797283618 0 1 291.256194402829
14 0.042627976934 0.4 1 298.256015175318
8 0.042845976933 0.6 1 298.256233301741
84 0.043177148798 0 1 301.256569701822
58 0.043183271644 0.6 1 303.256570789235
50 0.04328176845 0.6 1 304.256674264751
92 0.043132191719 0.75 1 305.256519316438
19 0.042910015357 0.6 1 306.256297136369
52 0.043180015356 0.4 1 306.256567256873
83 0.042983887048 0.4 1 307.256376277317
90 0.043015508409 0.798437 1 308.256402786915
17 0.043233229144 0 1 311.256620403523
42 0.042973579865 0.4 1 312.256360738675
32 0.043191579864 0.59375 1 312.256578525384
70 0.042689501429 0.95 1 313.256082257516
66 0.043596501428 0.7875 1 313.256989135143
76 0.042855999998 0.1875 1 317.256248530137
14 0.042716203605 0.6 1 320.256108437438
81 0.042905607969 0 1 322.256302727936
10 0.042615133236 0.4 1 325.256012190432
82 0.042719281173 0.7875 1 327.256116397939
98 0.04263315267 0 1 333.25603026939
28 0.042651018863 -0.2 1 339.256048132915
74 0.063347777075 0.175 1 342.276744895989
35 0.04270791102 0.19375 1 346.256104884498
27 0.042938911019 0.5875 1 346.256335814186
6 0.042905772307 0.7 1 350.256302901037
7 0.042845489169 0.4 1 352.256242556051
75 0.042688903012 0.7875 1 358.256086019865
98 0.042606853829 0.7 1 361.256003671708
74 0.059272723235 0.59375 1 364.272669788309
3 0.045180347388 0.799609 1 367.258577347037
80 0.054076982746 0.7875 1 367.267474006551
8 0.042719629913 0.7 1 369.256106007606
6 0.042929503886 0.775 1 372.256315873855
94 0.042629702777 0 1 373.256022514934
84 0.043044874895 0 1 374.25643488796
81 0.042977582037 0 1 375.256363871145
58 0.042837661289 0.7 1 377.256227594805
7 0.043042661288 0.4 1 377.256432390656
21 0.04288100712 -0.2 1 378.256275619288
52 0.043867588316 0.6 1 383.25725472754
90 0.045452780269 0.798437 1 383.258839921872
23 0.042742254723 0.4 1 388.256135183511
36 0.043025254722 0.796875 1 388.256418178183
54 0.042700526097 0.6 1 394.256097645588
59 0.042752717694 0 1 396.256146108805
60 0.042649797876 0.946875 1 397.25604385772
22 0.04283312146 0.2 1 403.256226966959
75 0.042699612053 0.896875 1 405.256085947333
1 0.042679776138 0.4 1 414.256071978203
67 0.042823630123 0.196875 1 416.256209346422
3 0.042599715387 0.799609 1 421.255996544191
77 0.042718574061 0.896875 1 422.256104287252
13 0.042639120309 0.798437 1 423.256024023023
75 0.042766832053 0.896875 1 427.256163877947
32 0.042741044941 0.896875 1 434.256137981662
78 0.055204997476 0.997656 1 435.268601859997
67 0.042877212923 0.948438 1 438.256274251992
84 0.042803999998 0.7 1 449.256191413518
34 0.042959450808 0.196875 1 456.256356420901
1 0.0425942974 0.4 1 457.255991419087
89 0.042629709208 0.4 1 458.256016733102
40 0.042919826408 0.7 1 459.256304571987
47 0.042696114426 0.4 1 461.256083118027
97 0.042979114425 0.6 1 461.256366279369
17 0.042974893792 0 1 471.25635921642
96 0.042636515267 0.775 1 474.256020682087
68 0.042941887011 0.898438 1 476.256338772515
35 0.042761751866 0.948438 1 477.256146570535
14 0.042697916826 0.6 1 480.256082954288
1 0.042617324166 0.6 1 481.256014328979
77 0.042861324165 0.986719 1 481.256258236052
34 0.043118324164 0.899219 1 481.256515397043
51 0.042831846695 0.4 1 482.256228977524
92 0.042816224497 0.775 1 488.256213333061
7 0.052411999998 0.4 1 492.265798688377
72 0.042765052624 0.896875 1 493.256162126775
73 0.04286675055 0.798438 1 504.256253313715
94 0.042656155496 0.79375 1 509.256053270307
24 0.042842999998 -0.2 1 515.256238168073
46 0.042728709234 0.7 1 524.256123698681
55 0.042712999998 0.7 1 529.25610179272
2 0.042943999997 0.75 1 529.256332815275
86 0.042848815867 0 1 532.256237495235
52 0.042724709076 0.7 1 539.25612180434
7 0.043062542142 0.6 1 542.256459420374
88 0.043007120066 0.796875 1 544.256395664227
66 0.043007350174 0.798438 1 546.256393583892
97 0.042721007537 0.6 1 547.256109550262
11 0.043004007536 0.6 1 547.256392818729
49 0.042926215401 0 1 548.256323339141
94 0.042666833083 0.799219 1 552.256053294375
67 0.04278361364 0.949609 1 556.256180582208
9 0.043014613639 0.75 1 556.256411646765
90 0.042866475421 0.799902 1 559.256263559413
60 0.042656790027 0.973437 1 566.256053921618
39 0.042939790026 0.596875 1 566.2563367581
21 0.042930528359 -0.2 1 583.256327637732
72 0.042700020501 0.974609 1 588.256097062529
93 0.042764999998 0.6 1 592.256152827145
36 0.042868259254 0.949219 1 603.256265303842
68 0.042764127894 0.949609 1 604.256151624418
