38 0.018906497501 0 2 22.756173246073
46 0.018698110778 0 2 25.75596489694
6 0.018929110777 0 2 25.756195576735
57 0.018640668731 0 2 28.755907386766
61 0.018853266324 0 2 40.756120062528
15 0.018921462165 0 2 41.756183448249
85 0.018874942875 0 2 42.756136518382
45 0.018651240444 0 2 46.755916737526
63 0.018843240443 0 2 46.756108738778
95 0.018818693118 0 2 48.756078701622
25 0.018608953991 0 2 51.755869091396
39 0.018655683673 0 2 54.755915853001
62 0.018847683672 0 2 54.756107847183
71 0.018805999998 0 2 57.756071270687
69 0.018702174544 0 2 60.755969822411
49 0.018985174543 0 2 60.756252804104
15 0.018959090459 0 2 64.756229836618
8 0.020217090458 0 2 64.757488070687
79 0.018806725478 0 2 66.756075875477
95 0.019020092167 -0.1 2 70.756288702602
26 0.019303092166 0 2 70.756571851462
60 0.018730078251 0 2 71.755996684956
65 0.018852287796 0 2 72.756122957391
53 0.019070287795 0 2 72.75634104265
24 0.018779161895 0 2 78.756047747792
29 0.018693085494 0 2 79.755957469388
27 0.018649999998 0 2 84.755912218401
87 0.018709058481 0 2 85.75597935747
61 0.018863731789 0 2 87.756133066072
96 0.018887522392 0 2 88.756154037618
17 0.018726422052 0 2 90.755988646539
3 0.018646724238 0 2 92.755908531901
75 0.018628713948 0 2 93.755891889165
35 0.018587522786 0 2 97.755857956225
69 0.018702033188 0 2 99.755963601583
70 0.018833449669 0 2 108.756093158543
4 0.018745953504 0 2 111.756010263138
0 0.018640421128 0 2 115.755900353426
80 0.018841568367 0 2 117.756111608099
16 0.018708665706 0 2 120.755975402936
79 0.01897369601 0 2 121.75623342813
24 0.018916103476 0 2 124.756183338025
18 0.018639600818 0 2 127.755909858044
93 0.018909600817 0 2 127.75617985443
58 0.018990827413 0 2 129.756261852484
50 0.018956106945 0 2 131.756223566556
97 0.018964759323 -0.1 2 132.756235958872
13 0.018682711736 0 1 134.755949829401
86 0.018939711735 0.1 1 134.756206814627
0 0.018612498091 0.4 1 138.755884580558
17 0.01881749809 0 1 138.756089553392
80 0.018821480434 0.55 1 139.756085415931
16 0.018745148306 0 1 142.756013829634
45 0.018649999998 0 1 143.755920015996
54 0.018817531852 0 1 145.756089505173
44 0.018689229412 0 1 153.755960111977
48 0.018933229411 0 1 153.756204034752
88 0.018597537697 0.1 1 158.755861535922
38 0.018744069117 0 1 161.756008181033
6 0.018740999998 0 1 163.756001157976
51 0.018971999997 0 1 163.756232237418
20 0.01897365125 0 1 166.756233755047
33 0.018689184869 0.4 1 167.755960695455
57 0.018920184868 0 1 167.756191693902
99 0.018751427375 -0.15 1 171.756022159711
66 0.018657428034 0 1 174.755928049537
93 0.018695116344 0.25 1 181.755965306672
38 0.018789139594 0.4 1 183.756059576345
68 0.018835101861 0 1 187.756097410492
20 0.018796179321 0 1 188.756068582947
57 0.018701452122 0 1 189.755972284864
30 0.018663587495 0 1 190.755926128949
67 0.018653941681 0.4 1 192.755921232374
99 0.018824622778 -0.15 1 193.756086617439
69 0.018732985107 0 1 196.756002475869
64 0.018714138594 0 1 199.755978818724
29 0.018664655064 0 1 204.755931393844
62 0.01874968718 0 1 205.75601988446
46 0.018762827993 0 1 208.756032793047
32 0.018931068484 0 1 210.756196785598
81 0.018626347167 0.15 1 212.755886023376
41 0.02138259875 0 1 216.758648047413
12 0.024296078455 0 1 216.761561447379
40 0.018700845743 0 1 217.755962987519
96 0.018957845742 0.5 1 217.756220269312
15 0.018841114321 0 1 223.756105460395
3 0.018631247701 0 1 226.755897180803
73 0.0188492477 0 1 226.756115288987
74 0.019080247699 0 1 226.756346193521
88 0.018596524297 0.175 1 232.755861581564
17 0.018747203312 0.6 1 237.756014674645
27 0.018684414268 0.4 1 239.755951213881
91 0.018695183928 -0.2 1 240.755957144359
29 0.018719293726 0 1 241.755983309428
28 0.018658539142 0 1 244.755922751879
56 0.018852064118 0 1 246.756121058705
75 0.018667485077 0 1 249.755928029447
10 0.018885485076 0 1 249.756146103601
80 0.018915348599 0.575 1 250.756176616231
55 0.018706903875 0 1 256.755977623529
84 0.018684263299 0.875 1 258.755951092367
31 0.018671156263 0 1 259.755941289122
40 0.018718312993 0 1 261.755978956252
32 0.018885364393 0.4 1 267.756157591826
9 0.018649311682 0 1 270.755908874277
43 0.018613191543 0 1 273.755878146778
64 0.018757736115 0.6 1 276.756017764268
79 0.018794935311 0.4 1 277.756063077353
90 0.018606312006 -0.2 1 285.75587613778
17 0.01870150043 0.6 1 288.755962200131
51 0.018932500429 0.6 1 288.756193163936
82 0.018838442213 0.175 1 291.75610257277
14 0.018716413855 0 1 294.755980377184
8 0.018884461175 0 1 297.756156795935
19 0.018635200938 0 1 299.755899377941
50 0.018892200937 0 1 299.756156365034
83 0.018577998264 0.775 1 300.755841287247
84 0.01864083124 0.8875 1 301.75590914352
55 0.018910831239 0 1 301.75617945082
52 0.018734359521 0.4 1 302.755995580841
92 0.018646172149 -0.2 1 303.755913621063
58 0.018929172148 0 1 303.756196603282
32 0.018927847674 0.4 1 305.756196733998
90 0.018637346553 -0.2 1 307.755899344255
66 0.018881346552 0.6 1 307.756143380931
70 0.018851997544 0 1 309.756119242419
42 0.018653494423 0 1 310.755914780922
17 0.018910494422 0.6 1 310.75617150056
76 0.018787773484 0 1 315.75605553397
14 0.018691967366 0 1 316.755953792692
19 0.018585734018 0 1 321.755845936044
81 0.018589573942 0.875 1 322.755860284422
10 0.018701531161 0 1 324.755967500562
82 0.018758631067 0.19375 1 327.756024567676
98 0.018879261583 -0.2 1 333.75614537057
28 0.018584999998 0.4 1 339.755844752049
27 0.018877166885 0.6 1 342.756141545894
35 0.018596824573 0 1 344.755857856699
74 0.018651209433 0.4 1 345.755917953103
6 0.018702041703 0.4 1 351.755968587654
7 0.018972041702 0.6 1 351.756238616115
75 0.018638164206 0.4 1 358.755905058167
98 0.018812033729 -0.2 1 361.756079848412
3 0.018679373786 0 1 364.755947601217
80 0.01887079476 0.5875 1 366.756137511825
8 0.018837991675 0 1 369.756104762757
94 0.018779581696 -0.2 1 372.756046381305
7 0.018872420428 0.7 1 373.756142859531
58 0.018850617951 0.4 1 375.756117393093
84 0.018600811325 0.896875 1 378.75586737331
81 0.018870811324 0.946875 1 378.756137363836
21 0.019153811323 0.4 1 378.756420559715
90 0.018581784665 -0.2 1 385.755847098041
36 0.018932292325 0.4 1 386.756195954008
52 0.018708192422 0.4 1 387.755974727734
23 0.018978192421 0 1 387.756244872608
54 0.018870111598 0.4 1 394.756141438769
59 0.018802329475 0 1 395.756072682821
60 0.018756267015 0 1 396.756023062484
22 0.018771428538 0.4 1 403.756031024607
75 0.018612256645 0.6 1 405.755878985545
1 0.018818170023 0.4 1 411.756084948476
67 0.018610999998 0.4 1 415.755882317746
77 0.018612060304 0 1 421.755877412586
3 0.018895060303 0.4 1 421.756160148274
13 0.018759701035 0.7 1 423.756030822094
75 0.018621022157 0.6 1 427.755892005939
78 0.018746026357 0 1 429.756016695499
32 0.018899739624 0.4 1 430.756170728244
67 0.018606823182 0.4 1 437.755869134112
84 0.018632299024 0.896875 1 448.755899060709
34 0.018670132453 0.4 1 452.755936930465
47 0.018667075182 0 1 455.75593582033
89 0.018898075181 0.598438 1 455.756166828795
1 0.018768881173 0.4 1 458.756030222122
97 0.019038881172 -0.2 1 458.756300234339
40 0.018692258958 0 1 459.755952882166
96 0.019042655006 0.55 1 470.756311073529
17 0.018677070574 0.6 1 472.755946822394
68 0.018934070573 0 1 472.756203694042
35 0.018621909851 0.7 1 474.755883990967
14 0.018701983909 0 1 479.755967354384
77 0.018537545794 0 2 481.755808832438
1 0.018768545793 0.4 2 481.756039926002
34 0.018973545792 0.4 2 481.756244994534
51 0.018863196766 0.7 2 483.756131104759
92 0.018606245538 -0.2 2 487.755877317805
72 0.018754581026 0.4 2 492.756020644546
7 0.019024581025 0.7 2 492.756290658263
73 0.018803076927 0 2 504.756069043635
94 0.018728112348 -0.2 1 510.755994218001
24 0.018729043311 0.4 1 513.75599583256
46 0.018753999998 0.4 1 525.756019685873
55 0.018764028373 0 1 528.756029653689
2 0.018854906005 0 1 529.756117071289
86 0.018886768627 0.198438 1 532.756156113791
52 0.018630196801 0.4 1 538.755899665602
97 0.018869007705 -0.2 1 540.756134577903
88 0.018677542977 0.198438 1 541.755942439767
7 0.018921542976 0.75 1 541.756186221883
66 0.018675403177 0.7 1 543.755941100777
11 0.018676831724 0.4 1 547.755945991505
49 0.018859050287 0.4 1 549.756125777615
94 0.018847365445 -0.2 1 555.756114007356
9 0.018601595942 0 1 556.755867092305
67 0.018871595941 0.4 1 556.75613702809
90 0.01860933024 -0.2 1 558.755876107694
39 0.018635318189 0 1 562.755900425055
97 0.018879318188 -0.2 1 562.756144246142
60 0.018717251322 0 1 566.755984031098
21 0.018916567748 0.6 1 583.756185382678
72 0.018746587189 0.6 1 586.756015554268
93 0.018714999998 0.2 1 594.755978680518
36 0.018806744589 0.7 1 601.756073527242
68 0.018778642344 0 1 604.756045404976
