38 0.010509560089 0 2 21.559129643061
6 0.010226013608 0 2 24.558845667539
46 0.010378392735 0 2 25.558989134666
57 0.010529421926 0 2 29.559140971862
15 0.010214286492 0 2 41.558826168746
61 0.010458286491 0 2 41.55907015459
85 0.01023073385 0 2 43.558846568745
45 0.010325310157 0 2 46.558935276001
63 0.010465995771 0 2 47.559079816649
95 0.010388107606 0 2 48.559002505563
25 0.010173601103 0 2 50.558781745132
39 0.010362878563 0 2 54.558974335777
62 0.010606878562 0 2 54.559218329894
71 0.010348768796 0 2 57.558957535037
49 0.010318607788 0 2 59.558926613028
69 0.010346679489 0 2 60.558955494647
15 0.010219102295 0.4 2 64.558834913718
79 0.010231541603 0.3 2 65.55884660308
8 0.010462541602 0.1 2 65.559077570534
60 0.010144728169 0 2 70.558760270988
95 0.010427728168 0 2 70.559043100015
26 0.010619728167 0 2 70.559235257408
65 0.010316940339 0 2 71.558931929141
53 0.010364829816 0 2 73.558974502656
24 0.01038915884 0 2 77.559004067153
29 0.010377543437 0 1 79.55899689128
49 0.01036082187 0.3 1 81.558978595032
27 0.010345190765 0 1 85.558953363506
87 0.010563190764 0 1 85.5591713783
17 0.010662373554 0 1 90.559282994471
3 0.0102118537 0.1 1 91.558823564274
61 0.010416853699 0.4 1 91.559028391441
96 0.01045134625 0 1 94.559061937979
75 0.010708346249 0 1 94.559319045197
35 0.010420999998 0 1 97.559030214244
69 0.010332032798 0.3 1 100.558942486209
70 0.010426811075 0 1 107.559039057063
4 0.010465457542 0 1 111.559086198053
0 0.010506362454 0 1 115.559115955391
80 0.010232291787 0 1 117.558846720891
16 0.010218063853 0 1 120.558833727242
69 0.010669793621 0.6 1 122.559283899876
18 0.010458215007 0.1 1 123.559072739687
79 0.010320042977 0.45 1 124.55892955752
24 0.010368216053 -0.1 1 126.558988195732
93 0.010586216052 0 1 126.559206108119
58 0.010370840807 0.15 1 128.55898869416
86 0.010192797395 0 1 129.558807733755
13 0.010295189022 0.55 1 130.558906128795
50 0.010224649275 0.6 1 136.558833184024
97 0.010481649274 0 1 136.55909019775
80 0.010264102286 0.798437 1 139.558873100477
17 0.010409497623 0 1 140.559027443989
16 0.010231917703 0.6 1 142.558846425565
45 0.010335905153 0.4 1 143.558948224227
54 0.010290442936 0.45 1 146.558903057656
48 0.010288683616 0.55 1 151.558899415767
44 0.010246905427 -0.1 1 153.558861465317
88 0.010306907916 0 1 158.55891762992
38 0.01044324331 0.55 1 161.55905895108
6 0.010291839802 0 1 162.558911236045
57 0.010465502072 0 1 164.559076074286
51 0.010189727782 0 1 165.558810462339
33 0.010433727781 0.15 1 165.559054483531
20 0.010269609075 0 1 167.558888787856
99 0.010451729006 -0.15 1 171.559065018013
66 0.01029258225 0.6 1 174.558912590599
93 0.010324180422 0.95 1 181.558935148213
38 0.01036989319 0.85 1 183.558980328314
57 0.010504190404 0 1 186.55911466729
68 0.010435884187 0.15 1 187.559048037076
20 0.010252016291 0 1 189.55886266659
67 0.010199999998 0 1 192.558820341356
30 0.010391999997 0 1 192.559012314906
99 0.010415493198 -0.15 1 193.559025443683
69 0.010322285048 0.6 1 195.558942541053
64 0.010219892757 -0.15 1 199.558833749321
29 0.010410640529 -0.15 1 203.559022905462
62 0.010437558123 0.4 1 205.559052367197
46 0.010309436638 0 1 208.55892411623
81 0.010277159762 0 1 209.558891083547
32 0.010354812993 0 1 210.55896927998
40 0.010367627737 0 1 211.55898218085
12 0.010349781849 0.6 1 213.558964273531
41 0.010451600295 0 1 215.559071148174
96 0.010398191833 0.4 1 217.559012930735
74 0.010399706375 -0.2 1 223.559012009609
73 0.010440901769 0.15 1 226.559052890526
3 0.010294880791 0.9625 1 227.558909356876
15 0.01052588079 0.6 1 227.559140347458
88 0.010318894041 0.175 1 232.558930675724
17 0.010490157763 0.4 1 237.559105742295
29 0.010570192371 -0.2 1 241.559187942548
27 0.010291194556 0.4 1 244.558901506255
28 0.010251999998 0.15 1 245.558862292558
91 0.010534999997 0 1 245.559145150236
56 0.010180290809 0 1 246.558794728599
75 0.010523808798 0 1 247.559134198436
10 0.01036767662 0 1 248.558982597795
80 0.010236380659 0.798437 1 250.558846724945
55 0.01019773349 0 1 256.558807733718
84 0.010520539143 0.45 1 258.559130973979
31 0.010395430888 0 1 259.559005796578
40 0.010419388943 0 1 262.559034185518
32 0.010319706322 0.6 1 265.558930264956
9 0.010220206921 -0.2 1 269.55883372834
43 0.010398573823 0.775 1 272.559017825409
64 0.010204358859 -0.2 1 276.55882072199
79 0.0102301993 0.5 1 277.558846732599
90 0.010339932192 0.4 1 285.558960701276
51 0.010209057807 0.4 1 288.558820719146
17 0.010459408187 0.6 1 289.559079677283
82 0.010470716704 0 1 291.559089604963
14 0.010168783133 0.5 1 295.558781706139
8 0.010357733391 0.1875 1 297.558976769607
84 0.010712394068 0.55 1 301.559324634
83 0.010629024895 0.175 1 302.559246739605
19 0.010672410389 -0.2 1 303.559281321333
50 0.0101842958 0.7 1 304.5588040011
52 0.010597295799 0.7 1 304.559217147909
92 0.010205894993 0.4 1 305.558823493404
66 0.010236149896 0.75 1 306.558844659344
90 0.0102729214 0.4 1 307.558892606998
32 0.010477921399 0.7 1 307.559097595572
58 0.010708921398 0.8875 1 307.559328490501
70 0.010418773693 0 1 309.559039051143
42 0.010331379457 0 1 310.558946188439
17 0.01048647323 0.7 1 311.559105126839
76 0.010456185457 0 1 314.559067083102
14 0.010222999999 0.55 1 317.558833450029
81 0.010223663342 0.4 1 322.558833723918
10 0.010409945351 0.4 1 324.559021508469
82 0.010458758878 0 1 327.559076599921
98 0.010334670105 0.7875 1 333.558945390898
28 0.010245726697 0.19375 1 339.558856444722
27 0.0102994224 0.4 1 341.558917519021
74 0.010443392876 -0.2 1 342.559063959315
35 0.010458396904 0.4 1 343.559069203952
6 0.010255111838 0.7 1 350.558872258339
7 0.010318405858 0 1 351.558928433025
75 0.010471828244 0.7 1 358.559082197832
98 0.01032662821 0.796875 1 361.558944837934
3 0.010199942532 0.990625 1 364.558816948373
74 0.010482942531 -0.2 1 364.559099905886
80 0.01017250086 0.799609 1 365.558783218723
35 0.010455500859 0.4 1 365.559066219327
8 0.010416577195 0.896875 1 369.559028736469
6 0.010298929592 0.7 1 372.558911285287
7 0.010761978594 0 1 375.559379378291
81 0.010228523944 0.7875 1 377.558841901443
84 0.010502342987 0.59375 1 379.559118359757
58 0.010772342986 0.896875 1 379.559388434719
94 0.010306252949 0.2 1 380.558926230927
21 0.010576252948 0 1 380.559196418
52 0.010181598503 0.75 1 381.558794750177
90 0.01035491311 0.4 1 382.558973620432
23 0.010227979224 0.973437 1 389.558842669298
36 0.010497979223 0.6 1 389.55911266501
54 0.010259179333 0.55 1 394.55887708123
59 0.010371975744 0.2 1 396.558981001539
60 0.010209736496 0 1 397.558820705977
22 0.010501766132 0.4 1 403.559112706363
75 0.010500538068 0.7 1 404.55912121555
1 0.010394182837 0.7 1 411.559007402786
67 0.010255536342 0.7 1 415.558864158599
3 0.010222760269 0.995313 1 421.558831407263
77 0.010479760268 0.4 1 421.559088688177
13 0.010364675406 0.946875 1 423.558984122331
75 0.010487699628 0.7 1 426.559108020708
78 0.010221445352 0.596875 1 429.558833725287
32 0.010384505182 0.75 1 430.558995222542
67 0.010196999999 0.7 1 437.558807625625
84 0.010520225022 0.59375 1 448.559130942465
34 0.010491333819 0.4 1 453.559111686514
47 0.010219795118 0.4 1 456.558828034106
89 0.010489795117 0.2 1 456.559098042951
97 0.010311210869 0.4 1 458.558919777483
1 0.010542210868 0.7 1 458.559150765304
40 0.010347434167 0 1 459.558956201196
17 0.010622921914 0.7 1 471.559231462299
96 0.010393250766 0.4 1 472.559009950839
68 0.010676250765 0.196875 1 472.55929294715
35 0.010427380979 0.4 1 474.559043249162
14 0.010173928678 0.55 1 479.558794739885
77 0.010239696564 0.4 1 481.558854025628
1 0.010496696563 0.75 1 481.559111118956
34 0.010753696562 0.5 1 481.559368187293
51 0.010199802696 0.4 1 482.558807734762
92 0.010157999999 0.4 1 488.558768712647
72 0.010262034048 0 1 496.558881757517
7 0.010532034047 0 1 496.559151772422
73 0.010222999999 0.796875 1 504.558833708522
94 0.010270567336 0.5 1 509.558890235198
24 0.010393317081 0.2 1 513.559004062051
46 0.010349723028 0.775 1 524.55896309863
55 0.010174801424 0.75 1 528.558794748879
2 0.010212023287 0.4 1 529.558820726132
86 0.010159927066 0.4 1 532.558768724956
52 0.01023831707 0.775 1 538.558846744532
97 0.010271289101 0.7 1 540.558883499871
88 0.01025064799 0.949609 1 542.558863181074
7 0.010455647989 0 1 542.559067978094
66 0.010235136969 0.775 1 543.558847641703
11 0.01047006588 0.4 1 547.559081922006
49 0.010323250093 0.2 1 548.558939585512
94 0.010276890593 0.5 1 552.558890259302
67 0.010222281139 0.796875 1 553.558833706964
9 0.010280636551 -0.2 1 554.55889405917
90 0.010347041761 0.6 1 558.558960671306
97 0.010318028772 0.7 1 562.558935132545
39 0.010418616354 0.4 1 563.559032430476
60 0.010201198154 0.6 1 566.558820735559
21 0.010422601357 0.7 1 583.55903331474
72 0.010222999999 0 1 586.558833736372
93 0.010394999998 0.985938 1 592.559013731295
36 0.010283974205 0.79375 1 601.558898360996
68 0.01046337284 0.799609 1 604.559074031448
5 0.010304353796 0 1 605.558923962495
