6 0.052248978174 0 2 21.156562034749
5 0.052518978173 0 2 21.156832057502
38 0.052352378669 0 2 22.156665600273
46 0.052385740019 0 2 26.156685953993
57 0.052327092473 0 2 29.156627238577
61 0.05221905927 0 2 41.156532283226
85 0.052262067746 0 2 43.156588152965
15 0.052506067745 0 2 43.156832216197
63 0.052386161026 0 2 47.156699385132
95 0.052133036349 0 2 48.156564134329
45 0.052364036348 0 2 48.156795231722
25 0.052100645794 0 2 51.156544941163
71 0.052170261716 0 2 59.156496414196
62 0.052388261715 0.1 2 59.156714289743
39 0.052632261714 0 2 59.15695827728
49 0.052184505732 0 2 62.15649762938
69 0.052415505731 0 2 62.156728648103
8 0.052275268466 0 2 64.156588474546
79 0.052480268465 0 2 64.156793507278
15 0.052469868656 0 2 65.156769818018
26 0.05239354351 0 2 67.156719787785
95 0.052292082117 0 2 70.156592016383
60 0.052510082116 0 2 70.156810205152
65 0.052236311641 0 2 71.15653653979
53 0.053021844954 0 2 73.157348068142
29 0.052868269327 0 2 79.157194518968
24 0.052481587896 0.3 2 80.156781718325
87 0.05218692201 0 2 86.15651312145
61 0.052270949247 0.1 2 88.156597174986
27 0.052553949246 0.1 2 88.156880045517
96 0.052624755702 0 2 91.156937886835
75 0.05243915113 0 2 92.156752348913
3 0.052909092039 0 2 94.157222223839
17 0.052367577127 0 2 95.156693601299
35 0.052489185057 0 2 97.156789418261
70 0.052458843671 0 2 109.156759018619
4 0.052229327455 0 2 112.156529516784
0 0.052202624158 0 2 116.156528830037
79 0.05264173185 0 2 121.157006187849
80 0.052295457285 0 2 123.15662143649
18 0.052292165636 0 2 124.156630672946
16 0.052367863177 0 2 125.156654888052
93 0.052352873364 0.4 2 127.156730262568
24 0.052635873363 0.3 2 127.157013349435
13 0.052223992987 0 2 133.156588466385
97 0.052636992986 0 2 133.157001566413
58 0.052893992985 0 2 133.157258400855
50 0.052420974851 0 2 134.156721114834
86 0.05267797485 0 2 134.156978009302
17 0.052393797147 0 2 137.156694041339
45 0.052511027534 0 2 145.156798179547
54 0.052222704292 0.4 2 146.156522933209
44 0.052269981854 0 2 154.156570173368
48 0.052552981853 0 2 154.156853096235
88 0.052648614308 0 2 163.156948634294
6 0.052120873596 0 2 167.156547801568
38 0.052571581982 0 2 168.156858545471
57 0.052763581981 0.4 2 168.157050651073
33 0.052487609122 0 2 169.15680063653
51 0.052201563656 0 2 171.156527501191
20 0.052445563655 0.25 2 171.15677161357
66 0.052377669505 0.1 2 177.156690762612
99 0.052647669504 0 2 177.156960662633
93 0.052471650133 0.6 2 181.156758567826
38 0.053368542609 0 1 190.157681444649
68 0.052215519153 0.15 1 192.156515538426
30 0.052607628276 0 1 196.156933638209
67 0.052376321193 0.55 1 197.156676314706
69 0.052379483342 0.55 1 198.156666603324
99 0.052474405484 0.7 1 199.156761587021
64 0.05243353613 0.15 1 202.156720667351
62 0.052313137026 0.15 1 205.156600386871
29 0.052544137025 0.15 1 205.156831303802
81 0.052704464499 0 1 211.156991618453
32 0.052245288348 0 1 213.15654541739
46 0.052632288347 0 1 213.156932318291
40 0.052377790158 0 1 216.156703793314
96 0.052588609008 0 1 217.156914858941
41 0.052342068402 0 1 219.156668148115
12 0.052586068401 0 1 219.156912073573
15 0.052470163517 0 1 223.15678340774
73 0.052243849732 0 1 227.156570031738
3 0.052500849731 0.4 1 227.156826924246
74 0.05270584973 0 1 227.157031936803
88 0.052475263721 0.4 1 235.156801390795
17 0.052354767819 0 1 238.156641982683
29 0.052271035531 0.7875 1 241.15655820496
27 0.052517990943 0.175 1 242.15680512891
91 0.052459464917 0 1 243.156759584882
28 0.052360018467 0.175 1 244.156686253546
56 0.052253159859 0 1 247.156579360562
75 0.052497159858 0 1 247.156823398426
80 0.052305768629 0.75 1 255.156618791482
10 0.052575768628 0 1 255.156888730805
55 0.052423763791 0 1 257.156736969739
84 0.052397306667 0 1 259.15671051208
31 0.052335480726 0 1 260.156622694085
40 0.052417013103 0 1 262.156743239204
32 0.052215981163 0 1 266.156516191902
9 0.052354856233 0 1 269.156642101798
79 0.052578182914 0 1 277.156891432827
43 0.052372681661 0.6 1 278.156672671214
64 0.052394466981 0.775 1 280.156694529053
90 0.052510061018 0 1 286.156810281374
51 0.052292670015 0 1 293.15657968489
17 0.052497670014 0 1 293.156784721139
82 0.052265166397 0 1 295.156591229787
14 0.052600142596 0 1 299.156900188058
84 0.052872784917 0.7 1 301.157198734954
8 0.052288427194 0 1 302.156588467023
52 0.052207584904 0 1 303.156533792707
83 0.052802584903 0 1 303.15712869139
19 0.052311413285 0 1 304.156611442596
92 0.052737413284 0 1 304.157037603188
50 0.052410510963 0 1 305.15671048471
58 0.052585485333 0 1 307.156898526521
32 0.052189829268 0.6 1 309.156515888112
66 0.052566692698 0.175 1 310.156892773076
70 0.052523707459 0.4 1 314.156810746195
42 0.052446268008 0 1 315.156924684947
17 0.0525839559 0.4 1 316.156896910783
76 0.052404626517 0.7 1 319.156717663134
14 0.052491786412 0.6 1 321.15680473564
81 0.052533106177 0 1 324.156820257142
10 0.052335753383 0 1 325.156648931802
82 0.052293844018 0.75 1 327.156607082058
98 0.052433429913 0 1 337.156746490865
28 0.052354463026 0.7875 1 344.156654480522
74 0.052611463025 0 1 344.156911612926
27 0.052881463024 0.596875 1 344.157181574448
35 0.052502046445 0 1 346.156815141037
6 0.052271338858 0.4 1 353.156584453809
7 0.052528338857 0 1 353.156841482081
98 0.052365860579 0 2 361.156678792479
75 0.052648860578 0.4 2 361.156961965036
80 0.052357935902 0.799219 2 368.15665803636
3 0.052588935901 0.4 2 368.156889012519
8 0.052382172871 0.4 2 369.156669417029
7 0.052363741308 0 2 375.156676690604
81 0.052520022029 0 2 377.156846088846
84 0.052640852304 0.7 2 378.156953884936
58 0.052588993501 0 2 379.15691506252
94 0.05239648445 0 2 380.156709421574
21 0.052239039453 -0.2 2 381.156539126476
52 0.052288887433 0.4 1 386.156575933688
90 0.052545887432 0.75 1 386.156832934203
23 0.052388936997 0.55 1 387.156689089935
36 0.052480612662 0 1 388.156780715554
54 0.052287626525 0.6 1 396.156587777675
59 0.052375032486 0 1 398.156701170464
60 0.052380114821 0.196875 1 399.156680248095
22 0.053584542172 -0.2 1 404.157910749743
1 0.052232092786 0 1 412.156519299216
67 0.052350446252 0.796875 1 418.156650564824
3 0.052438542069 0.4 1 421.156738484102
75 0.052721542068 0.4 1 421.157021465161
77 0.052209101829 0.4 1 424.156535223283
13 0.052479101828 0.775 1 424.156805282932
32 0.052213213809 0.6 1 433.15651331484
78 0.052387260376 0 1 435.156713243468
84 0.052384336012 0.7 1 448.15669757077
34 0.052306060301 0.4 1 455.156619196032
47 0.0525110603 0 1 455.156824217628
89 0.052245628429 0 1 456.156571749672
1 0.052258129339 0.4 1 457.156584372322
97 0.052456835536 0.6 1 459.156757000609
40 0.052390976209 0.4 1 460.156691165416
68 0.052219212718 0.196875 1 469.156545400293
96 0.052489212717 0.6 1 469.156815406105
17 0.052307157293 0.4 1 475.156607211104
35 0.052564157292 0 1 475.156864362732
1 0.052197340454 0.4 1 481.156523457598
77 0.052454340453 0.775 1 481.156780364829
14 0.052711340452 0.6 1 481.157037507797
34 0.052903340451 0.6 1 481.157229525565
51 0.052243389592 0.4 1 484.156569551324
92 0.052540295867 0.4 1 488.156853525683
7 0.052309182151 0 1 497.156635216111
72 0.05254018215 0.4 1 497.156866200928
73 0.052239760341 0.4 1 505.156539940962
94 0.052331604708 0.6 1 513.15665766209
24 0.052494629806 0.4 1 515.156820802145
46 0.052333677502 0.4 1 526.156646828959
2 0.052332778717 0 1 529.156620022148
55 0.052602778716 0 1 529.15688999959
86 0.052471015007 0.6 1 535.156797122379
52 0.052303046422 0.6 1 539.156590262973
7 0.052283193665 0 2 541.156609220944
97 0.052540193664 0.6 2 541.156866404371
66 0.052345255605 0.949219 1 544.156658463826
88 0.052537255604 0.4 1 544.156850374562
49 0.052224497119 0.6 1 552.156511564871
11 0.052614856767 0.4 1 553.156914864117
9 0.05229996025 0 1 556.156613114614
94 0.052367987403 0.775 1 557.156655015543
67 0.052624987402 0.974609 1 557.156912033319
90 0.052471045911 0.775 1 559.15677125116
39 0.052409068618 0.4 1 565.156722202296
60 0.052419144004 0.199219 1 568.156719306461
21 0.052200048535 -0.2 1 586.15651314464
72 0.05245350146 0.4 1 589.156766619994
93 0.052484837551 0.75 1 595.156810942662
