38 0.030179846355 0 2 21.55765855201
6 0.029992112507 0 2 24.55747049907
46 0.02990313652 0 2 25.557382369358
57 0.029994346476 0 2 29.557474194325
15 0.029884619928 0 2 41.557368748425
61 0.030167619927 0 2 41.557651734269
85 0.029862855407 0 2 43.557350912765
45 0.030126666387 0 2 46.557608263118
63 0.030163384651 0 2 47.557641359271
95 0.030049602929 0 2 48.557528123192
25 0.03016207957 0 2 50.557642407164
71 0.029814608283 0 1 57.557301141569
62 0.03002831391 0 1 58.557509252465
39 0.030298313909 0 1 58.557779248236
49 0.030162515949 0 1 59.557642768799
69 0.029827631567 0 1 60.557305670623
15 0.029858779881 -0.1 1 63.557346365719
8 0.029911576055 -0.1 1 64.557392767526
79 0.030168576054 0 1 64.557649800266
26 0.029846852691 0 1 67.55732939457
60 0.03011685269 0 1 67.557599408484
95 0.030066484924 0 1 70.557553864922
65 0.029976642369 0 1 71.557454816482
53 0.030098869243 0 1 73.55758624932
24 0.030120897493 -0.1 1 77.557604013324
29 0.029869726933 0 1 79.557357182405
49 0.030115999998 0.4 1 81.557603750803
96 0.029915671117 0 1 88.557393219482
61 0.030328671116 0 1 88.557806178818
27 0.030075468792 0 1 89.557557311157
87 0.030319468791 0 1 89.557801323286
17 0.030102999998 -0.1 1 90.557583909218
75 0.029892848487 0 1 91.557370490935
3 0.030084848486 0.3 1 91.557562514349
35 0.030135218689 0 1 97.557613890656
69 0.029882703636 0 1 100.557361370041
70 0.029924874083 0 1 107.557402317805
4 0.030102111312 -0.15 1 111.557582862559
0 0.029983109867 -0.15 1 115.557464134408
80 0.029933255967 0 1 117.557420020885
16 0.030024041494 -0.1 1 120.557501648874
79 0.030164053342 0 1 123.55764724338
24 0.030238609969 -0.1 1 124.557725965132
93 0.029940073812 0 1 127.557427461472
18 0.030158073811 -0.15 1 127.557645464868
58 0.029873429534 0 1 128.557361250954
86 0.029839338802 0 1 129.557318689796
13 0.030001559721 0.25 1 130.557489049762
50 0.029905574697 0 1 132.557384862394
97 0.030175574696 0 1 132.557654874872
0 0.029919928778 0.25 1 137.557401825109
17 0.030124928777 -0.15 1 137.557606905751
80 0.029898423518 0.7 1 139.557380792941
16 0.030009404278 -0.15 1 142.55748804552
45 0.030074151761 0 1 143.557556211344
54 0.029917804532 0.4 1 146.557398274764
48 0.029867812694 0 1 151.557347013609
44 0.030016426126 0 1 153.557499114022
88 0.030170123192 0 1 158.557648801237
38 0.030025711028 0.15 1 161.557504413576
6 0.029994965724 -0.2 1 162.557479144994
51 0.030185871344 0 1 164.557666788787
33 0.030237844701 0.15 1 167.557718518537
20 0.029860435327 -0.15 1 169.557346710049
57 0.030091435326 0 1 169.557577603302
99 0.029950997233 0 1 171.557433222863
66 0.029853965273 0 1 174.557331666444
93 0.02994410686 0 1 181.557429892687
38 0.029935701419 0.175 1 183.55741279081
68 0.030101192874 0 1 187.557584477025
57 0.029924006348 0 1 192.55740991455
99 0.029904930851 0.6 1 193.557391099858
30 0.030123541234 0.575 1 194.557602075381
67 0.030380541233 0 1 194.557859101039
69 0.0299086651 0 1 195.557387424885
64 0.030017068384 0 1 199.557503560828
29 0.029865999999 -0.2 1 203.557344695436
62 0.030010389428 0.4 1 205.557499221507
46 0.029880411304 0 1 208.557369350922
81 0.030116865738 0 1 209.557596943242
32 0.029879481761 0.175 1 210.557365936116
40 0.029913441902 0.4 1 211.557402487928
12 0.029998429973 -0.2 1 213.557484916528
41 0.030154599558 0.4 1 215.55764176504
96 0.029881613329 0.4 1 217.557360301956
3 0.030008795459 0.4 1 223.557487486506
73 0.030073640809 0 1 226.557552306691
74 0.02984285897 0 1 228.557330919963
15 0.030047858969 -0.2 1 228.557535897799
88 0.030131146094 0.4 1 232.557609847041
17 0.030089815269 -0.15 1 237.55757093751
91 0.029922786958 0 1 240.557404267897
27 0.030114786957 0.55 1 240.557596240337
29 0.029891414003 -0.2 1 241.557370022293
28 0.029879731155 -0.2 1 244.557358405072
56 0.030098167564 0 1 246.557579466247
75 0.029852999999 0 1 247.557331677282
10 0.029927809216 -0.2 1 248.557410793082
80 0.029858651991 0.7 1 250.557344680986
55 0.030080063597 0.4 1 256.557565896311
84 0.02987517474 0 1 258.557353960731
31 0.029931663436 0.575 1 259.557417341964
40 0.029929731201 0.4 1 262.557415492596
32 0.029806757489 0.5875 1 265.557292694607
9 0.030022092005 -0.2 1 269.557510032428
43 0.029966956315 0.6 1 272.55744419956
64 0.030059652775 0 1 276.557542506166
79 0.030115072789 0 1 277.557600822449
90 0.030148833221 0.4 1 285.55763161755
51 0.030035994302 0 1 288.557519001733
17 0.030051718485 -0.15 1 289.557531872498
82 0.03004792726 0 1 291.557531076433
14 0.029913758351 -0.2 1 295.557394169805
8 0.029967774195 -0.2 1 297.557450681507
19 0.029822087741 0.2 1 299.557310609748
50 0.03010508774 0.4 1 299.557593596902
83 0.029959528243 0 1 300.557440121938
84 0.029857458522 0 1 301.557344594317
55 0.030127458521 0.4 1 301.557614886114
92 0.030151028117 0 1 303.557631630907
52 0.030140098182 0 1 305.557622768822
58 0.030074224948 0 1 306.557554679322
32 0.029794533984 0.89375 1 307.55728198375
66 0.030012533983 0.6 1 307.557500049664
90 0.030256533982 0.6 1 307.557743995173
70 0.02986968029 0.4 1 309.557350311885
42 0.029928496121 0 1 310.557415651644
17 0.030056989826 -0.15 1 311.557544322054
76 0.029920953311 0 1 314.557408546582
14 0.029932245193 -0.2 1 317.557419657585
19 0.029824001725 0.4 1 321.55730546495
81 0.030049651544 0 1 322.557531938272
10 0.029883630082 0.2 1 324.557371703756
82 0.030104394614 0 1 327.557583071391
98 0.030128999998 0 1 333.557615665844
28 0.0298992899 -0.2 1 339.55738440537
27 0.030072089266 0.55 1 341.557560277818
74 0.029905216197 0 1 342.557385981801
35 0.030108011029 0.5875 1 343.557587880364
6 0.029996689912 -0.2 1 350.557479167288
7 0.030127860657 0.2 1 351.557608288302
75 0.029869190099 0.4 1 358.55734786708
98 0.030071712528 0 1 361.55755011288
74 0.02985279909 0 1 364.557331451282
3 0.030057799089 0.5 1 364.557536493767
80 0.029874005129 0.775 1 365.557353895135
35 0.030170005128 0.79375 1 365.557649895739
8 0.029884379079 -0.2 1 369.557372648369
6 0.030055953784 -0.2 1 372.557544194236
84 0.029825817051 0 1 373.557311515091
7 0.03016081705 0.4 1 373.55764622945
81 0.030169027072 0 1 375.557657152963
58 0.02982196379 0 1 376.557301116644
94 0.030078963789 0.7 1 376.557558008471
21 0.029961845023 -0.2 1 377.557450040156
52 0.029931421622 0 1 381.557419658913
90 0.030112515519 0.6 1 382.557592536706
36 0.030040787847 0.79375 1 385.557527032261
23 0.030310787846 0.2 1 385.557797038734
54 0.0298511723 0.7 1 394.557331679588
59 0.029972589167 0 1 396.557453228209
60 0.030186994813 0 1 397.557667338665
22 0.030148355872 -0.2 1 403.557634466453
75 0.029852999999 0.4 1 404.557331685839
1 0.030046087246 0.4 1 411.557533489484
67 0.030167999998 0.6 1 415.557657104945
77 0.029867636441 0 1 421.557356486267
3 0.03005963644 0.575 1 421.557548205351
13 0.029961778609 0.55 1 423.557450043298
75 0.02985936914 0.4 1 426.557347689956
78 0.030012703999 0 1 429.557489532377
32 0.029816904613 0.896875 1 430.5573056734
67 0.030095384804 0.7 1 437.557578885599
84 0.029826999999 0.4 1 448.557305673483
89 0.029803096597 0 1 454.557281745771
34 0.029840614805 0.198438 1 456.557320812552
47 0.030084614804 0 1 456.557564833748
1 0.02998696271 0.4 1 458.557465776072
97 0.030204962709 0 1 458.557683788249
40 0.029979959452 0.7 1 459.557467508274
96 0.029862966726 0.75 1 468.557350471388
68 0.030145966725 0.6 1 468.557633465366
17 0.030044183987 -0.15 1 471.557531878492
35 0.030139562856 0.799219 1 474.557626925574
14 0.029993803496 -0.2 1 479.557472237297
34 0.029844761388 0.198438 1 481.557330873245
77 0.030049761387 0.4 1 481.557535711577
1 0.030306761386 0.4 1 481.557792804905
51 0.030053471102 0 1 482.557532032965
92 0.029972976942 0.4 1 488.557453742345
72 0.029876472968 0 1 492.557361316727
7 0.030081472967 0.4 1 492.557566330389
73 0.029907999998 0.4 1 504.55739259715
94 0.030056616087 0.7 1 509.557535290934
24 0.030080679092 -0.15 1 513.557565008222
46 0.029844014284 0 1 524.557331679953
55 0.030148909652 0.4 1 528.557630926633
2 0.029928595187 0.5 1 529.557407277361
86 0.02992244709 0 1 532.557401128088
52 0.029936165218 0 1 538.557419647623
97 0.030141569569 0 1 540.557618901869
66 0.029855275615 0.6 1 543.55733263282
7 0.030138275614 0.4 1 543.557615367219
88 0.030343275613 0.4 1 543.557820543449
11 0.030186998694 -0.2 1 547.557670033898
49 0.030086057462 0.6 1 548.557564741283
94 0.030051298502 0.7 1 552.557535315038
67 0.030154595049 0.7 1 553.557631048277
9 0.030070347076 -0.2 1 554.557549030488
90 0.030108941659 0.6 1 558.55759258758
97 0.030161709777 0 1 562.557644534543
39 0.030069580964 0.599219 1 563.557548243482
60 0.030097706228 0 1 566.557576397829
21 0.030041803065 -0.2 1 583.55752796807
72 0.029872391512 0.6 1 586.557358707379
93 0.02992579808 0 1 592.557404475769
36 0.03005457251 0.899219 1 601.557533266919
68 0.030040797068 0.6 1 604.557519471397
5 0.029992109787 0.2 1 605.557470794026
