38 0.02746819049 0 2 22.156890164344
6 0.027236704696 0 2 25.156658239719
46 0.027350449734 0 2 26.156778981922
57 0.027263788396 0 2 29.156692339618
15 0.027256530855 0 2 41.156686824636
61 0.027500530854 0 2 41.156930810589
85 0.029104954922 0 2 43.15852812276
45 0.02723957734 0 2 47.15667012593
95 0.027221295614 0 2 49.156645526837
63 0.027506130834 0 2 51.156928446601
25 0.027187999999 0 2 52.156612365715
39 0.027556778856 0 2 57.156978636333
49 0.027224680166 -0.1 1 62.156642928253
62 0.027702680165 0.4 1 62.157120757017
15 0.027184096746 0 1 63.156605857115
71 0.027428096745 0.1 1 63.156849901529
69 0.027646096744 0 1 63.157068020641
8 0.027261991043 0 1 65.156686004612
79 0.027466991042 0 1 65.156891037271
95 0.027269846722 0 1 71.1566887179
60 0.027513846721 0 1 71.156932862377
26 0.02773184672 0 1 71.157150850896
65 0.027288900577 0 1 73.156709599194
53 0.027558900576 0 1 73.156979684315
29 0.027336204587 0 1 83.156761646534
24 0.027580204586 0 1 83.157005578497
87 0.027178405046 0 1 88.156608698203
96 0.028026981036 0 1 90.157451350277
27 0.0275356402 0 1 91.156960088009
17 0.027182230534 0 1 94.156600423578
75 0.027518632424 0 1 95.156948287165
61 0.027762632423 0.1 1 95.157192199972
3 0.027341784287 0 1 97.156772203194
35 0.027598784286 0 1 97.157029432704
70 0.027342390238 0.5 1 110.156770262924
0 0.02715768291 0 1 116.156586947742
4 0.027388682909 0 1 116.156817754855
80 0.027453922009 0 1 119.156877696231
79 0.027910791351 0.75 1 124.157330149348
16 0.027580346752 0 1 125.157005832
18 0.027798346751 0 1 125.157223939599
93 0.027272272146 0 1 126.156696551794
24 0.027367340194 0.798437 1 128.156790508632
58 0.027385999998 0.75 1 129.156809001275
50 0.028077799155 0.15 1 133.157499062595
86 0.027209971268 0 1 134.156635740861
97 0.027479971267 0 1 134.156905859276
13 0.027749971266 0.6 1 134.157175760954
17 0.027273058867 0 1 141.156695643748
80 0.027543058866 0.79375 1 141.156965754476
45 0.027304735431 0.25 1 143.156724727207
54 0.027949180099 0.85 1 147.157371956723
48 0.02728681617 -0.15 1 151.156713820502
44 0.027375341327 -0.15 1 153.156799771073
88 0.027487952165 0 1 161.156916327025
57 0.027168391572 0.1 1 167.156596927102
6 0.028392228533 0.4 1 167.157820667942
33 0.027246598474 0 1 168.156667265047
38 0.027503598473 0 1 168.156924157921
51 0.027371653836 0.15 1 169.156797320647
20 0.027433708793 0 1 170.156854573088
99 0.027433871478 0 1 173.156854806819
66 0.027425417818 0.15 1 175.156843468363
93 0.027345849382 0.775 1 181.156763703592
57 0.027187625789 0.775 1 189.156611696776
38 0.027295625307 0.6 1 190.156713753071
68 0.027476750644 0.15 1 191.156901005215
30 0.027237241741 0.6 1 194.156661529665
67 0.02718382869 0.55 1 195.156607564587
99 0.027440828689 0.6 1 195.156864497386
69 0.027361460466 0.85 1 200.156791167948
64 0.027748460465 0.15 1 200.157178356077
29 0.027266168463 0 1 205.156696676096
62 0.027287514104 0.55 1 207.156711867509
81 0.027277271428 0.4 1 215.156700416413
46 0.027963271427 -0.15 1 215.157386385424
40 0.028051249635 0.2 1 216.157476913595
32 0.028030145354 0 1 218.157453716221
12 0.027260260928 0.6 1 219.156680423885
41 0.027230770071 0.2 1 220.15665526639
96 0.02807277007 0 1 220.157497345157
15 0.027191847414 0 1 223.15662073599
73 0.027570290448 0.175 1 229.156993309915
3 0.027292199191 0.75 1 230.156719831087
74 0.02754919919 0.575 1 230.156976843011
88 0.028619027533 0 1 233.158046882012
17 0.027174704954 0.6 1 238.15659940813
29 0.027454488918 0 1 244.156879098385
27 0.027724488917 0 1 244.157149112406
28 0.029225396494 0 1 248.158647669598
91 0.030772061983 0 1 248.160194247221
56 0.047677727471 0.8875 1 248.17710009796
75 0.027292409111 0.75 1 249.156718711248
10 0.02752340911 0 1 249.156949785655
80 0.027424999998 0.79375 1 251.156851793593
84 0.027531083653 0 1 260.156954766412
31 0.029299278737 0.6 1 262.158727739969
40 0.060718085177 0.599219 1 262.190146649047
55 0.027364578502 0.7875 1 263.15678795138
32 0.027315139307 0 1 269.156742289647
9 0.027546139306 0 1 269.156973456694
43 0.027242182439 -0.2 1 273.156667784433
64 0.027227921613 0.98125 1 280.156646798759
79 0.027399801727 0.775 1 283.156828644292
90 0.02714187492 0 1 287.156560368777
51 0.027479783498 0.775 1 291.156904078553
82 0.02723213902 0.4 1 293.156650543467
17 0.027515139019 0.6 1 293.156933443729
14 0.027370261086 0 1 295.156794677739
19 0.027515489379 0.6 1 299.156944219619
83 0.027176127189 0 1 300.156600418146
84 0.027776193998 0.6 1 301.157195099699
50 0.027708539059 0.89375 1 305.157129447088
8 0.027991539058 0.4 1 305.157412403151
58 0.028785761139 0.8875 1 305.158206823282
52 0.028168100013 0.19375 1 306.157591879805
92 0.027289199694 0.6 1 308.156717282315
90 0.02722314927 0.4 1 309.156641529664
32 0.028995707091 0.4 1 310.158414655855
66 0.03209087908 0.7875 1 311.161519114769
42 0.027208131568 0.4 1 313.156627192311
70 0.027491131567 0.775 1 313.156910166809
17 0.027272612017 0.6 1 315.156690572002
76 0.027529612016 0.59375 1 315.156947842197
14 0.027455081323 0 1 317.156885129423
19 0.027903321654 0.7 1 321.157321116815
81 0.027949828707 0.4 1 324.157367881441
10 0.02954801041 0.6 1 324.15896613546
82 0.028517020901 0.7 1 327.157935283987
98 0.027164847271 0.775 1 333.156586431258
28 0.027200999999 0.4 1 340.156625383385
27 0.027516326825 0.6 1 345.156940587426
74 0.027341197131 0.575 1 347.156771574282
35 0.02762419713 0.798437 1 347.157054594483
7 0.027257511691 0 1 353.156686175123
6 0.02747551169 0.7 1 353.156904146849
98 0.027178189793 0.775 1 361.156606224573
75 0.027351241683 0.9375 1 362.156773386122
8 0.027226196954 0.4 1 371.156654908401
3 0.027444196953 0.7875 1 371.156872745371
80 0.027727196952 0.798437 1 371.157155727206
7 0.027747830841 0.4 1 375.157167218165
81 0.027663068943 0.7 1 378.157092987406
84 0.027881068942 0.6 1 378.157310996412
21 0.027160862828 0 1 379.156585232388
94 0.027430862827 0 1 379.156855026596
58 0.027648862826 0.89375 1 379.157073125112
52 0.028620052748 0.59375 1 386.158043539125
90 0.027186417837 0.4 1 387.156610127414
36 0.029821218237 0.4 1 389.159250448455
23 0.028473196405 0 1 390.157896953112
54 0.027361068645 0.94375 1 395.156782980317
59 0.027368797819 0.596875 1 401.156790509707
60 0.027651797818 0.896875 1 401.157073545601
22 0.029162020778 0.6 1 404.158584085192
1 0.027413150764 0.4 1 415.156838769558
67 0.027179618625 0.796875 1 417.15659935614
3 0.027345327969 0.799902 1 421.156771806193
75 0.027602327968 0.995313 1 421.157028787252
13 0.027289468911 0.6 1 423.156713888465
77 0.02755946891 0.796875 1 423.156983827946
78 0.027259040044 0.596875 1 429.156683475781
32 0.027348167511 0.4 1 431.156771171258
67 0.02781958149 0.798438 1 439.157246693918
84 0.027385999998 0.6 1 449.156806337875
47 0.027230986255 -0.2 1 453.156655427164
34 0.027461986254 0.6 1 453.156886405309
89 0.027414350492 0.7 1 456.156838665002
97 0.02799915397 0.4 1 458.157427133235
40 0.027368326386 0.599219 1 461.156799124007
1 0.027651326385 0.6 1 461.157082043913
17 0.027214880659 0.6 1 471.156639798599
68 0.030483617417 0.196875 1 472.15991184337
96 0.027393095449 0.4 1 473.156821497978
35 0.027326680348 0.799609 1 475.156747979829
34 0.027365410236 0.6 2 481.156792334274
14 0.027583410235 0 2 481.157010316504
77 0.027866410234 0.898438 2 481.157293173534
51 0.027363863646 0.995312 2 485.1567869364
92 0.027254322166 0.7 2 488.156681252831
72 0.027266834783 0.898438 2 497.156693517399
7 0.027523834782 0.4 2 497.15695053258
73 0.027398310552 0.898438 2 505.15682561214
94 0.027281999998 0.79375 2 509.1567050821
24 0.027432927231 0.798437 2 515.156855683014
46 0.027263141606 -0.2 2 524.156688036282
86 0.027211419865 0.6 2 532.156637137769
55 0.027412632985 0.986719 1 533.156837483767
2 0.027617632984 0 1 533.157042505394
52 0.027157340701 0.898438 1 539.156586409817
7 0.027227158157 0.7 1 541.156646917662
97 0.027676121361 0.4 1 544.157095668376
88 0.027616134074 0.6 1 547.157035475763
49 0.0271848002 -0.2 1 548.156614056073
66 0.027519800199 0.948438 1 548.156948844064
11 0.027322868177 0.4 1 551.156746356774
67 0.027175230491 0.799219 1 554.15659844162
94 0.027347509232 0.799902 1 555.156767266789
9 0.027578509231 0.4 1 555.156998352068
90 0.027201825264 0.4 1 559.15662622378
39 0.027392810845 0.798437 1 565.15681713779
60 0.027359999998 0.974609 1 571.156782901318
21 0.027193784866 0.6 1 587.156618030461
72 0.027227896836 0.999512 1 588.156657419828
93 0.027313868843 0.7875 1 593.156738256014
36 0.027354208926 0.75 2 603.15677856798
68 0.028664245946 0.949609 2 604.15808305943
