38 0.019285901369 0 2 21.857944966796
46 0.019271080772 0 2 25.857929479804
6 0.019528080771 0 2 25.858186164026
57 0.019364999998 0 2 28.858024954365
61 0.019406426351 0 2 40.858058794863
15 0.019348823284 0 2 41.858001181603
85 0.019247999998 0 2 42.857897222851
63 0.019262507068 0 2 47.857914368294
45 0.019467507067 0 2 47.858119367372
95 0.019211362993 0 2 48.857860353165
25 0.019240992479 0 2 50.857892760001
62 0.019377724682 0 2 53.858029389515
39 0.019253994085 0 2 54.857909377013
71 0.019437183779 0 2 57.858085432574
61 0.019462872021 0 2 62.858112474941
79 0.019339706384 0 2 64.858067730396
49 0.019609706383 -0.1 2 64.858337529371
15 0.019879706382 0 2 64.858607469132
69 0.019212075539 0 2 65.857861783444
8 0.019456075538 -0.1 2 65.858105914478
95 0.019127377744 0 1 70.857893986246
26 0.019605377743 0 1 70.85837213101
65 0.019355595785 0 1 71.858005002887
60 0.019625595784 0 1 71.858274854674
53 0.019290043971 0 1 72.857944405809
24 0.019354990442 0 1 77.858011638006
29 0.019370188277 0 1 79.858135718896
27 0.019365477236 0 1 84.858013744891
87 0.019320694098 0 1 85.85797072234
96 0.019394242959 0 1 88.858043953754
17 0.019462808392 0 1 90.858119577904
75 0.019167990364 0 1 91.857817914182
3 0.019515654324 -0.1 1 92.858167995801
35 0.019234072507 0 1 96.857885986554
70 0.019505976769 0 1 107.858158361901
4 0.019226866875 -0.15 1 110.857887683841
0 0.019256789853 0 1 115.857907546463
80 0.019258175845 0 1 117.857917620306
16 0.0192781822 0 1 120.857937505068
79 0.024949686204 0.1 1 121.863605942829
24 0.019537429104 -0.15 1 124.858194108402
18 0.019355335512 -0.15 1 127.858011626436
93 0.019638335511 0 1 127.858294622726
58 0.019426787067 -0.1 1 128.858080258901
86 0.019229186465 0 1 130.857885603643
13 0.019499186464 0.45 1 130.858155627571
50 0.019351508631 0 1 131.858001742173
97 0.019168060853 0 1 132.857821288383
0 0.019252815897 0 1 138.857911521049
17 0.019483815896 0 1 138.858142484903
80 0.019251284714 0.7 1 140.857904535448
16 0.019319027981 0.4 1 142.857975947196
45 0.019328444782 0 1 143.857981824252
54 0.019467577469 -0.15 1 145.858118603854
48 0.019361427542 -0.15 1 152.858016911706
44 0.019605427541 -0.1 1 152.858260989077
88 0.01943914866 0 1 158.858094904157
38 0.019321451464 -0.1 1 161.857973835448
6 0.019440165639 0 1 162.858094676143
51 0.01935532183 0 1 163.85800771522
20 0.019220140166 0 1 167.857879283984
57 0.019412140165 0 1 167.858071169679
33 0.019669140164 -0.15 1 167.858328171217
99 0.019470205318 0.15 1 171.858128903067
66 0.019407800245 0 1 173.858066776876
93 0.019409086032 0.85 1 181.858062639034
38 0.019253985587 -0.15 1 183.857908239782
68 0.01937630325 -0.15 1 187.858030599126
57 0.019576401779 0.4 1 191.858228760782
67 0.019274761277 0 1 193.857927034873
99 0.019518761276 0.925 1 193.858170860594
30 0.019710761275 0 1 193.858363008815
69 0.019234357179 -0.15 1 195.85789407727
64 0.019182999998 -0.15 1 200.857836495551
29 0.01945633555 -0.15 1 203.858109733206
62 0.019357997222 0.4 1 205.858016336663
46 0.019261169757 0 1 208.857919380746
81 0.019431263179 0 1 209.858084511115
40 0.019443490854 0 1 213.858091357184
12 0.019277067053 0 1 214.857931445812
32 0.019547067052 0 1 214.858201309484
41 0.019240854974 0.6 1 215.857899255088
96 0.019376785522 0.4 1 217.858030920762
74 0.019360753499 -0.2 1 223.858012070835
3 0.019617753498 -0.2 1 223.858269057826
15 0.019407819864 0 1 224.858066103491
73 0.019335183806 -0.15 1 225.857983204004
88 0.019462766625 0.1 1 233.858120859403
17 0.019415879433 0 1 237.85806760596
29 0.019512951366 -0.2 1 241.858167091761
27 0.019550092472 0 1 243.85820862893
56 0.019241599864 0 1 246.857900358718
91 0.019306452899 0 1 247.857961759033
28 0.019511452898 -0.2 1 247.858166855051
75 0.019228466411 0 1 248.857879966038
10 0.01943346641 0 1 248.858085040532
80 0.019262193845 0.7 1 250.857917628452
55 0.01924710497 0 1 256.857899856119
84 0.019421118915 0.575 1 258.858072799035
31 0.019487425816 0 1 260.858141378073
40 0.019309305439 0 1 261.857961140164
32 0.019265229349 0 1 265.857925108014
9 0.019350346979 -0.2 1 269.85800185361
43 0.019302727593 0.2 1 271.857957446187
64 0.019233563568 -0.2 1 276.857888531735
79 0.019335824529 0.175 1 277.857996417588
90 0.019449248874 0 1 285.85809906132
51 0.019334063341 0 1 287.857994732154
17 0.019476953174 0 1 288.85813263105
82 0.019442999998 0.7 1 291.858100566029
14 0.01930824574 0.2 1 294.857958125666
8 0.01927763782 -0.2 1 297.857927113319
50 0.019399760521 0.4 1 298.858053755153
83 0.019193403748 0.1875 1 300.857853034116
19 0.019424403747 -0.2 1 300.858083998281
55 0.019178951399 0.4 1 301.857838529029
84 0.019474951398 0.575 1 301.85813421414
92 0.019219945181 0 1 302.857880320909
32 0.019269735731 0 1 305.857922075124
58 0.019698010245 -0.2 1 306.858349582953
90 0.019692014643 0 1 307.858345506057
52 0.019433554503 0.4 1 308.858085365219
66 0.019690554502 0 1 308.85834254163
70 0.019441642054 0 1 309.858093355801
42 0.019234823918 0.4 1 310.857888361816
17 0.019504823917 0 1 310.858158085941
76 0.019311779079 0 1 314.857970112455
14 0.019352773195 0.2 1 316.858009550226
19 0.019309335516 -0.2 1 322.857967353749
81 0.019514335515 0.7 1 322.858172505978
10 0.019316941556 0 1 324.857973168049
82 0.019507490452 0.7 1 327.858165560945
98 0.019351808043 0.1875 1 333.858004933899
28 0.019383597356 -0.2 1 338.858042806952
27 0.019277181147 0 1 341.857935687609
35 0.019240984647 0.4 1 342.857892468239
74 0.019484984646 -0.2 1 342.858136435253
7 0.019441776788 0 1 353.858100475562
6 0.019659776787 0.4 1 353.858318447551
75 0.019227172417 0.4 1 358.857882904926
98 0.019405926536 0.196875 1 361.858056427389
35 0.019261879037 0.7 1 365.857921955412
3 0.019505879036 -0.2 1 365.858165903395
80 0.019297522271 0.775 1 366.857956524008
8 0.019314481232 -0.2 1 369.857966080103
94 0.019331245489 0.19375 1 372.857982124109
7 0.019677667797 0 1 376.858327072589
58 0.019882667796 -0.2 1 376.858532294721
81 0.019759184395 0.7 1 377.858407837052
84 0.019702298633 0.5875 1 379.85835933909
21 0.019404643211 0.6 1 380.858053184516
52 0.01962625476 0.4 1 384.858283166573
90 0.019548363479 0 1 385.858198227644
23 0.019211724122 0.2 1 387.857869663155
36 0.019455724121 0.4 1 387.858113657562
54 0.019445500473 -0.2 1 394.858105537496
59 0.019362312585 0.2 1 395.858011395469
60 0.019379959043 0.4 1 396.858038104676
22 0.019497993557 0 1 403.858150366487
75 0.019241846141 0.6 1 404.857895922506
1 0.019509084099 0 1 411.858165745874
67 0.019254397791 0.6 1 415.857906770593
77 0.019485456543 0.4 1 421.858141765014
3 0.019768456542 -0.2 1 421.858424509067
13 0.01950123883 0.4 1 422.85815871096
75 0.019167344184 0.6 1 426.85781778138
32 0.019233512445 0 1 429.85788396364
78 0.019438512444 0.196875 1 429.858088926598
67 0.019229883919 0.6 1 437.857880604797
84 0.019498457806 0.59375 1 447.858150858029
34 0.019227531317 -0.2 1 452.857879922523
89 0.019325999998 0.796875 1 453.857979832235
47 0.019530999997 0 1 453.858184824423
97 0.019228487836 0.4 1 457.857879740726
1 0.019446487835 0 1 457.858097728661
40 0.019277435915 0 1 458.857935155528
68 0.019451154907 -0.2 1 467.858108677608
96 0.019362602815 0.4 1 468.85801789815
17 0.019410131495 0 1 470.858067637206
35 0.019263956019 0.7 1 474.857911931142
14 0.019344680701 0.2 1 480.85799701329
34 0.019253546688 -0.2 1 481.857912883058
1 0.019471546687 0 1 481.858130814417
77 0.019741546686 0.775 1 481.858400720782
51 0.019310953556 0.6 1 482.857968672856
92 0.019217006161 0 1 487.857868859141
72 0.019252964931 0 1 492.857908327668
7 0.01948396493 0 1 492.8581393414
73 0.019257930625 -0.2 1 503.857918201362
94 0.019312151663 0.198438 1 508.857969141453
24 0.019316733023 -0.2 1 513.85797263294
46 0.019189001708 0 1 524.857841363152
55 0.019227579034 0.6 1 528.857886886155
2 0.019285149234 0 1 529.857938395864
86 0.019265700935 0.4 1 532.857918569748
52 0.019487653674 0.75 1 538.85814031106
97 0.019189985836 0.4 1 540.857847315139
7 0.019427623535 0 1 542.858087482234
88 0.019710623534 0.598438 1 542.858370678014
66 0.019401854512 0 1 543.858053737686
11 0.019392658856 0 1 547.858041111623
49 0.019160206473 -0.2 1 548.857814766833
67 0.019244885373 0.6 1 552.857904096526
94 0.019514885372 0.199219 1 552.858174075228
9 0.019347382851 0.2 1 554.858001851478
90 0.019393901704 0 1 558.858047031208
97 0.019192438482 0.6 1 562.857844270751
39 0.019423438481 -0.2 1 562.858075440762
60 0.019414047269 0.4 1 566.85806407327
21 0.019452340041 0.75 1 582.858105472372
72 0.019234999998 0.4 1 586.857895400811
93 0.019416028432 0.974219 1 592.858076175366
36 0.0194176995 0.4 1 601.858077873603
68 0.019443282764 -0.2 1 603.858095683628
5 0.019475693879 0 1 605.858128890239
