5 0.029964581939 0 2 21.058433786703
6 0.030247581938 0 2 21.058716772551
38 0.029926784533 0 2 22.058396140441
46 0.029922307746 0 2 26.058396089423
57 0.029969176964 0 2 29.058442974289
61 0.030031299525 0 2 41.058495668307
15 0.030223299524 0 2 41.058687682316
85 0.030008502341 0 2 43.058476383662
45 0.029890277394 0 2 48.058359589739
63 0.02996063402 0 2 49.058437502807
95 0.030165634019 0 2 49.058642406433
25 0.02996095707 0 2 51.058430308634
62 0.029894521454 0 2 54.058363420789
39 0.030164521453 0 2 54.058633426703
71 0.030085682448 0 2 57.058554558476
69 0.029896085798 0 2 60.058365924046
49 0.030166085797 0 2 60.05863590588
61 0.030072533809 0 2 63.058538353701
15 0.030329533808 0.3 2 63.058795040834
79 0.029920999998 0 1 64.058397057094
8 0.030190999997 -0.1 1 64.058667024375
26 0.029896799807 0 1 67.058372728253
60 0.030144752305 0 1 68.058617902408
95 0.030095011476 0 1 71.058564824461
65 0.030339011475 0 1 71.058809122852
53 0.030096097191 0 1 73.058571829347
24 0.030138137704 0 1 78.058604194976
29 0.029988774865 0 1 80.058458066021
69 0.029966927105 0 1 82.0584428404
27 0.030246715822 0 1 89.058716049946
96 0.029928245734 0 1 90.058396627217
87 0.030172245733 0 1 90.058640474996
3 0.030313616652 0.3 1 92.05878302619
75 0.03015077531 0 1 95.058619794369
17 0.030342775309 -0.15 1 95.058811752947
35 0.030119956261 0 1 97.058596974398
70 0.029950795133 0 1 108.058419085782
4 0.030037435172 -0.15 1 111.058505829746
0 0.029956947445 -0.15 1 116.058427456508
80 0.03021216079 0 1 117.058681755315
16 0.029888123592 -0.1 1 120.058357843967
69 0.029900338672 0 1 121.058374823769
79 0.029971266521 0.4 1 122.058436781816
3 0.03022826652 0.45 1 122.058693958503
24 0.030217270128 0.15 1 125.05868219465
18 0.029942691852 -0.1 1 127.058416923575
93 0.030173691851 0 1 127.058647920574
58 0.029926291379 0.4 1 129.058393455753
86 0.029958903549 0 1 130.05842719079
13 0.030228903548 0.45 1 130.058697213978
50 0.029910959397 0 1 132.058378150451
97 0.030193959396 0 1 132.058661162841
17 0.030145520956 -0.15 1 137.058616443302
0 0.029974148954 0.25 1 138.058440371758
80 0.030185480849 0.79375 1 139.058655438035
16 0.029853366382 -0.15 1 142.058322042248
45 0.029935404896 0 1 143.05840449045
54 0.029942264089 0.6 1 146.058411458394
48 0.029959999998 0 1 152.058432814791
44 0.030196146048 0 1 153.058667368846
88 0.02990549846 0 1 158.05837811667
38 0.029936462314 0.15 1 162.058408117454
6 0.030154462313 -0.1 1 162.058626137719
51 0.029959755293 0 1 164.058436511628
57 0.029913588149 0 1 166.058386829245
33 0.030196588148 0.15 1 166.058669830902
20 0.030038388393 0.15 1 167.058514948507
99 0.030052469169 0 1 172.058521812565
66 0.030131084485 0.4 1 174.058600446458
93 0.029976298617 0.4 1 181.058445343558
38 0.029978492719 0.575 1 184.058447556813
68 0.029933999998 0 1 187.058410312645
57 0.029968637738 0 1 188.058442750165
20 0.030019480665 0.175 1 189.058488737785
30 0.029999099103 0.15 1 191.058473934411
67 0.029915803142 0 1 192.058385147082
99 0.030124640854 0.7 1 194.058599319017
69 0.029959565199 0 1 196.058429794432
64 0.030163395366 0 1 201.058632632546
29 0.030030957769 0.55 1 204.058497080295
62 0.02992516666 0 1 206.058389611888
81 0.030119415122 0 1 213.058585582885
32 0.030376415121 0.55 1 213.05884264576
46 0.029911135085 0 1 214.058380258278
41 0.030140894789 0.4 1 216.058610701987
40 0.029894386036 0.4 1 217.058363482639
12 0.030151386035 -0.2 1 217.058620609746
96 0.029942732047 0.4 1 218.058419786834
15 0.030195316254 0.45 1 223.058664694765
73 0.030020030515 0 1 226.058489391982
3 0.030185066224 0.55 1 227.058655123129
74 0.030442066223 0 1 227.058912135733
88 0.029926568382 0.6 1 233.058391072206
17 0.03010803554 0.2 1 238.058577384706
91 0.030308810157 0.4 1 241.058780596433
29 0.029994971517 0.9375 1 242.058465436604
27 0.030238971516 0.96875 1 242.058709449915
28 0.029904640245 0.1875 1 244.058376318216
75 0.030296080547 0 1 249.058764896352
56 0.030243290865 0 1 251.058712971881
10 0.030030722508 -0.2 1 252.058499519918
80 0.030261722507 0.798437 1 252.058730584104
55 0.029994451034 0 1 257.058464084034
84 0.029873937321 0 1 259.058342923081
31 0.029934162729 0.1875 1 261.058407848909
40 0.029927612138 0.4 1 262.058392505751
32 0.029879507452 0.9375 1 266.058356456469
9 0.030078530351 -0.2 1 269.058555663548
43 0.030083171556 0.6 1 272.058554395213
64 0.030166113596 0 1 276.058632758854
79 0.029978313266 0.4 1 278.058443904553
90 0.030147249653 0.4 1 286.058621934616
51 0.029957181939 0 1 288.05842352848
17 0.030095048142 0.4 1 289.05856440991
82 0.030167021409 0 1 291.058639469371
14 0.030166137623 0.2 1 295.058630568707
8 0.030088738539 -0.2 1 298.058553043302
50 0.029952292518 0.4 1 299.058417031773
84 0.029922907739 0.75 1 302.058391958139
92 0.030428733041 0.4 1 303.058896923516
19 0.030148367824 0.4 1 304.058621823798
83 0.030418367823 0 1 304.058891857703
52 0.030092141385 0.7 1 305.058561393681
66 0.030229262616 0.4 1 307.058702649382
90 0.0302463154 0.6 1 308.058715608295
58 0.029948215838 0.4 1 309.058416400757
32 0.030179215837 0.96875 1 309.0586474984
17 0.03011901313 0.4 1 311.058588077223
42 0.029932385687 0 1 315.058406299013
70 0.029891993413 0 1 316.058356737027
76 0.030135993412 0 1 316.0586009482
14 0.030173932377 0.2 1 317.058643011377
81 0.029972948074 0 1 322.058449506545
10 0.030020557145 0.4 1 324.058494969998
82 0.030170092206 0 1 327.058639464563
98 0.029938176177 0 1 333.05840754845
28 0.029997949157 0.19375 1 339.058467318818
27 0.030296030086 0.99668 1 343.058763454435
74 0.030123421221 0 1 347.058591502143
35 0.03034142122 0.7875 1 347.058809523687
6 0.030143995181 0.4 1 354.058613200132
7 0.03036199518 0.4 1 354.058831228052
75 0.030097529119 0.6 1 358.058570760466
98 0.029894999998 0.4 1 361.058367922062
3 0.030103379251 0.55 1 368.058577158337
80 0.03036037925 0.798437 1 368.058834182205
8 0.030111653712 -0.2 1 369.058579100516
94 0.030218691914 0.6 1 373.058687457101
58 0.030169242897 0.4 1 377.058638630426
7 0.030452242896 0.5 1 377.058921417267
81 0.030194795046 0 1 378.058666209725
84 0.029901753425 0.75 1 379.058370124791
21 0.030184753424 0.196875 1 379.058653309658
52 0.029963810816 0.7 1 382.058439941319
90 0.030233810815 0.6 1 382.058709944071
23 0.0300302237 0.596875 1 390.058503945149
36 0.030261223699 0.196875 1 390.058734941446
54 0.029918060025 0.7 1 394.0583854821
59 0.030191331046 0 1 396.058662673252
60 0.030176327876 0.4 1 397.058643923168
22 0.030004974522 0.198438 1 404.05847307034
75 0.030105147711 0.775 1 405.05857068798
1 0.030045303679 0.4 1 412.058514644351
67 0.029911381207 0 1 416.058385142776
3 0.03013639392 0.55 1 421.058605462286
77 0.030113892057 0 1 422.058587883206
13 0.030196497698 0.575 1 423.058661208565
75 0.030129629611 0.775 1 427.05859658272
78 0.029954620554 0 1 429.058419171892
32 0.029967549081 0.971875 1 430.058434504091
67 0.029980735906 0.6 1 438.05845001261
84 0.02989961281 0.75 1 448.058368981887
34 0.030192898775 0.196875 1 453.058666652748
89 0.03028642797 0 1 457.058758754186
1 0.03033515591 0.4 1 458.058804487913
40 0.029929950712 0.6 1 459.058402523173
47 0.030186950711 0.6 1 459.058659272461
97 0.03044395071 0.4 1 459.058916454389
17 0.03009902486 0.4 1 471.05857344087
96 0.029925663236 0.79375 1 473.058390763748
68 0.030130663235 0.4 1 473.058595760658
35 0.030143386879 0.898438 1 475.058609918888
1 0.030029636356 0.4 1 481.05850578661
77 0.030312636355 0 1 481.05878869395
14 0.030595636354 0.2 1 481.059071845655
34 0.030800636353 0.199219 1 481.059276854428
51 0.029944538029 0.7 1 483.058410469128
92 0.030076579753 0.6 1 488.058549323079
72 0.03011051413 0.4 1 492.058584965555
7 0.030145674084 0.5 1 493.058615017622
73 0.030061742389 0.6 1 504.058531102534
94 0.030140104033 0.7 1 509.058609474447
24 0.030186838517 0.199219 1 514.058656189922
46 0.029869232419 0.4 1 524.058344143777
55 0.03004161795 0.6 1 529.058510973137
2 0.030246617949 0.4 1 529.058715995669
86 0.029972999998 0.4 1 532.058441193057
52 0.029990272071 0.7 1 539.058459622938
97 0.03005568414 0.6 1 541.05853110685
7 0.030273684139 0.575 1 541.058748922041
88 0.029973712866 0.75 1 542.058443055996
66 0.030151250868 0.4 1 544.05862640748
46 0.029892146963 0.775 1 546.058357107779
11 0.02991258947 0.2 1 548.058381930135
49 0.030156589469 0.6 1 548.058625968756
67 0.029914929764 0.6 1 553.058388429532
94 0.030184929763 0.7 1 553.058658408314
9 0.030164282832 0.2 1 554.058633661854
90 0.030061564874 0.7 1 559.058530904428
39 0.030180041948 0.798438 1 563.058649399996
60 0.030156587044 0.7 1 567.058630891758
21 0.030057053491 0.599609 1 583.058526418439
72 0.030063160168 0.4 1 587.058532900843
93 0.029937626818 0.4 1 592.05840699996
36 0.030155465149 0.899219 1 602.058624958149
68 0.029902172728 0.4 1 604.058371306815
5 0.029940879883 0.575 1 605.058413544027
