5 0.043284768037 0 2 21.25466542719
6 0.043489768036 0 2 21.254870395829
38 0.043448860212 0 2 22.254829652745
46 0.043417900189 0 2 26.254798685116
57 0.043494995312 0 2 29.254875712432
85 0.043310999998 0 2 43.254696585063
61 0.043557778538 0 2 45.254938395385
15 0.043840778537 0 2 45.255221410731
63 0.043332530703 0 2 47.254713325755
45 0.043563530702 0 2 47.254944324634
95 0.043354757119 0 2 48.254735408964
25 0.043326470841 0 2 51.254707259114
39 0.043325675386 0 2 54.254706483452
62 0.043517675385 0 2 54.254898477552
71 0.043330325433 0 2 57.254711139169
49 0.043739092769 0 2 63.255119743123
79 0.043371429792 0 2 64.254756964672
8 0.043557250034 0.3 2 66.254937937313
69 0.043801250033 0 2 66.255181815206
26 0.043454762382 0 2 67.254837046642
15 0.043724762381 0.5 2 67.255106797033
60 0.043476387043 0 2 68.254854432353
95 0.043340295374 0 2 70.25472212476
65 0.043334533239 0 2 71.254725065303
53 0.043400849479 0 2 73.25478302563
24 0.043499815666 0 2 78.254885549999
29 0.043342235537 0 2 79.25472230553
27 0.043295705382 0 1 85.254675557972
87 0.043539705381 0 1 85.254919572842
61 0.043470556658 0 1 88.254850324501
96 0.043500677733 0 1 89.254878646595
75 0.043435095869 0 1 91.254824558566
17 0.043692095868 0.1 1 91.255081516697
3 0.043527868668 0.5 1 92.254905753727
35 0.043306557875 0.1 1 98.254693351614
70 0.043451207696 0.75 1 108.254831998449
4 0.04344348347 0.15 1 111.254824288963
80 0.043441351096 0 1 120.25482202662
0 0.043659351095 0.55 1 120.255039953227
16 0.043411108481 0.15 1 121.254795952134
69 0.04369410848 0.4 1 121.255078915724
79 0.043342940686 0.75 1 122.254723518117
3 0.043586940685 0.55 1 122.2549677118
18 0.045772866952 0.15 1 124.257157829816
93 0.043434234251 0 1 126.254814891682
24 0.04366523425 0.15 1 126.255045979588
86 0.043492095926 0.4 1 130.254875283521
13 0.043736095925 0.75 1 130.255119306867
58 0.043928095924 0 1 130.255311240004
50 0.043477111229 0 1 136.254857734061
97 0.043747111228 0 1 136.25512774767
17 0.043503956057 0.946875 1 138.254889513468
45 0.044745835504 0 1 143.256126648733
54 0.043387578025 0.4 1 148.254768288501
48 0.04334173054 0.4 1 152.254722505681
44 0.043531232523 0.4 1 153.254910965625
88 0.043375304519 0.4 1 158.254756114682
57 0.043775090837 0 1 165.255162419577
20 0.043635726728 0.15 1 167.255016525889
51 0.043827726727 0 1 167.255208392536
6 0.044045726726 0.2 1 167.255426315048
38 0.043426460414 0.15 1 168.254813612547
33 0.043526733197 0.15 1 169.25491196517
99 0.043587878623 0 1 171.254967990758
66 0.043467528204 0.4 1 175.254848281657
93 0.043397568433 0 1 181.254778064295
68 0.043415591891 0.6 1 187.254796401215
57 0.04362059189 0 1 187.255001171951
20 0.043242999999 0.575 1 189.254623711684
38 0.043409545904 0.95 1 190.254790024129
99 0.043539809184 0 1 193.25492032364
67 0.043328615707 0.4 1 194.254709307317
30 0.043559615706 0.575 1 194.254940281489
69 0.043580517105 0.4 1 197.254961252803
64 0.043293934579 0 1 201.254674681609
29 0.043354446945 0.85 1 204.254735229512
62 0.043529291847 0.7 1 205.254914514843
46 0.043413664456 0 1 208.254798757062
81 0.070938959248 0.4 1 209.282328443002
32 0.057176997278 0.971875 1 214.268561841254
41 0.043633430996 0 1 216.255023585397
40 0.043500853135 0 1 217.254880537659
96 0.043439909754 0 1 218.25482376193
12 0.043696909753 0.1875 1 218.255080604126
15 0.043566471873 0.875 1 225.254956659116
3 0.043523575157 0.9625 1 226.254902978392
74 0.043741575156 0 1 226.255120991221
73 0.043386326589 0.6 1 227.254772118066
88 0.043331109534 0.6 1 233.25471707013
17 0.043535963461 0.974609 1 238.254915544684
27 0.043255999999 0.95 1 240.254636798431
29 0.043284336854 0.984375 1 241.254664000637
91 0.043502336853 0 1 241.254882040937
28 0.043363034436 0.175 1 245.254749913449
56 0.043304719524 0.4 1 246.254685536381
75 0.043212841218 0.775 1 247.254597809507
10 0.043442976837 0.1875 1 249.254823770577
80 0.04336768543 0.799219 1 252.254748409092
84 0.043404840118 0 1 260.254794052521
55 0.04342627566 0 1 261.254806877893
31 0.043644275659 0.8875 1 261.255025014863
40 0.043433205497 0 1 262.25481838923
32 0.043446956008 0.984375 1 266.254827092138
9 0.043357064732 0.2 1 270.254747167665
43 0.043502634801 0 1 274.254886573634
64 0.043294015186 0 1 281.254671823146
79 0.043512015185 0.775 1 281.25488987372
90 0.043388627882 0 1 286.254772828443
51 0.043433308386 0.775 1 288.2548141158
17 0.043586771541 0.993555 1 289.254967570018
82 0.043459598842 0.7 1 292.254840365344
14 0.043582383087 0.89375 1 296.254962804347
84 0.043706041283 0.7 1 302.255090165541
8 0.043911041282 0.2 1 302.255295285849
83 0.043900624165 0 1 304.255281258458
19 0.044170624164 0.59375 1 304.255551224774
92 0.043858220113 0.6 1 305.255242594908
50 0.044076220112 0.7875 1 305.255460424349
52 0.044268220111 0.4 1 305.255652568167
66 0.04365939043 0.6 1 307.255040174778
58 0.044561070945 0 1 309.255941604885
32 0.047627784039 0.993652 1 309.259008413997
70 0.043370066628 0.775 1 311.254754723849
42 0.043819289508 0.6 1 311.2552039719
17 0.044011289507 0.993652 1 311.255395713962
76 0.044574830549 0.6 1 315.25595561381
14 0.043503830548 0.896875 1 318.254884355247
81 0.043487894246 0.7 1 327.254868484706
82 0.043495771261 0.7 1 330.254876445552
10 0.04370077126 0.79375 1 330.255081310236
98 0.043525746143 0 1 333.254906555089
28 0.043336698557 0.59375 1 340.254723913347
74 0.043420919003 0.4 1 343.254808114723
27 0.043243184264 0.993359 1 346.254630224627
35 0.043513184263 0.971875 1 346.254900294937
7 0.044386157436 0.55 1 354.25576682713
6 0.043369289757 0.5 1 355.25475633769
75 0.043276144372 0.796875 1 358.254663388835
98 0.043564479981 0.4 1 362.254945022765
3 0.043524951202 0.98125 1 365.254905732833
80 0.043341633272 0.799805 1 368.254722304776
8 0.04357308041 0.2 1 369.254953895499
81 0.043477630547 0.7875 1 373.254858447304
84 0.043272199147 0.7 1 376.254652889085
94 0.043877733039 0.75 1 376.255258398337
7 0.043311803771 0.575 1 377.254696117529
58 0.04355580377 0 1 377.254940321676
21 0.043242999999 0.596875 1 378.254623792376
90 0.043423481905 0.4 1 384.254804187943
52 0.043693481904 0.6 1 384.255074186052
23 0.043290039622 0.596875 1 386.254679313934
36 0.043573039621 0.896875 1 386.254962307682
54 0.043316074596 0.75 1 394.254703490983
59 0.043374611015 0 1 402.25475351591
60 0.043605611014 0.6 1 402.254984547644
22 0.044511203362 0.596875 1 403.255898538479
75 0.043255999999 0.796875 1 404.25463681806
1 0.043511512799 0.996875 1 412.254892290214
67 0.04327937048 0.7 1 415.254660193978
3 0.043511690601 0.985938 1 421.254892211631
77 0.043514788709 0.6 1 422.254895570189
13 0.043445456652 0.96875 1 424.254826208714
75 0.043242999999 0.796875 1 426.254623693802
78 0.043379782533 0.4 1 432.254760462368
32 0.043610782532 0.996777 1 432.25499149862
67 0.043211957056 0.75 1 437.254597687113
84 0.043288948344 0.7875 1 448.254669754046
47 0.043435631764 0.6 1 453.254816450356
34 0.043666631763 0.596875 1 453.255047428496
89 0.043435857604 0 1 454.254816638873
1 0.043524549297 0.998242 1 457.25490536321
97 0.043520344133 0.7 1 458.25490479116
40 0.043451494713 0.7 1 459.25483140474
17 0.043659650442 0.999121 1 472.255045100455
68 0.043480527036 0.7 1 473.254861112341
96 0.043750527035 0.798437 1 473.255131115156
35 0.043251426992 0.996094 1 475.254636776398
14 0.043569088973 0.898438 1 480.254949872097
77 0.043644195666 0.75 1 481.25502937044
51 0.043389603551 0.798437 1 484.254774966358
92 0.043488024928 0.7875 1 488.254868825718
72 0.046086774579 0.4 1 492.257467586246
7 0.04333119965 0.575 1 494.254711935185
73 0.043352363723 0.775 1 505.254733115316
94 0.043255999999 0.75 1 509.254636807036
24 0.04356966773 0.599219 1 516.254950366765
46 0.043482927362 0.75 1 524.254863739462
55 0.043567518407 0.6 1 532.254948175908
86 0.043261955059 0.799976 1 533.254642723052
2 0.043466955058 0.986719 1 533.254847590656
7 0.043276435414 0.575 2 541.254657035081
52 0.043869034032 0.6 2 541.255249731693
88 0.043437535244 0.7875 2 544.254818225227
66 0.043642535243 0.775 2 544.255023314449
97 0.043925535242 0.7 2 544.255306183382
46 0.043400120616 0.799805 2 546.25478573966
11 0.043276160343 0.199219 2 547.254656982886
49 0.043472794433 0.75 2 549.25485832631
94 0.043259244201 0.79375 2 558.254644517837
9 0.043864720997 0.5 2 558.255250066602
67 0.043299450136 0.775 2 559.25468320603
90 0.043420687313 0.4 2 560.254798708075
39 0.043245651495 0.997656 2 563.254623794705
60 0.043437220311 0.6 2 566.254815512297
21 0.043286447346 0.974609 2 585.254667158929
72 0.043419196532 0.4 2 588.254799930786
93 0.043422601467 0.7 2 593.254804602399
36 0.043517942453 0.995313 2 602.254900345633
68 0.043483407669 0.775 2 604.254864214119
