38 0.007337516527 0 2 22.25568696028
6 0.007053999998 0 2 25.255403047623
46 0.006997076636 0 2 26.255355140982
57 0.007115761011 0 2 29.255473683219
15 0.00721838465 0 2 43.255566813103
85 0.006937047428 0 2 45.255293491862
61 0.007220047427 0 2 45.255576536075
63 0.00707197688 0 2 48.255428598548
95 0.007263976879 0 2 48.255620500525
45 0.007494976878 0 2 48.255851597772
25 0.007525369076 0 2 51.25588202915
62 0.006900328225 0.4 2 54.255257002193
39 0.007144328224 0 2 54.255501008091
71 0.007204454679 0 2 58.255563545028
49 0.006983571213 0 2 60.255340227521
69 0.007253571212 0 2 60.255610245734
8 0.00704545702 0 2 63.255402151147
79 0.007116467188 0 2 64.255471171628
15 0.00704494444 0 2 65.255398679175
26 0.007104241883 0 2 67.25545843657
60 0.007156512949 0 2 68.255510389614
95 0.007181077997 0 2 70.255534707779
65 0.007039059274 0 2 71.25539320011
53 0.007129002809 0 2 74.255483220267
24 0.006959710002 0 2 78.25531168074
29 0.007039987117 0 2 80.255388064622
69 0.007226545898 0.89375 2 82.255574284063
27 0.007021344911 0.1 2 85.255368867756
87 0.00721334491 0 2 85.255560882626
61 0.007006640007 0.1 2 88.255361644508
96 0.007145056407 0 2 89.255502753648
17 0.006990370682 0 2 90.255342144599
3 0.006920562464 0 2 92.255275522717
75 0.007190562463 0 2 92.255545499423
35 0.006970630484 0.1 2 98.255325954056
70 0.006982287225 0.8 2 108.255339823579
4 0.007087755843 0 2 111.255445313854
0 0.006919387587 0 2 116.255277648649
80 0.007090197061 0 2 117.255440464163
16 0.0071454808 0 2 120.255503585369
79 0.009024804967 0.75 2 123.257382438499
18 0.008879829579 0 2 124.257238713977
24 0.006915105271 0.64375 2 125.25527229316
93 0.00712010527 0 2 125.255477204474
58 0.007231060185 0 2 128.255588489751
86 0.007107342894 0 2 129.255454509473
13 0.007166340145 0 2 130.255518261575
97 0.00693492126 0 2 132.255293581294
50 0.007152921259 0 2 132.255511568841
17 0.006989399737 0 2 137.255342140995
0 0.006945369386 0.7875 2 138.2552996063
80 0.007038284612 0.7 2 139.255388182531
16 0.007666881987 0.75 2 142.256025021877
54 0.007092671533 0 2 148.255441207488
45 0.007297671532 0 2 148.255646088495
48 0.007089947369 0 2 151.255444245752
44 0.007016923077 0 2 154.255364161983
88 0.007043114355 0 2 158.255399362928
6 0.007400022839 0 2 166.255748997019
38 0.026625963745 0.875 2 167.274981910712
51 0.006954317549 0 2 169.255301347083
57 0.007315317548 0 2 169.255662364999
33 0.007572317547 0.15 2 169.255919364366
20 0.007106097891 -0.15 2 170.255462819443
99 0.007198324993 0 2 172.255545233154
66 0.006972711569 0.1 2 174.255330999317
93 0.007127041921 0 2 181.255479792737
68 0.007169263796 0.55 2 188.255520627877
38 0.007133270341 0.875 2 189.25548961978
67 0.007573956881 0.15 2 193.255932886742
30 0.007081743847 0.75 2 194.255435979569
99 0.007338743846 0.7 2 194.255692863574
69 0.007189355455 0.946875 2 196.255548201835
64 0.007072929462 0.15 2 200.255420159318
29 0.00700542463 0.55 2 204.255362078998
62 0.008148955674 0.55 2 205.256502941482
81 0.008178113079 0 1 211.256525928174
46 0.006989471307 0 1 212.255339065128
40 0.009128696059 0 1 214.257476377961
32 0.006932994895 0.55 1 215.255287971368
12 0.007124994894 0.7 1 215.255480106713
41 0.007170577601 0.6 1 216.255527234252
96 0.007076103774 0.4 1 217.255424811246
74 0.007106851701 0.175 1 224.255454347949
73 0.00719073618 0.55 1 226.255539692704
15 0.00699403792 0 1 228.255344198556
3 0.007186037919 0.79375 1 228.255536208356
88 0.007038942893 0.6 1 235.255386138754
17 0.007044093484 0.6 1 238.255394082291
27 0.007051739016 0.575 1 240.255409897479
29 0.006957062883 0.8875 1 243.25530723474
91 0.007214062882 0.6 1 243.255564274293
28 0.007092649706 0.175 1 244.255452161624
56 0.006976792103 0.4 1 246.255326900255
75 0.00722807055 0.775 1 247.25558758087
10 0.007208793678 0 1 249.255566473623
80 0.007060381062 0.7 1 250.255414472237
55 0.006937960782 0 1 259.255286722138
84 0.007142960781 0 1 259.255491810545
31 0.006945416133 0.1875 1 260.25529234915
40 0.007098962791 0 1 262.255455171141
32 0.006949999998 0.775 1 266.25530379327
9 0.007065819927 0 1 269.255419516296
43 0.007018585763 0 1 272.255372185335
79 0.007089379526 0.775 1 281.255442187707
64 0.007320379525 0.974219 1 281.255673137131
90 0.00697326032 0 1 286.255332146429
51 0.006966069073 0 1 288.25532564504
17 0.006961812979 0.6 1 289.255316107625
82 0.007086231838 0 1 291.255445939077
14 0.007208963632 0.7 1 296.255559687345
84 0.007120521855 0.4 1 301.255476281247
58 0.007207183531 0.6 1 303.255558353471
8 0.00773718353 0.4 1 303.256088135603
83 0.006943343897 0.7 1 304.255297571249
19 0.007343343896 0.4 1 304.255697537565
50 0.007548343895 0.75 1 304.255902522973
32 0.007002202516 0.7875 1 305.255359557154
92 0.007207202515 0.4 1 305.255564464466
52 0.007477202514 0 1 305.255834437726
66 0.006908490972 0.94375 1 307.255264656148
90 0.006994764141 0.79375 1 308.255345058809
70 0.006974328433 0.925 1 310.255329797048
42 0.007244328432 0.4 1 310.255599822072
17 0.007030634878 0.7 1 311.255380530255
76 0.007048710463 0.5875 1 316.255402966511
14 0.007213381315 0.75 1 318.255572238245
81 0.00715376072 0.4 1 322.255507341609
10 0.007251066668 0.6 1 326.255605296191
82 0.007128869999 0.7875 1 327.255484934187
98 0.007142119508 0 1 334.255494709845
28 0.007116849536 0.59375 1 339.255465162064
27 0.009146144643 0.984375 1 346.25749877824
74 0.007248066248 0.5875 1 347.255596039573
35 0.007021027347 0.946875 1 348.25537759811
6 0.00712058127 0.4 1 350.255468707009
7 0.007163529738 0.6 1 352.255520867371
75 0.00719531123 0.8875 1 358.255548580012
98 0.007184138696 0.6 1 361.255533201831
3 0.00738190393 0.796875 1 367.255731253836
80 0.015537539288 0.7875 1 367.26388691335
8 0.007039493373 0.4 1 370.255389046249
6 0.007072767271 0.6 1 372.255429679827
7 0.007555265737 0.6 1 375.25591198195
94 0.007340775044 0.6 1 377.255697269124
81 0.007571775043 0.775 1 377.255928284766
58 0.007418027016 0.6 1 378.2557753117
84 0.007161475547 0.4 1 380.255517874422
21 0.007379475546 -0.2 1 380.255736049786
90 0.006900212275 0.79375 1 382.255290083568
52 0.007144212274 0.4 1 382.255534080846
36 0.007245700846 0.94375 1 387.25559536265
23 0.007039654339 0.4 1 388.255427886725
54 0.007075438649 0.6 1 394.255470202988
59 0.006894602716 0.6 1 396.255251670128
60 0.007168523732 0.59375 1 397.255523410316
22 0.00699309173 0.2 1 403.255352447524
75 0.01170172451 0.94375 1 404.26005586739
1 0.007176067942 0.4 1 413.255530438762
67 0.00716031872 0.946875 1 416.255508504368
3 0.006931693978 0.796875 1 421.25529039283
77 0.007033495448 0.196875 1 422.255386914269
13 0.007229983505 0.796875 1 424.255583165475
75 0.007221595127 0.94375 1 427.255574438094
32 0.007017970842 0.96875 1 434.255365766913
78 0.007248970841 0.59375 1 434.255596732427
67 0.007163879141 0.992188 1 438.255521409938
84 0.007151138907 0.6 1 449.255507778662
47 0.006961597026 0.775 1 454.255308850646
89 0.007244597025 0.4 1 454.255591858546
34 0.007475597024 0.196875 1 454.255822828832
97 0.007006855843 0.4 1 458.255360512679
1 0.007289855842 0.4 1 458.255643500563
40 0.007174039773 0.4 1 459.255533186651
68 0.007291369616 0.796875 1 472.255638217226
96 0.007238428142 0.7 1 473.255586147455
17 0.006961475484 0.7 1 477.255313156784
35 0.007218475483 0.948438 1 477.25557029889
14 0.007182043554 0.775 2 480.255533755095
77 0.007078614986 0.599219 2 481.255432888462
1 0.007322614985 0.775 2 481.255676981387
34 0.007605614984 0.198438 2 481.255960049452
51 0.006988999998 0.6 2 482.255338676322
92 0.007103833281 0.7875 2 488.255453235581
72 0.006966400918 0.971875 2 493.255325895812
7 0.007210400917 0.6 2 493.255569909714
73 0.007136726901 0.79375 2 504.25548779524
94 0.007141776191 0.79375 2 509.255488847828
24 0.007014999998 0.59375 2 514.255363675664
46 0.006985511427 0.6 2 524.255342195328
55 0.006912482259 0.7 2 532.255266165215
2 0.007059642333 0.6 2 533.255407911287
86 0.007264642332 0.6 2 533.255613043681
52 0.007229362237 0.79375 2 541.255588552899
7 0.007447362236 0.6 2 541.255806454904
88 0.007164151184 0.75 2 544.255516334517
46 0.007182097458 0.775 2 546.255536155308
66 0.006917403135 0.985938 2 547.255273945527
11 0.007187403134 0.4 2 547.255544121337
97 0.007431403133 0.4 2 547.255787852868
49 0.007018742901 0 2 548.255368491394
94 0.007159453735 0.799609 2 552.255514871896
67 0.007112870749 0.992188 2 553.255469537752
9 0.007052226993 0.4 2 554.255406514562
90 0.006949468158 0.796875 2 559.255306116177
39 0.00721743365 0.598438 1 563.255568981372
60 0.007231103323 0.974609 1 566.255588469558
72 0.006937597161 0.986719 1 586.255323323876
21 0.00715559716 0.2 1 586.255541166393
93 0.007126788732 0.7 1 592.255519420631
36 0.007195392851 0.992969 1 602.255543489814
68 0.007144383555 0.996484 1 604.255494712093
