38 0.049302409118 0 2 22.056419909983
6 0.049132138704 0 2 25.056252973814
46 0.049242511828 0 2 26.056363646535
57 0.049310960835 0 2 29.056432027625
61 0.04908703846 0 2 41.056208183194
15 0.049370038459 0 2 41.056491197203
85 0.049129452919 0 2 43.056254407529
63 0.049105520427 0 2 47.056226665296
45 0.049362520426 0 2 47.056483664126
95 0.049178557497 0 2 48.056297120412
25 0.049305905779 0 2 51.0564270438
71 0.049250919776 0 2 58.056506911476
39 0.049151846424 0 2 59.056272782435
62 0.049343846423 0 2 59.056464793357
69 0.049107115552 0 2 60.056228268023
49 0.049207041165 0 2 61.056437249536
61 0.049073730581 0.1 2 63.056194894312
15 0.04931773058 0 2 63.056438581445
8 0.049001302577 0 2 64.056231823242
79 0.049258302576 0 2 64.056488855959
26 0.049108339811 0 2 67.056344304162
60 0.049289699667 0 2 68.056410833301
95 0.049061049475 0.1 2 70.05630981884
65 0.049285152671 0 2 71.056406301592
53 0.048926069544 0 2 73.056175262791
24 0.049179987386 0 2 79.056400214577
29 0.049100374269 0 2 80.056221499426
69 0.048985037752 0.5 2 82.056218270177
96 0.049045265597 0 2 89.056166407483
87 0.049289571887 0.1 2 90.056410516354
27 0.049533571886 0 2 90.056654503483
75 0.049230633261 0 2 92.056351751759
3 0.049066684448 0 2 96.05618764991
17 0.049284684447 0 2 96.056405587326
35 0.049247697502 0 2 98.05636880645
70 0.049240462694 0.1 2 108.05636160323
4 0.049337160492 0 2 111.056458315809
0 0.049222200816 0.7 2 116.056343327397
80 0.049377662244 0.1 2 117.05649882114
16 0.049997852282 0 2 120.057119017533
79 0.049410202941 0.1 2 121.056527155538
69 0.049131065038 0.946875 2 123.056252220547
18 0.049362065037 0 2 123.056483207471
93 0.049156713422 0 2 124.056278776464
24 0.049318163727 0 2 125.056439303953
58 0.0490753015 0.6 2 130.0561995318
86 0.049280301499 0.1 2 130.056404575419
13 0.049177657958 0.4 2 131.05629876353
50 0.04909572962 0 2 133.056211943989
97 0.049339729619 0.1 2 133.056455956591
17 0.049143427487 0 2 137.056264592408
0 0.049141724378 0.798437 2 138.056265242647
80 0.049387267702 0.15 2 139.05651150386
16 0.049254027234 0.6 2 142.056378204982
45 0.049313539776 0.6 2 143.056434702825
54 0.049122632295 0 1 146.056243781949
48 0.049122501754 0 1 152.056243626661
44 0.049249398442 0 1 153.056373331228
88 0.049293534453 0.15 1 158.056414694377
38 0.049324089247 0 1 162.056445228635
57 0.049303999998 0 1 165.056419141249
20 0.049306649516 0 1 167.056429824281
33 0.049563649515 0.6 1 167.056686710796
51 0.049062374586 0.7 1 168.056177230406
6 0.049306374585 0 1 168.056421154365
99 0.049256669217 0.15 1 173.056379594095
66 0.0491286288 0.15 1 176.056251614299
93 0.049209415224 0.45 1 181.056330246622
38 0.04936280041 0 1 184.056483650961
57 0.049336806598 0 1 187.056457719151
68 0.049131804097 0.15 1 188.05625291813
30 0.049088069481 0.7 1 191.056209218252
20 0.04937106948 0.4 1 191.056492202308
67 0.04921679082 0.15 1 194.056337832005
99 0.049258345805 0.875 1 195.056379267629
69 0.049136048514 0.949609 1 197.056257133947
64 0.049347084871 0.15 1 203.056468092357
29 0.049126336591 0 1 205.05624742407
62 0.049239531848 0.1 1 206.056360657377
81 0.049174505871 0.575 1 210.05629898133
46 0.049242413737 0.4 1 211.056363450353
32 0.049236488766 0 1 214.056357494482
12 0.049171584497 0.775 1 217.056292594665
40 0.049441584496 0 1 217.056562467556
96 0.049063345521 0.85 1 218.056184470948
41 0.04933334552 0.4 1 218.056454390191
15 0.049372999441 0 1 224.056494119166
74 0.049150688675 0.175 1 225.056269113512
3 0.049063055964 0.75 1 229.056187748133
73 0.049320055963 0.575 1 229.056444849996
88 0.049345512221 0.175 1 233.056466649913
17 0.049100635012 0.4 1 238.056225533812
91 0.049099065187 0.5 2 241.056224085949
27 0.049330065186 0 2 241.056455058678
29 0.04910029442 0 2 242.056221339728
28 0.049154552641 0.4 2 244.056279733077
10 0.049087337192 0 2 251.056208390751
80 0.049578337191 0.175 2 251.056699455171
75 0.04917570001 0.875 2 252.056296637307
56 0.049445700009 0.7 2 252.056566613611
55 0.049149407322 0 2 257.056270534003
84 0.049058640929 0.775 2 261.056179678034
31 0.049341640928 0.4 2 261.056462729885
40 0.049221091877 0.4 2 263.05634219379
32 0.049210614501 0.6 2 266.056331745952
9 0.04905245104 0 2 269.056173617366
43 0.04916805262 0.7 2 272.056289209617
79 0.049224897907 0.925 2 281.05634588936
64 0.049494897906 0.94375 2 281.056615838255
90 0.049278918576 0.4 2 287.056400014788
51 0.049098167739 0.7 2 288.056219324955
17 0.049115288269 0.4 2 290.056238469152
82 0.049275800733 0.575 2 291.056396961951
14 0.049302585651 0 2 296.056425522651
8 0.049167755062 0 2 298.056289225664
50 0.049057251397 0.775 2 299.056180282519
83 0.050419027447 0.175 2 300.057543067434
84 0.049129824475 0.98125 2 301.056246965906
19 0.049154274218 0 2 302.05627186104
58 0.050308584638 0.6 2 303.057432465658
92 0.049297168724 0.2 2 304.056414375848
32 0.049236988372 0.75 2 305.056354802773
52 0.049493988371 0 2 305.056611683163
66 0.049141489892 0.94375 2 308.056264676205
90 0.049282022531 0.4 2 309.056400070542
42 0.049134366556 0.6 1 311.056257531902
70 0.049417366555 0.775 1 311.056540506801
17 0.049159587288 0.6 1 312.056276963668
76 0.049069416649 0.94375 1 317.056192500865
14 0.049229371278 0.7 1 318.056347055477
81 0.049149821735 0.775 1 323.056272976118
10 0.049090648734 0.4 1 326.056213704674
82 0.049325730248 0.79375 1 329.056448776669
98 0.049266449741 0.79375 1 335.056383763709
28 0.049135024935 0.75 1 341.056253553247
74 0.049089928884 0.1875 1 343.056211044545
27 0.049320928883 0.6 1 343.056442005636
35 0.04930222774 0.4 1 344.056420796212
7 0.04908170749 0.6 1 351.056202861564
6 0.049067384012 0.775 1 352.05618846443
75 0.04924367361 0.9375 1 358.056364832457
98 0.049262470973 0.971875 1 361.056383316509
80 0.049315035913 0.990625 1 365.05643381523
3 0.049118639183 0.796875 1 366.056239725515
35 0.049310639182 0.4 1 366.056431795542
8 0.049142117971 0.4 1 369.056263282878
81 0.04921401463 0.896875 1 375.05633509087
7 0.049497014629 0.75 1 375.056617880154
94 0.049305642773 -0.2 1 376.056426657548
21 0.049340219488 0.6 1 378.056464000922
58 0.049108904192 0.6 1 379.056229893828
84 0.049365904191 0.98125 1 379.056486816338
90 0.049278968197 0.4 1 382.05640011403
52 0.049299604086 0 1 383.056420702319
36 0.049146079314 0.7 1 389.056267059366
23 0.049377079313 0.4 1 389.056498064146
54 0.049125000608 0.6 1 395.056243715731
59 0.049312460055 0.7875 1 396.056433608132
60 0.049266187072 0.946875 1 398.056384763769
22 0.049280475732 0.4 1 404.056399178124
75 0.049232841075 0.984375 1 407.056351580341
67 0.049291887058 0.19375 1 416.056413015302
1 0.049535887057 0.4 1 416.056656838829
3 0.049069626438 0.799609 1 421.056190122304
77 0.049178954585 0.596875 1 422.056300085823
13 0.049138988942 0.7 1 424.056259756106
32 0.049161629621 0.75 1 431.056282739934
78 0.04944462962 0.796875 1 431.056565703175
84 0.049074336257 0.996094 1 449.056195446502
34 0.049082322867 0.7 1 455.056203379286
89 0.049216645028 0.898438 1 456.05633768692
1 0.049521761444 0.4 1 458.056642879904
97 0.049199148632 0.996875 1 459.056320234391
47 0.049456148631 0.4 1 459.056577052461
40 0.049208055512 0.4 1 461.05632912106
68 0.049131709625 0.198438 1 471.056252729186
96 0.049097152109 0.94375 1 474.056218048078
17 0.049380152108 0.7 1 474.05650116974
35 0.049260669647 0.6 1 476.05638175074
77 0.049197346898 0.599219 1 481.056312696021
34 0.049086961587 0.7 1 482.056208103625
14 0.049356961586 0.75 1 482.056478005145
1 0.049626961585 0.4 1 482.05674803484
51 0.049017999998 0.775 1 485.056141085877
92 0.049304377151 0.5 1 488.056427455672
72 0.049084994401 0.796875 1 492.056206155918
7 0.049111518078 0.79375 1 494.056228723852
73 0.049171815184 0.799219 1 504.056292961786
94 0.049126585313 0.4 1 509.056249860198
24 0.049264999998 0 1 514.056387299225
46 0.049190539005 0.7 1 524.056311700889
55 0.049200581765 0 1 529.056322563929
2 0.049285506067 0 1 530.056406625047
86 0.049181566075 0.198438 1 532.056303648558
52 0.049338643177 0.7875 1 539.056459780501
7 0.049065877032 0.8 1 541.056186823672
97 0.049348877031 0.999414 1 541.056470008479
88 0.049280504116 0.899219 1 542.056401633703
66 0.04909162665 0.998828 1 544.056212755591
46 0.049255521006 0.7 1 546.056376664891
49 0.049303191879 0.6 1 549.056424312634
11 0.049259525577 0.75 1 550.056380562826
94 0.049125894657 0.5 1 553.056247018462
67 0.049395894656 0.799219 1 553.056517039678
9 0.049136057078 0.75 1 554.056251615672
90 0.049330948375 0.5875 1 559.056452074386
39 0.049186300517 0.4 1 563.05630181964
60 0.049276649202 0.949219 1 568.056397732371
21 0.049098023032 0.7875 1 584.056219129283
72 0.049084962045 0.99834 1 587.056206091206
93 0.049196743425 0.59375 1 592.056317903024
36 0.049139703811 0.799951 2 602.056260835106
