38 0.045722339221 0 2 21.557832261698
5 0.04592733922 0 2 21.55803710965
6 0.046210339219 0 2 21.558320052553
46 0.045811204532 0 2 25.557921119326
57 0.045823511115 0 2 29.55793331315
61 0.045716657069 0 2 41.557816996022
15 0.045999657068 0 2 41.558100010176
85 0.045869239205 0 2 43.557978980814
45 0.045711020806 0 2 46.55782094451
63 0.045705988524 0 2 47.557806069835
95 0.045693116951 0 2 48.557802854036
25 0.045834014566 0 2 50.557934089746
71 0.045929892745 0 2 57.558039791097
39 0.045786977316 0 2 58.55789669214
62 0.046043977315 0.4 2 58.558153696367
49 0.045785876652 0.1 2 59.557886136332
69 0.045914296464 0 2 60.55802418391
15 0.046094311883 0 2 64.558203928489
79 0.045808690484 0 2 66.557918369076
8 0.046091690483 0 2 66.558201336884
26 0.045671290151 0 2 70.557781055495
60 0.04592829015 -0.1 2 70.558038069072
95 0.046211290149 0 2 70.558320898099
65 0.045741999998 0 2 71.557843406998
53 0.045644507565 0 2 73.557754386461
24 0.045784062169 0 2 77.557885305664
29 0.045789488679 0 1 79.557899393847
49 0.045756079314 0.1 1 81.557860118336
27 0.045695979679 0 1 86.557797073103
87 0.045939979678 0 1 86.558041087578
61 0.045743313548 -0.1 1 88.557853194859
96 0.046000313547 0 1 88.558110235521
17 0.0456783966 0 1 90.5577820975
3 0.045596378905 0 1 94.557697120206
75 0.045827378904 0 1 94.557928097503
35 0.04556030679 0 1 97.557661022651
69 0.045923541053 -0.1 1 100.558024175472
70 0.045768217647 0.8 1 107.55787221285
4 0.045766252558 0.4 1 111.557876142657
0 0.045641346251 0.4 1 115.55774201844
80 0.04573864986 0 1 117.557842715555
16 0.045874634946 0 1 120.557975223741
3 0.045612086311 0.75 1 121.557712928022
79 0.04589508631 0.5 1 121.55799579423
69 0.045889189634 -0.1 1 122.557999080105
93 0.045740396521 0 1 123.55784083891
18 0.04602339652 0 1 123.558123840045
24 0.045840385241 0.6 1 124.557950305586
58 0.045625198734 0.3 1 128.557735106395
86 0.045698606118 0 1 129.557799039515
13 0.045611524168 0 1 130.55772140923
97 0.045611426648 0 1 136.55772114846
50 0.045881426647 0.25 1 136.557991134732
80 0.045929498742 0.4 1 139.558039278525
17 0.045685060924 0 1 140.557794827486
16 0.045852021958 0 1 142.557961620387
45 0.045645994919 0.1 1 143.557755892736
54 0.045780323581 0.55 1 146.557890208205
48 0.045761743196 0.15 1 151.55787164821
44 0.045705829559 0.15 1 153.557809374692
88 0.045709762911 0.4 1 158.557819657778
38 0.045712194309 0 1 161.557822113679
6 0.045886009491 0 1 162.557989323173
33 0.045680612695 0 1 164.557790518144
51 0.04582850623 -0.1 1 165.557931804976
57 0.046098506229 -0.1 1 165.558201824465
20 0.045661017768 0 1 167.557770901563
99 0.045655357859 0 1 171.557763506711
66 0.04587840356 0.25 1 174.557988286827
93 0.045717654884 0.6 1 181.557818913245
38 0.045685882926 0.4 1 183.557795490913
68 0.045773756333 -0.15 1 187.557883650298
57 0.046043756332 -0.1 1 187.558153447165
20 0.045595957135 0 1 189.557705780297
67 0.04569170617 -0.15 1 192.557801571576
30 0.045883706169 0 1 192.557993545126
99 0.045652680283 0.4 1 193.557762932381
69 0.045875319667 -0.15 1 195.557985230316
64 0.045648871902 -0.15 1 199.557759194943
29 0.04581549577 0 1 203.557925408029
62 0.045795559829 0.3 1 205.557905911996
46 0.045784641184 0.15 1 208.55789510089
81 0.045891767145 0 1 209.558001666412
32 0.045815411247 0 1 210.557920531851
40 0.045728999998 0.15 1 211.557837211382
12 0.045722850771 0.6 1 213.557827959039
41 0.045625697969 0.15 1 215.557735612714
96 0.045862222838 0 1 217.557970202472
15 0.045909512943 0.6 1 223.558012022425
74 0.045869349761 0.175 1 226.557971542051
3 0.045594716021 0.7875 1 229.557696928372
73 0.04586471602 0.175 1 229.557967027482
88 0.04568591342 0.4 1 232.557793703582
17 0.045732966896 0.7 1 237.557834125792
29 0.045968948203 0.6 1 241.558070202756
27 0.045700797548 0 1 244.557801599021
56 0.045978002434 0.2 1 246.558083101842
91 0.045888745883 0 1 247.557998400096
10 0.045869150846 0.4 1 248.557979134171
75 0.045597220342 0.9375 1 249.557702186692
28 0.045828220341 0 1 249.557933056241
80 0.045706825854 0.4 1 250.557816723663
55 0.045734873273 0.2 1 256.557844779855
84 0.045759173308 0 1 258.557867103369
31 0.045749356152 0 1 259.557859270365
40 0.045741999998 0.8875 1 262.55785021605
32 0.04581240386 0.775 1 265.557920516827
9 0.045603897074 0 1 269.557713798278
43 0.045865136919 0.175 1 272.557975028703
64 0.045586697416 -0.2 1 276.557694140281
79 0.045813205049 0.575 1 277.557921196581
90 0.045799201408 0 1 285.557906924579
51 0.045813695627 -0.2 1 288.557921525559
17 0.045686568701 0.7 1 289.55779506078
82 0.045681084104 0 1 291.55778354202
14 0.045690646907 0 1 295.55779925742
8 0.04579781161 0 1 297.55790041951
19 0.045876737028 0 1 300.557979420191
84 0.045896961242 0 1 301.558005207715
55 0.046179961241 0.2 1 301.558288499512
58 0.04595053201 0.4 1 303.55806040483
83 0.04581104072 0 1 304.557917235082
50 0.046029040719 0.5 1 304.558135187093
92 0.045560776753 0.4 1 305.557673387743
32 0.045906743004 0.7875 1 306.558016591
90 0.046061076897 0.6 1 307.558167497788
52 0.045693403155 0.2 1 308.557792991074
66 0.045976403154 0.4 1 308.558076169146
70 0.0457102894 0.925 1 309.55782020693
42 0.04566539234 0.5875 1 310.557775289683
17 0.045697902349 0.7 1 311.557807510336
76 0.045841764575 0.1875 1 314.557951677551
14 0.045663122307 0 1 317.5577727452
19 0.04568376466 0 1 322.557793483115
81 0.045901764659 0.4 1 322.558011661441
10 0.045809928453 0.6 1 324.557919807436
82 0.045699643379 0.4 1 327.557809536978
98 0.04561286997 0 1 333.557722763626
28 0.045748599718 0 1 339.557858490606
27 0.045694145959 0 1 341.557804611787
74 0.04561640566 0.1875 1 342.557726301388
35 0.045611768239 0.4 1 343.557713012359
6 0.0458268556 0.7 1 350.557937345467
7 0.045712335047 0.4 1 351.557822223922
75 0.045646981045 0.98125 1 358.557747998286
98 0.045621348181 0 1 361.557722210662
3 0.045813762625 0.796875 1 365.557918003338
80 0.045689999998 0.6 1 366.557790619245
8 0.045838845749 0 1 369.557939386372
6 0.045862928361 0.7 1 372.557963372415
81 0.046067572078 0.4 1 375.558167916056
7 0.046118275237 0.4 1 377.558227957253
94 0.045665585427 0.7875 1 379.557773235045
58 0.045896585426 0.4 1 379.558004330376
84 0.045806438042 0 1 380.557916053694
21 0.046011438041 0.6 1 380.558121225306
52 0.045697910623 0.2 1 381.557798618579
90 0.045851104783 0.7 1 382.557958843735
36 0.045869329841 0 1 389.557981719194
23 0.04610032984 0 1 389.55821272348
54 0.045782503483 0.55 1 394.557890231779
59 0.045679038602 -0.2 1 396.557788921659
60 0.045762968342 0.2 1 397.5578706761
22 0.045849983547 0.7 1 403.557957818855
75 0.045588881611 0.990625 1 404.557696016004
1 0.04585512361 0 1 411.55796503066
67 0.045715999998 -0.2 1 415.557826625033
3 0.045641623431 0.796875 1 421.557749089078
77 0.04589862343 0.596875 1 421.558006369992
13 0.045572520936 0 1 423.557682402766
75 0.045651015921 0.992188 1 426.557760821162
78 0.045914199332 0.196875 1 429.558024097483
32 0.045875185538 0.7875 1 430.557985474413
67 0.045755607198 -0.2 1 437.557865405687
84 0.045770181549 0.4 1 448.557880071855
34 0.045940138816 0 1 454.558049975073
97 0.045595734768 0 1 457.557705645284
1 0.046021734767 0 1 457.558131633272
89 0.045729743536 0 1 458.557841656082
47 0.045960743535 0.598438 1 458.558072642441
40 0.045766342112 0.973437 1 459.557876231728
68 0.045717285731 -0.2 1 468.557827173867
96 0.04592228573 0.7 1 468.558032179887
17 0.045724180568 0.7 1 471.557834066774
35 0.045629151321 0.798437 1 474.557739057569
14 0.045700081182 0 1 479.557812324912
34 0.045855618216 0 1 481.557965495087
77 0.046099618215 0.899219 1 481.558209333419
1 0.046356618214 0 1 481.558466426747
51 0.045874183091 -0.2 1 482.557986556791
92 0.045553085835 0.7 1 488.557662971346
7 0.045692262278 0.7 1 492.557802172197
72 0.045936262277 0.948438 1 492.558046158533
73 0.045721498529 0.985938 1 504.557831379915
94 0.045689874768 0.798437 1 509.557792045784
24 0.045775382729 0.6 1 513.557885300562
46 0.04576684203 0.599219 1 524.55786908329
55 0.045676999998 0.5 1 528.557779810177
2 0.045583428536 0.4 1 529.557693327532
86 0.045741124097 0 1 532.557851021917
52 0.045701689893 0.2 1 538.557811607289
97 0.04563468441 0.4 1 540.557737138272
7 0.045704053911 0.7 1 543.55780630284
88 0.045711986365 0.75 1 545.557819070619
66 0.045942986364 0.596875 1 545.558050159014
11 0.045882392711 0 1 547.557992299871
49 0.045724208173 0.949609 1 548.557834108816
94 0.045695166167 0.799902 1 552.557805069888
67 0.045698567279 -0.2 1 553.557800568365
9 0.045629896104 0.4 1 554.557739796338
90 0.045809988508 0.796875 1 558.557919894609
97 0.045619538777 0.4 1 562.557723770946
39 0.045708949304 0.7 1 563.557821608908
60 0.045771107738 0.5 1 566.557883735264
21 0.045877054223 0.6 1 583.557986940469
72 0.045848275258 0.996484 1 586.557958184494
93 0.045696601816 0.6 1 592.557806496327
36 0.045848785031 0.4 1 601.557958696262
68 0.045698548 -0.2 1 604.557808439151
5 0.045861175448 0 1 605.557971076509
