38 0.029094185418 0 2 21.554959596062
6 0.028911938872 0 2 24.554777030424
46 0.028865882661 0 2 25.554731285622
57 0.029031908623 0 2 29.554897198825
85 0.029303002624 0 2 43.5551682324
61 0.02900747234 0 2 45.554875539461
15 0.029290472339 0 2 45.555158554929
45 0.029117604312 0 2 46.554983016183
63 0.028951229478 0 2 47.554811080984
95 0.029094443197 0 2 48.554955127407
25 0.029023665727 0 2 50.554883485033
62 0.028928078993 0 2 54.554794361836
39 0.029198078992 0 2 54.555064367717
71 0.029058405828 0 2 57.554924605854
49 0.02888803433 0 2 59.554755438015
69 0.029046219643 0 2 60.554912380394
8 0.028917310753 0 2 63.554783589379
79 0.029099152555 0 2 64.55496031964
60 0.028854874805 0 2 67.554715927035
15 0.029265681385 0 2 67.555126492147
26 0.029548681384 0 2 67.555409719699
95 0.029019342375 0 2 70.554889869137
65 0.028999461667 0 2 71.554864833552
53 0.029177790861 0 2 73.555048389555
24 0.029065907904 0.5 2 77.554931316455
29 0.029074262176 0 2 79.554944895695
49 0.028900296499 0.3 1 81.554768420019
87 0.029113154977 0 1 88.554974048871
61 0.029396154976 0 1 88.555257164489
17 0.029173187555 0 1 90.555041629652
75 0.029119602498 0 1 91.554981864683
27 0.029389602497 0 1 91.555251597778
96 0.028865315097 0 1 93.554728920944
3 0.029109315096 0 1 93.554973053404
35 0.029041997771 0 1 97.554902912703
69 0.029100140767 0.1 1 100.554964371956
70 0.028882719739 0 1 107.554742745818
4 0.028862367502 0.1 1 111.554730378265
0 0.028905309284 0 1 115.554767444299
80 0.029155465597 0 1 117.555023778208
16 0.028974190823 0 1 120.554835273962
3 0.028973657749 0 1 121.554843073263
79 0.029256657748 0.1 1 121.555125939471
69 0.029271523364 0.9 1 122.555131571615
24 0.029243848413 0.75 1 124.55511336165
93 0.028987121102 0 1 127.55484497354
18 0.029270121101 0 1 127.555127976936
58 0.028820715018 0 1 128.554691395827
86 0.028869606987 0.4 1 129.554730394785
13 0.029080665709 0 1 130.554938822402
97 0.029093877974 0 1 136.554959146823
50 0.029363877973 0 1 136.555229133095
0 0.028830989167 0 1 137.55470104433
17 0.029113989166 0 1 137.554984124972
80 0.029115643689 0.4 1 139.554984550264
16 0.028965930851 0 1 142.554834670608
45 0.02915942029 0.6 1 143.555021964409
54 0.028925848201 0.75 1 146.554788407856
48 0.029034869616 0 1 151.554903097087
44 0.028997999998 0.1 1 153.554861916061
88 0.029090940615 0 1 158.554956765348
38 0.028888995395 0 1 161.554754800141
6 0.028968450428 0 1 162.554832189046
57 0.029226871386 0 1 165.555097576216
20 0.028878396893 0 1 167.554738640622
51 0.029083916265 0 1 168.554954337609
33 0.029366916264 0 1 168.555237356083
99 0.028947644625 0.15 1 171.554818147619
66 0.029091641893 0.4 1 174.554962106187
93 0.028954777089 0 2 181.554821404755
38 0.028941081221 0.7 2 183.554806177375
68 0.028901893867 0 2 187.554769368967
57 0.029184893866 0 2 187.555052165834
20 0.028912459097 0.6 2 189.554777770426
99 0.029162722344 0.175 2 193.555032000367
30 0.02897214892 0.4 2 194.554837388056
67 0.029164148919 0 2 194.555029413714
69 0.029060027984 0.9 2 195.5549254268
64 0.029036796553 0.15 2 199.554906287736
29 0.029001509451 -0.15 2 203.554866909877
62 0.028930458121 0 2 205.554792569833
46 0.028947168856 0 2 208.554809267186
81 0.028879974197 0 2 209.554745361631
32 0.028938125773 0 2 210.554798251725
40 0.029159937872 0.6 2 211.555022120002
12 0.02905581885 0.4 2 213.554919496724
41 0.028839375114 0 2 215.554704402911
96 0.028880999998 0 2 217.554745565916
15 0.029179314586 0.6 1 225.555044260949
74 0.029187193132 0.15 1 226.555051362045
73 0.028916097 0.4 1 227.554780957883
3 0.029134096999 0 1 227.554998851186
88 0.02917054912 0 1 232.555034811152
17 0.029015017112 0 1 237.554883156731
29 0.029151195073 -0.2 1 241.555016508352
27 0.029211414348 0.6 1 244.555069987838
56 0.02913137556 0.4 1 246.554992192057
91 0.028892123158 0 1 247.554757950144
75 0.029225027744 0 1 248.555090364908
28 0.02888483773 0.4 1 250.554750524245
10 0.02897568988 0 1 252.55484154379
80 0.029258689879 0.4 1 252.555124607767
55 0.029098793185 0.4 1 256.55496471877
84 0.028885280356 0.15 1 258.554751805469
31 0.029009706538 0 1 259.554875643565
40 0.029156205128 0.6 1 262.55502212467
32 0.029023220021 0 1 265.554889236701
9 0.029103938309 -0.2 1 269.554962990369
43 0.029144437463 0.4 1 272.555003399685
64 0.029053850053 0.875 1 276.554919233074
79 0.029083505455 0.175 1 277.554947341822
90 0.02887445554 0.4 1 285.554739864793
51 0.029026897132 0.4 1 288.554892277309
17 0.02898766719 0 1 289.554857091719
82 0.029080209551 0 1 291.554945593838
14 0.029062806924 0.575 1 295.554921001168
8 0.028899924148 0.6 1 297.554770608089
19 0.029004696786 0.2 1 299.554867329639
50 0.029274696785 0 1 299.555137316793
83 0.029022905672 0 1 300.554893441346
84 0.028931358512 0.175 1 301.554800817702
55 0.029201358511 0.775 1 301.555071109499
58 0.028845373887 0 1 303.554712059605
52 0.029223264407 0 1 305.555094084431
66 0.029075561259 0.6 1 306.554942101071
92 0.029142228212 0 1 307.555003241435
32 0.029145954559 0 1 309.555012544582
17 0.02913811748 0.4 1 311.555008341469
70 0.029125516119 0 1 314.554995648698
42 0.028855509748 0.4 1 316.554722737124
76 0.029138509747 0.6 1 316.555005919356
14 0.029063462809 0.5875 1 317.554933488948
19 0.029066842105 0.55 1 321.554926141513
81 0.028918971712 0 1 322.554784356661
10 0.028947880623 0 1 324.554807348681
82 0.029099090907 0 1 327.554958588796
98 0.029025863809 0 1 333.554885430021
28 0.028857551749 0.4 1 339.554717379054
27 0.028959956835 0.75 1 341.554824084825
74 0.028973773445 0.79375 1 342.554838806966
35 0.029107845503 0 1 343.554967902411
6 0.028901569788 0.4 1 350.55476721134
7 0.029097458037 0 1 351.554962225099
75 0.029123635312 0.6 1 358.554984764603
98 0.028997999998 0.7875 1 361.554858877057
3 0.028980625726 0 1 366.554841657631
80 0.029237625725 0.6 1 366.555098681897
8 0.028830400108 0.6 1 369.554691387867
6 0.028887551554 0.4 1 372.554754238288
7 0.029286624829 0 1 375.555151119888
81 0.029367670812 0.75 1 377.555227152688
58 0.029027171922 0.4 1 378.554891678044
94 0.029271171921 0.175 1 378.555135576029
84 0.028889488966 0.7875 1 380.554748755794
21 0.029120488965 0.4 1 380.554979927406
52 0.02899112018 0 1 381.554851782386
90 0.028812999999 0.6 1 382.55467836883
36 0.02900041509 0 1 385.554861206987
23 0.029270415089 0 1 385.55513121346
54 0.028948627829 0.946875 1 394.55481443143
59 0.028899526325 0.596875 1 396.554760726159
60 0.028872343754 0 1 397.554742182166
22 0.028838554287 0 1 403.554704396534
75 0.029086186041 0.6 1 404.554945782321
1 0.028855439142 0 1 411.554717395216
67 0.02899167631 0.6 1 415.554851195425
77 0.028981470525 0 2 421.554846869852
3 0.029264470524 0.4 2 421.555129588936
13 0.02907783278 0.6 2 423.554938815938
75 0.029084548194 0.6 2 426.554945587479
78 0.029166999998 0 2 429.555029014385
32 0.028984815897 0 2 430.554850194287
67 0.028955463573 0.6 2 437.554824976079
84 0.028886395482 0.79375 2 448.554751773955
34 0.028986541099 0.196875 2 454.554851865523
89 0.02903867572 0.79375 2 455.554903985375
47 0.029295675719 0.4 2 455.555160976951
1 0.028927735908 0.4 2 457.55479312258
97 0.029158735907 0.7 2 457.55502413459
40 0.02918335395 0.6 2 459.555048140348
17 0.029072723107 0.4 2 471.55493809748
68 0.028858624185 0 2 472.55471720652
96 0.029115624184 0 2 472.554974210207
35 0.029102553206 0.75 2 474.554967947621
14 0.029021917602 0.596875 2 479.55488206866
1 0.029070589686 0.4 2 481.554929379792
34 0.029340589685 0.198438 2 481.555199448129
77 0.029584589684 0 2 481.555443286461
51 0.029084014021 0.4 2 482.554944308541
92 0.028915756539 0 2 488.554775677727
7 0.029023999998 0 2 492.554893039757
72 0.029280999997 0.4 2 492.555150026093
73 0.028867176273 0.4 2 504.554735967253
94 0.029023999998 0.19375 2 509.554883834321
24 0.029065905353 0.899219 2 513.554931311353
46 0.028897493526 0.4 2 524.554757249586
55 0.029101650681 0.79375 2 528.554964749092
2 0.029035165649 0 2 529.554900552812
86 0.028825999999 0.6 2 532.554691385986
52 0.029051365533 0 2 538.554916771096
97 0.029099109425 0.7 2 540.554962136635
7 0.029042330972 0.6 2 542.554904501413
88 0.029325330971 0 2 542.555187704391
66 0.029099003519 0.7 2 543.554962157291
11 0.029157513465 0 2 547.555017492326
49 0.028867727418 0.5 2 548.554730388809
94 0.029018466537 0.196875 2 552.554883858425
67 0.028892561728 0.6 2 553.554760138757
9 0.02909022291 0.2 2 554.554949988429
90 0.028887440555 0.6 2 558.554752834823
97 0.029120811373 0.7 2 562.554987769309
39 0.029090780245 0.2 2 563.554950340982
60 0.028895530853 0.6 2 566.55475524133
21 0.028905853607 0.4 1 583.55477122802
72 0.029170654651 0.4 1 586.555036052054
93 0.028982605159 0 1 592.554847987837
36 0.029005979084 0.7 1 601.554871378482
68 0.028858838902 0.4 1 604.554717379317
5 0.028932999998 0 1 605.55480332538
