6 0.03023085594 0 2 21.557709352452
46 0.029957249539 0 2 27.557444365986
38 0.030162249538 0 2 27.557649211505
57 0.030006771066 0 2 29.557486618915
15 0.030100481162 0 2 43.557581024437
85 0.029891027167 0 2 44.557372871091
61 0.030135027166 0 2 44.557616917296
45 0.02994499332 0 2 46.557421455122
63 0.029908787497 0 2 47.557390683572
95 0.02998457904 0 2 48.557463099303
25 0.030191755269 0 2 50.557668407164
71 0.029957050201 0 2 57.557441191772
39 0.030051196716 0 2 58.557532326714
62 0.030295196715 0 2 58.557776330941
49 0.030046521604 0 2 59.557523098755
69 0.029847665721 0 2 60.557331670623
8 0.029966692163 0.1 2 63.557450662797
79 0.02998678404 0 2 64.557468499027
15 0.02987667839 0.4 2 65.557359713734
26 0.029831424689 0 2 70.557315120414
95 0.030036424688 0 2 70.557519963019
60 0.030319424687 0 2 70.55780313399
65 0.029993259721 0 2 71.557471433834
53 0.030121331136 0 2 73.557599411849
24 0.030167999998 0 2 77.557656013324
29 0.029944804802 0 1 79.557422182405
49 0.030044392178 0.3 1 81.557523080759
87 0.029861566667 0 1 85.557339259747
27 0.030118566666 0 1 85.557596244951
61 0.029855999998 0 1 89.557336130484
96 0.030086999997 0 1 89.557567170891
17 0.030037999998 0 1 90.557518909218
75 0.030007280413 0 1 94.557491569721
3 0.030277280412 0.1 1 94.557761592422
35 0.03012449662 0 1 97.557600890656
69 0.029936841883 0.5 1 100.557413212929
70 0.029984622101 0 1 107.557471742948
4 0.030022926833 0 1 111.557504862559
0 0.029998444736 0 1 115.557477134408
80 0.02986497084 0 1 117.557344676932
16 0.030026284204 0 1 120.557514648874
79 0.029979094274 -0.1 1 121.557461213135
3 0.030236094273 0.1 1 121.557718346925
18 0.030153026497 0.1 1 122.557631732107
93 0.029926449003 0 1 123.5574134509
24 0.030140275074 0.15 1 124.557617013246
58 0.030082330225 -0.15 1 128.557570151645
86 0.030060781593 0 1 129.557549139045
13 0.029999582402 0.1 1 130.557476049762
50 0.029961251252 0 1 136.557437687318
97 0.030218251251 0 1 136.557694701044
80 0.029902730914 0.75 1 139.557379371043
17 0.030031056668 0 1 140.557518639204
16 0.030074663913 0 1 142.55755304552
45 0.029894562272 0.4 1 143.557382403348
54 0.029869681039 0.55 1 146.557349901812
48 0.030090312485 -0.15 1 151.557569000677
44 0.030081058839 -0.1 1 153.557562822329
88 0.029971580003 0 1 158.557450258048
38 0.029934711028 -0.15 1 161.557413413576
6 0.029985335833 0 1 162.557466144994
33 0.03019970657 -0.15 1 165.55767834994
57 0.029972184111 0 1 166.557457923842
51 0.03021618411 0 1 166.557701904907
20 0.029887248748 0 1 167.557375618998
99 0.029972999998 0.25 1 171.557461012768
66 0.029954472391 0 1 174.557442325049
93 0.029921118499 0.5 1 181.557399904292
38 0.029925396925 0.2 1 183.55741279081
68 0.029989376576 -0.15 1 187.557476050534
57 0.030063999998 0 1 188.557551482469
20 0.029887891252 0 1 189.557375497732
67 0.029896164627 0 1 191.557383957141
30 0.030179164626 0.4 1 191.557666930465
99 0.029976426868 0.5 1 193.557460438438
69 0.029925464302 0.6375 1 195.557413267773
64 0.029962007417 -0.15 1 199.55743924605
29 0.02994350115 0.25 1 203.557422196587
62 0.030070107949 0.4 1 205.557548796604
46 0.029955589629 0 1 208.557434278383
81 0.030133536963 0 1 209.557612219408
32 0.029894137807 0.4 1 210.557378936116
40 0.029919383184 0.4 1 211.557402487928
12 0.030000579567 0 1 213.557484916528
41 0.02998894628 0 1 215.557468989538
96 0.030013539751 0 1 217.557492228378
3 0.030124752242 0.175 1 224.557604799071
74 0.030180072929 -0.2 1 226.557658643092
73 0.029904396128 -0.15 1 227.557385662311
15 0.030187396127 0.6 1 227.557668546197
88 0.029971602905 0.4 1 232.557450303852
17 0.030030734863 0 1 237.55751893751
29 0.029912529277 0.4 1 241.557391137567
28 0.029847047879 -0.2 1 244.557325721796
91 0.030130047878 0 1 244.557608566335
27 0.030400047877 0.4 1 244.557878538669
56 0.029942289917 0 1 246.557424744115
75 0.030041725993 0 1 247.557520403276
10 0.029888809216 0 1 248.557371793082
80 0.029865999999 0.75 1 250.557344680986
55 0.0301049226 0 1 256.55758361236
84 0.030104992832 0.2 1 258.557583492037
31 0.029951644573 0 1 259.557430341964
40 0.029949827641 0.4 1 262.557428492596
32 0.029852999999 0.4 1 265.557331694607
9 0.030090767704 0.5875 1 269.557575032428
43 0.030072077943 0.4 1 272.557549321188
64 0.029925278801 -0.2 1 276.557413191388
79 0.030017990034 -0.15 1 277.557494521209
90 0.030115398868 0 1 285.557601394549
51 0.029960790543 0.4 1 288.557446727566
17 0.030068156133 0 1 289.557544872498
82 0.030135947843 0 1 291.557616462109
14 0.029910001536 0.175 1 295.557394169805
8 0.029962518958 0.1875 1 297.557450681507
83 0.030030380547 -0.2 1 300.557508482677
84 0.030196934021 0.5 1 301.557681891653
55 0.03047993402 0.4 1 301.55796518345
19 0.029870455936 0.19375 1 303.55735145342
50 0.030397746457 0.6 1 305.557881369809
58 0.030371681937 -0.2 1 306.557852623567
52 0.030047126252 0 1 307.557526072505
90 0.030291126251 0.6 1 307.557770199804
92 0.03053512625 0.6 1 307.558014101257
70 0.030069199333 0.4 1 309.557558142762
66 0.030182164074 0 1 310.557666402881
17 0.030117895145 0.7 1 311.557601234379
32 0.029849490022 0.4 1 312.557336869377
42 0.030119490021 0.4 1 312.557607078804
76 0.030030230304 0 1 314.557513816966
14 0.02989733956 0.5875 1 317.557380657585
81 0.030119079413 0 1 322.557599214438
10 0.029935719329 0 1 324.557423703756
82 0.030139027728 0 1 327.557616457067
98 0.029868999998 -0.2 1 333.557347900166
28 0.029828140964 -0.2 1 339.557305674065
27 0.030089999998 0.4 1 341.557573277818
74 0.029991331945 -0.2 1 342.557475942252
35 0.030126625353 0.4 1 343.557613880364
6 0.030017087661 0.4 1 350.557505167288
7 0.030083626335 0 1 351.557569288302
75 0.030054725691 0.6 1 358.557533402672
98 0.029852999999 -0.2 1 361.557331400351
74 0.02996979909 -0.2 1 364.557448451282
3 0.030226799089 0.59375 1 364.557705493767
80 0.029926005129 0.775 1 365.557405895135
35 0.030131005128 0.6 1 365.557610895739
8 0.029948300047 0.596875 1 369.557437648369
6 0.030005270598 0.4 1 372.557492194236
94 0.029827960616 -0.2 1 373.557306626933
84 0.030331960615 0.5 1 373.557810652394
81 0.030317449853 0.6 1 375.557801053654
21 0.029959592192 0.4 1 377.55743663235
7 0.030177592191 0 1 377.557654333021
58 0.03042159219 -0.2 1 377.557898523695
52 0.029961359292 0 1 381.557444946608
90 0.030148649863 0.6 1 382.557627313705
36 0.030079725382 0 1 389.557556289851
23 0.030310725381 0.79375 1 389.557787294137
54 0.029800999999 0.55 1 394.557279679588
59 0.029993584998 -0.2 1 396.557479458362
60 0.029895055774 0.4 1 397.557375465167
22 0.030154265792 0 1 403.557634466453
75 0.03000273455 0.6 1 404.55748142039
1 0.03001828941 0 1 411.557507489484
67 0.029886472323 0.4 1 415.557365163663
77 0.029994610477 0.4 1 421.557473304815
3 0.030264610476 0.598438 1 421.557743023899
13 0.029973461145 0.596875 1 423.557450043298
75 0.029979904732 0.6 1 426.557468225548
78 0.029891367198 -0.2 1 429.557368195576
32 0.029848845895 0.4 1 430.5573316734
67 0.029933443522 0.6 1 437.557416944317
84 0.030156787039 0.55 1 448.557635460523
34 0.030073640417 -0.2 1 454.557552259852
89 0.029879816985 -0.2 1 458.557367477859
1 0.030279816984 0.4 1 458.557767635638
97 0.030114284185 0 1 459.557594441817
40 0.029907964255 0.4 1 460.557386592542
47 0.030151964254 0 1 460.557630352733
17 0.030216881448 0.7 1 471.557697759942
96 0.030012557196 0.4 1 472.557489248482
68 0.030256557195 -0.2 1 472.557733244793
35 0.030146159976 0.6 1 474.557626925574
14 0.029977032227 0.598438 1 479.557459237297
34 0.029818761388 -0.2 1 481.557304873245
77 0.030036761387 0.6 1 481.557522711577
1 0.030280761386 0.4 1 481.557766804905
51 0.029998005514 0.6 1 482.557485758798
92 0.029952070027 0.6 1 488.557432209472
7 0.030080495681 0.6 1 496.55756638849
72 0.03031149568 0.4 1 496.557797373583
73 0.029852999999 -0.2 1 504.557331664563
94 0.029899714282 -0.2 1 509.557380824851
24 0.030151307211 0.599219 1 513.557630008222
46 0.029946595114 0.6 1 524.557434260783
55 0.030108848052 0.4 1 528.557596642682
2 0.029941595187 0 1 529.557420277361
86 0.030096440449 0 1 532.557575121447
52 0.029979234744 0 1 538.557457935318
97 0.029990114731 0.6 1 540.557471771409
7 0.030186282318 0.6 1 543.557668148751
66 0.029970125433 0 1 547.557458984219
11 0.030253125432 0 1 547.557742159332
88 0.030484125431 0.5 1 547.557972899325
49 0.030070387418 0.5 1 548.557549071239
94 0.029889162056 -0.2 1 552.557367848955
67 0.029941335335 0.7 1 553.557430106995
9 0.030057347076 0.599609 1 554.557536030488
90 0.0301616753 0.6 1 558.557640364579
97 0.029904831903 0.7 1 562.557393404083
39 0.030134580964 0.2 1 563.557613243482
60 0.02987083273 0.75 1 566.557349524331
21 0.030036298646 0.4 1 583.55751496807
72 0.030157448344 0.6 1 586.557636140758
93 0.029934809685 0.5 1 592.557413487374
36 0.03001557251 0 1 601.557494266919
68 0.030076999998 -0.2 1 604.557554044906
5 0.02993774262 0 1 605.557418794026
