6 0.020810799536 0 2 21.958942808214
38 0.020863248756 0 2 25.958995286557
46 0.020785556856 0 2 26.958920931097
57 0.021032087866 0 2 29.959167338683
61 0.021093358203 0 2 42.959219152135
85 0.020907016894 0 2 43.959036848562
15 0.021138016893 0 2 43.959267910815
63 0.020771081297 0 2 47.958898050288
45 0.020766441401 0 2 48.958898018225
95 0.0210234414 0 2 48.959154922114
25 0.020768999998 0 2 50.95889587139
39 0.020761823863 0 2 58.958894552984
49 0.020733640895 0 2 59.958867357199
69 0.021159640894 0 2 59.959293375321
71 0.020868370637 0 2 60.958999694299
62 0.021086370636 0 2 60.959217604651
8 0.020887499113 -0.1 2 63.959019104455
79 0.021144499112 0 2 63.959276137185
15 0.021006485524 0.5 2 65.959134704766
65 0.020726942965 0 2 70.958862385216
60 0.020970942964 0 2 70.959106235526
95 0.021175942963 0 2 70.95931108227
26 0.021445942962 0 2 70.959581223039
53 0.020874282462 0 1 72.958999074055
24 0.020924785734 0 1 77.95905765562
29 0.020823343684 0 1 79.958959177389
49 0.020838884165 0.7 1 81.958963727145
69 0.021095884164 0 1 81.959220710138
27 0.020913415829 0 1 84.959038380353
87 0.020785758776 0 1 85.958919208113
61 0.020929792748 0 1 87.959053937371
96 0.020822344254 0 1 88.958950538571
17 0.020792779695 0.1 1 90.958916780144
75 0.020778094954 0 1 91.958906122297
3 0.021033945671 0.25 1 92.959168611353
35 0.020936335198 0 1 96.959068037044
70 0.020977644746 0 1 107.959112304589
4 0.020996124863 -0.15 1 110.959130933412
0 0.020751272074 -0.15 1 115.958886223161
80 0.021006058198 0 1 116.959138291083
16 0.020895080882 0.15 1 120.959025080973
69 0.021173953459 0 1 121.959302300228
79 0.021089734722 0.75 1 123.959214702079
24 0.021081186494 0.15 1 124.959215387351
93 0.020843843501 0 1 126.958968044164
18 0.0210748435 0.15 1 126.959199047072
58 0.020744401476 0.75 1 128.958868136842
86 0.02074509174 0 1 129.958876820799
13 0.021028091739 0.85 1 129.959159843881
50 0.02091923788 0 1 131.959042936556
97 0.021021213918 0 1 132.959152642464
80 0.021054768631 0.799219 1 138.959186936914
17 0.020867684708 0.925 1 139.958994598656
16 0.020949597238 0.175 1 142.959076538765
45 0.020779327116 0 1 143.958913875307
54 0.020716767486 0.6 1 146.958845775437
48 0.020772202826 0.4 1 152.958900760116
44 0.021029202825 0 1 152.959157837495
88 0.020706147979 0 1 158.958834736752
57 0.02123882249 0 1 164.959367449332
33 0.021164301278 0.15 1 166.959433810777
51 0.02079267406 0 1 167.958921279114
6 0.021192674059 -0.15 1 167.959321202846
38 0.020831338521 0.15 1 168.958956463275
20 0.02102333852 0.15 1 168.959148673106
99 0.020988865379 0 1 171.95911417851
66 0.020837931655 0.6 1 173.958973280769
93 0.020669354057 0 1 181.958918395529
68 0.020906680888 0 1 186.959031816329
57 0.021189680887 0 1 186.959314561106
38 0.020865317853 0.575 1 190.959143821398
30 0.020788445342 0.55 1 191.958912245991
67 0.021071445341 0 1 191.959195272568
99 0.020994719735 0.775 1 193.959126668614
69 0.021060573751 0 1 195.959184682323
64 0.020792217209 0 1 200.958916221951
29 0.020887558976 0.75 1 203.959011191673
62 0.02087133723 0.6 1 206.958999985709
46 0.020801941511 0 1 208.958934003183
81 0.020801953306 0.4 1 209.958930221934
12 0.020987124629 0.5875 1 213.959121050092
32 0.020765779186 0.975 1 214.958899648483
40 0.021048779185 0.4 1 214.959182652067
41 0.02090075875 0.4 1 215.959034768733
96 0.02084250007 0 1 218.958976415515
74 0.020885891339 0 1 223.959012686356
3 0.021077891338 0.575 1 223.95920467335
15 0.020930571707 0.875 1 224.959057108314
73 0.020767774629 0 1 225.958895994239
88 0.020785168127 0 1 232.958912782252
17 0.020866760071 0.95 1 237.95899480819
27 0.020898996689 0.971875 1 239.959025375793
91 0.020730035971 0 1 240.958854804638
29 0.020900489209 0.9625 1 241.959024017581
28 0.020745625114 0.1875 1 243.958870623925
75 0.020768024407 0 1 246.958893161618
56 0.021025024406 0.4 1 246.959150123722
10 0.020927086792 0.59375 1 248.95905867675
80 0.020987336504 0.799805 1 250.959112209199
55 0.02086974892 0.4 1 256.9589946485
84 0.020917692266 0 1 258.959045664521
31 0.020814471247 0.8875 1 260.958943369181
40 0.020783124591 0.4 1 261.958918000924
32 0.020794164633 0.975 1 266.958928472656
9 0.020780042511 0.2 1 269.958914391318
43 0.02076251806 0.6 1 272.958896857958
64 0.020787172865 0 1 275.958916348257
79 0.020981144759 0.775 1 278.95910997876
90 0.020794999998 0.4 1 285.958923879664
51 0.020772763358 0.7 1 287.958901179126
17 0.020803219086 0.990625 1 288.958929833328
82 0.020834767577 0 1 290.958968659214
14 0.021059689804 0.1875 1 294.959184345087
8 0.020969070174 -0.2 1 297.95909317224
19 0.021156762229 0.5875 1 299.959287532329
84 0.020936797946 0.4 1 301.959068707141
83 0.021180797945 0 1 301.959312943129
58 0.02074929772 0.75 1 303.958875666805
50 0.021188297719 0.75 1 303.959314508809
92 0.020874366011 0.4 1 304.959006505576
32 0.020767549829 0.990625 1 305.958891590975
52 0.021050549828 0.4 1 305.959174472242
66 0.020813604349 0.6 1 306.958947251983
90 0.020739593877 0.7875 1 307.958871738248
70 0.020926841563 0 1 309.959060298469
17 0.020820864604 0.992188 1 310.958952784642
42 0.021025864603 0.4 1 310.959158056012
76 0.02070165266 0.4 1 314.958826149447
14 0.020999843744 0.796875 1 316.959131778689
19 0.021010031208 0.596875 1 321.959143087892
81 0.020807999998 0.4 1 324.958941515677
10 0.021038999997 0.59375 1 324.959172587815
82 0.020786250352 0.6 1 326.958916654468
98 0.020957124326 0.4 1 332.959088620942
28 0.020774653657 0.19375 1 338.958909624579
35 0.021000759018 0.8875 1 343.959132936814
27 0.020857091335 0.996869 1 344.958983470966
74 0.021075091334 0 1 344.959201508992
6 0.02084259131 -0.2 1 353.958968791516
7 0.021099591309 0.5 1 353.959225819478
75 0.02071146387 0.6 1 357.958841202981
98 0.020928465395 0.75 1 361.959062040348
3 0.020995980882 0.5875 1 364.959129680451
80 0.020966965034 0.799951 1 366.959099104755
8 0.020934945321 -0.2 1 369.959067138986
94 0.020919906986 0.6 1 372.959052129185
84 0.02091764114 0.4 1 373.959045669525
81 0.020826989565 0.7875 1 374.958956135676
58 0.020737422971 0.75 1 376.958865234761
7 0.02102042297 0.575 1 376.959148017117
21 0.020860458434 0.596875 1 377.958989583189
90 0.02077493432 0.7875 1 381.958904772351
52 0.021057934319 0.4 1 381.959187769582
36 0.020822707058 0.79375 1 384.95894911891
23 0.020795886601 0.596875 1 385.958930424376
54 0.020790399626 0.6 1 393.958923888959
59 0.020811490982 0.6 1 395.958940276819
60 0.020877701493 0.775 1 396.959011022492
75 0.020728998667 0.6 1 404.958857515677
22 0.020933998666 0.598438 1 404.95906247627
1 0.020958350166 0.596875 1 411.959090599867
67 0.020907784404 0.4 1 416.959042178741
77 0.020828075209 0.4 1 421.958957881135
3 0.021059075208 0.59375 1 421.959188633621
13 0.021028150847 0.9875 1 422.959162838662
75 0.020750097217 0.6 1 426.958880007317
32 0.020791212488 0.99375 1 429.958915821073
78 0.021022212487 0 1 429.959146784042
67 0.020891954785 0.7 1 438.959016209327
84 0.020904964721 0.6 1 447.959032723441
34 0.020832007187 0.59375 1 452.958968385969
89 0.020788728242 0 1 453.958916454939
47 0.021084728241 0.4 1 453.959212447096
1 0.02093356712 0.596875 1 457.959062015598
97 0.021190567119 0 1 457.959319027664
40 0.020843442755 0.7 1 458.958970016376
96 0.021036782514 0.79375 1 470.959161194508
68 0.020844311125 0.75 1 472.958979748698
17 0.021075311124 0.996875 1 472.959210876491
35 0.021015999998 0.948438 1 474.95914598163
14 0.021008996793 0.798438 1 479.959145322415
34 0.020851698013 0.896875 2 481.958975364387
1 0.021121698012 0.599609 2 481.959245295679
77 0.021313698011 0.775 2 481.959437201957
51 0.020835167908 0.796875 2 482.958966119804
92 0.020916222364 0.7 2 487.95904567556
72 0.020863858598 0 2 491.958987341018
7 0.020884672925 0.575 2 492.959008716597
73 0.020775619809 0.4 1 503.958908991661
94 0.020885999998 0.796875 1 508.959013146537
24 0.020956996384 0.599219 1 513.95908365053
46 0.020762794786 0.6 1 524.958894985639
55 0.020900334528 0.6 1 528.9590336785
2 0.02071414894 0.4 1 529.958846464568
86 0.020751971511 0.4 1 532.958884392649
52 0.021003141307 0.6 1 538.959138758075
97 0.021034934368 0 1 540.959165669096
88 0.020729999998 0.7875 1 541.958865501086
7 0.020973999997 0.599902 1 541.959109286328
66 0.020762432117 0.6 1 543.958895241639
11 0.021013801859 0.799609 1 547.959149209366
49 0.020770424801 0.75 1 548.958902650283
9 0.020778700654 0.5 1 554.958911659932
67 0.020898869999 0.7875 1 556.959026338779
94 0.021116869998 0.799609 1 556.95924432057
90 0.020733864128 0.7875 1 558.958858849524
39 0.020803965171 0.993359 1 562.958931534094
97 0.02107396517 0.6 1 562.959201372973
60 0.020903858358 0.7875 1 566.959036991088
21 0.020877800626 0.599609 1 582.959002601551
72 0.020805875648 0 1 586.958935276282
93 0.020742999998 0 1 591.958867005975
36 0.020829861728 0.899609 2 601.958962067014
68 0.020838545539 0.775 2 603.958969652236
5 0.020962644986 0.5 2 605.959090714397
