6 0.03629517258 0 2 21.455323855833
5 0.036591172579 0 2 21.455619904355
38 0.036318740734 0 2 22.455347588144
46 0.036463159416 0 2 25.455492044461
57 0.03639503274 0 2 29.455532783683
15 0.036420999998 0 2 41.455461138198
61 0.036317297007 0 2 42.45534610163
85 0.036421143883 0 2 43.455449855507
45 0.036523646302 0 2 48.455552450407
63 0.036355575652 0 2 50.455395253654
95 0.036573575651 0 2 50.455613162531
25 0.036535119349 0 2 51.455563962531
62 0.036389075604 0.4 2 56.455428827185
39 0.036280999997 0 2 57.455309166733
71 0.036511999996 0 2 57.455540306763
69 0.036309666539 0 1 61.455338479406
49 0.036566666538 0 1 61.455595460895
15 0.036498079044 0 1 64.455526660479
8 0.036245442029 0 1 66.455280668958
79 0.036502442028 0 1 66.455537701206
26 0.036332155907 0 1 67.455361025984
60 0.036524155906 0 1 67.455553039898
95 0.036367904416 0 1 72.455396092491
65 0.036624904415 0 1 72.45565332733
53 0.036300999999 0 1 73.455329849108
24 0.03632652757 0 1 78.455355373155
29 0.036461179641 0 1 79.455490055073
87 0.036255139511 0 1 85.455284009963
27 0.03651213951 0 1 85.455540995154
61 0.036369343938 -0.1 1 88.455398195492
96 0.036439880715 0 1 89.455473848778
17 0.036406700529 0 1 90.455435572339
75 0.036459100069 0 1 91.455487968666
3 0.036250459858 0 1 92.45529084698
35 0.03632821923 0 1 97.45535707825
70 0.036472999998 -0.1 1 108.455503384362
4 0.036286593905 0 1 111.455316860339
0 0.036316999998 0.4 1 115.455354156878
80 0.036396880264 0 1 117.455427024689
16 0.036443870216 0 1 120.455474097754
79 0.036486694633 0.3 1 121.455523390348
3 0.03623843756 0.6 1 123.455268812901
18 0.036395134833 0 1 125.455433420728
93 0.036261467139 0 1 126.455290179665
24 0.036492467138 0.6 1 126.455521267377
58 0.036428830109 0.5 1 128.455467101274
86 0.036485458096 0 1 129.455514334975
13 0.03641364838 0 1 130.455450447593
97 0.036371558059 0 1 133.455408393538
50 0.036602558058 -0.15 1 133.455639380877
0 0.036271996575 0.6 1 138.455305479241
17 0.036463996574 0 1 138.455497479094
80 0.03640724821 0.6 1 139.455439778823
16 0.03644491843 0 1 142.455473479788
45 0.036311123998 0.1 1 144.455344361486
54 0.036333816735 -0.15 1 146.455372220168
48 0.036462618603 0.15 1 151.455491493851
44 0.03650758662 0.15 1 153.455541264362
88 0.036571236839 0.4 1 159.455600057059
57 0.036580506295 -0.1 1 164.455701989796
6 0.036524108279 0 1 165.455552838454
51 0.036807108278 -0.1 1 165.455835917461
33 0.036431850208 0 1 167.455565793275
20 0.036294386473 0 1 169.455323150634
38 0.036564386472 0 1 169.455592950193
99 0.036375655748 0 1 171.455404535783
66 0.036302428162 -0.15 1 174.455331281671
93 0.036250864574 0 1 181.455290565591
57 0.036529850895 -0.1 1 186.455558462419
68 0.036398680343 -0.15 1 187.455438682645
38 0.036383457137 0 1 191.45541202095
99 0.036322433172 0.4 1 193.455362405334
69 0.03628415477 -0.15 1 195.45531303566
30 0.036567154769 0 1 195.455595833035
67 0.036759154768 -0.15 1 195.45578785804
64 0.036394847071 -0.1 1 200.455423694144
29 0.036422141706 0 1 204.455450979203
62 0.036374167565 0.3 1 205.455403043245
46 0.036541150171 0.15 1 208.455570025971
40 0.036544674355 0.15 1 211.455573524043
32 0.036398151475 0 1 213.455433484475
81 0.036655151474 0.4 1 213.455690422121
12 0.036409698249 0.4 1 214.455450489544
41 0.036439701659 0.15 1 216.455469636974
96 0.036464278338 0 1 217.455499906254
3 0.036321770007 0.75 1 223.455357158538
15 0.036565770006 0 1 223.455601150485
74 0.036382122031 -0.2 1 224.45542220339
73 0.036454222952 -0.2 1 226.455491453103
88 0.036576416731 0.4 1 232.455613192677
17 0.036380714672 0 1 237.455409600625
27 0.036380613205 0 1 240.455409466539
91 0.036650613204 0 1 240.45567949412
29 0.03643229262 0.7 1 241.455463894837
28 0.036368903554 0 1 244.455400282532
56 0.036298667746 -0.2 1 246.4553298717
75 0.036472095828 -0.2 1 247.455500960184
10 0.036420252733 0 1 249.455451305365
80 0.036398164759 0.6 1 250.455427032801
55 0.036300999999 -0.2 1 256.455329876785
84 0.036438368216 0 1 258.455469378163
31 0.036476767337 0 1 259.455505651789
40 0.036531676664 0.7875 1 262.455560528661
32 0.036472529948 0.6 1 265.455501411616
9 0.036297609353 0 1 270.455333267634
43 0.036396264662 0.175 1 272.455436201046
64 0.0363436596 0.5 1 276.4553847301
79 0.036344886842 0.4 1 277.455373933476
90 0.036427976391 0 1 286.455462781549
51 0.036466929689 -0.2 1 288.455495791938
17 0.036393682124 0.6 1 289.455422535529
82 0.036317718329 0 1 291.455346584675
14 0.036434710369 0 1 295.455463559598
8 0.036261999999 0 1 297.455290886514
50 0.036489835407 -0.2 1 300.45552539342
84 0.036510775646 0 1 301.455539354431
19 0.036780775645 0 1 301.455809561157
83 0.036287999999 0.4 1 302.455316776656
58 0.036600150589 0.4 1 303.455631134368
92 0.036649724084 0.4 1 307.455689823299
32 0.036867724083 0.7 1 307.455907911343
52 0.036416844374 0.2 1 308.455445460416
90 0.036647844373 0 1 308.455676664787
66 0.036277403662 -0.2 1 309.455308331093
70 0.036521403661 0.25 1 309.455552468575
42 0.036426895311 0.19375 1 310.455461413352
17 0.036432402419 0.6 1 311.455460976119
76 0.036522858353 -0.2 1 315.455558144505
14 0.036460449747 0.4 1 317.455489038354
81 0.036535266664 0.4 1 322.455564133706
10 0.036394359437 0.4 1 324.455425306521
82 0.03630333012 0.6 1 327.455333579701
98 0.036333606172 0 1 333.455362470058
28 0.03638931716 0 1 339.455426282834
27 0.036568974393 0 1 343.455601548995
35 0.03629940333 0.7 1 347.455328081489
74 0.036569403329 -0.2 1 347.455598065464
6 0.036212999998 0 1 350.455351079102
7 0.036506320882 0 1 351.455537281626
75 0.036455753708 -0.2 1 358.455487959468
98 0.036368739777 0.6 1 361.455400901926
3 0.036289658575 0.75 1 364.455329881748
80 0.036372112539 0.775 1 366.455400928361
8 0.036261999999 0 1 369.45529086993
6 0.036300999999 0 1 372.455329880283
7 0.036714391356 0 1 373.455752132146
58 0.036628903775 0.5 1 378.455657643017
94 0.036885903774 0.4 1 378.455914540508
81 0.037090903773 0.6 1 378.456119554074
84 0.03641907783 0 1 380.455455794501
21 0.036429087937 0 1 381.455457801109
36 0.036251887068 0 1 385.455286173285
90 0.036638887067 0.4 1 385.455673027596
52 0.036372481941 0.5 1 388.455406364573
23 0.03661648194 0.4 1 388.455650503868
54 0.036363856937 0.2 1 394.455398243794
59 0.036393857627 -0.2 1 396.455422710893
60 0.03648246239 0.4 1 397.455516970077
22 0.036300244538 0 1 403.455338275135
75 0.036485059148 -0.2 1 405.455513886824
1 0.036463695365 0 1 411.455492572623
67 0.036452085464 -0.2 1 415.455490183217
3 0.036314813581 0.75 1 421.45534689211
77 0.03658481358 -0.2 1 421.455617181277
13 0.036382589243 0 1 423.455411441315
75 0.03639885381 -0.2 1 427.455435853396
78 0.036274999999 0.4 1 429.455303868367
32 0.036412272595 0.75 1 430.455449369114
67 0.036505013144 -0.2 1 437.455541946085
84 0.036440486108 0 1 448.455469346661
34 0.036516252585 0 1 453.45554510419
47 0.036233724511 0.196875 1 454.455262552731
89 0.03645172451 0 1 454.455480560718
40 0.036601664904 0.798438 1 459.455632916263
1 0.036369823003 0 1 460.455398557166
97 0.036600823002 0.4 1 460.455629569954
96 0.036661717207 0 1 471.455692865061
68 0.036420107716 -0.2 1 473.455448748844
17 0.036651107715 0.75 1 473.455679874882
35 0.036261999999 0.7 1 474.455290876509
14 0.0364476992 0.4 1 480.45547653726
34 0.036420100563 0.4 1 481.455457181763
77 0.036703100562 -0.2 1 481.455740020298
51 0.036485084262 -0.2 1 484.455521642762
92 0.036370838838 0.6 1 489.455399649718
7 0.036440552611 0 1 497.455469213467
72 0.03671055261 -0.2 1 497.45573919813
73 0.036488598813 -0.2 1 504.455517450425
94 0.036600835461 0.6 1 510.455629652183
24 0.036313570056 0.7 1 513.455342458127
46 0.036554096482 0.598438 1 525.455582918593
55 0.036286716877 0.2 1 531.455315473722
2 0.036517716876 0 1 531.455546496079
86 0.036472449293 0 1 532.455501317369
52 0.036371226946 0.575 1 538.455409450715
97 0.036407999998 0.6 1 540.455439364019
66 0.036293078396 -0.2 1 543.455324304821
88 0.036550078395 0.4 1 543.455581215421
7 0.036742078394 0 1 543.455773036144
11 0.036470077262 0 1 547.455498679313
49 0.036419747088 0.899219 1 548.455455613912
94 0.036559703251 0.6 1 552.455590766581
67 0.036435208757 -0.2 1 553.455464126567
9 0.036272835988 0.6 1 555.455303825262
90 0.036392819065 0.7 1 558.455423841667
97 0.036454619024 0.6 1 562.455490978985
39 0.036361275044 0 1 563.455390124632
60 0.036410105277 0.55 1 567.455438938639
21 0.036429231232 0.4 1 583.455458087699
72 0.036523635939 -0.2 1 586.455552515429
93 0.036342128287 0 1 592.455370993011
36 0.036274999999 0.6 1 601.455303881463
68 0.036487815604 -0.2 1 604.455516676951
