6 0.024518679271 0 2 21.956114735737
38 0.024401845687 0 2 27.955997865969
46 0.024645845686 0 2 27.956242012193
57 0.024475755544 0 2 28.956071944062
15 0.024438218999 0 2 41.956026850515
61 0.024708218998 0 2 41.956296836242
85 0.024257901767 0 2 42.955847592967
63 0.024633192701 0 2 47.956220824236
95 0.024632338377 0 2 48.956220523255
45 0.024328129391 0 2 49.955924261401
25 0.024395138996 0 2 50.955982633896
71 0.024544444961 0 2 57.95613280153
39 0.024328892045 0 2 58.955915060512
62 0.024598892044 0 2 58.956185069982
69 0.02426343254 0 2 61.95585733798
49 0.024494432539 0 2 61.956088319346
15 0.02464434653 0 2 63.956232438834
79 0.024335410031 0 2 64.955929222586
8 0.02456641003 -0.1 2 64.956160189862
26 0.024365448845 0 2 71.955953664808
95 0.024604153885 0 2 72.956192522997
65 0.024887153884 0 2 72.956475739143
60 0.024385948841 0 2 74.955973902845
53 0.02464294884 0 2 74.956231118573
24 0.024499014348 0 2 77.956087231146
29 0.024451930042 0 2 79.95604788956
27 0.024332172869 0 1 84.955919123337
87 0.024320271757 0 1 85.955906673541
61 0.02451800389 0 1 87.956104930355
96 0.024298148442 0 1 88.955884616511
17 0.024564292778 0 1 90.956151214041
75 0.024319442389 0 1 91.955914862782
3 0.024537442388 -0.1 1 91.956132886115
35 0.02441782911 0 1 96.956004963348
70 0.024208092298 0 1 107.955806506665
4 0.024366692892 0 1 110.955962340861
0 0.024458848272 0 1 115.956050938178
80 0.02449383963 0 1 116.956089657691
16 0.024321712265 0 1 120.955917954253
79 0.024281764274 0.85 1 121.955875622218
93 0.02430565457 0 1 123.955893160107
18 0.024510654569 -0.15 1 123.956098161347
24 0.024493419589 0.5 1 124.956087230848
58 0.024394528823 -0.15 1 128.955984171964
13 0.024307299317 0.55 1 129.95589445003
86 0.024499299316 0 1 129.956086426946
50 0.02445156511 0 1 131.956041230671
97 0.024265295278 0 1 132.955859696242
17 0.024286459915 0 1 137.955881880151
0 0.024556459914 0.4 1 137.956151835465
80 0.024499688739 0.798437 1 138.956089322577
16 0.024323744492 0 1 142.955917412045
45 0.02435226307 0 1 143.955950476447
54 0.024480234677 0.85 1 145.956074282168
48 0.024395665523 -0.1 1 151.955989507326
44 0.024505421179 0.1 1 152.956098641491
88 0.024426348502 -0.1 1 157.956014367089
38 0.024334638804 -0.15 1 162.955927805398
6 0.024591638803 0 1 162.956184825249
51 0.024504983606 0 1 163.956093332312
33 0.024677072115 -0.15 1 166.9562755787
20 0.024454031674 0 1 168.956041807411
57 0.024698031673 0 1 168.956285695347
99 0.024511774072 0.15 1 171.956109745255
66 0.024572245331 0 1 173.956167468036
93 0.024352777266 0.55 1 181.955941623694
38 0.024359386357 -0.2 1 184.955948231097
68 0.024308272433 0.55 1 187.955897409395
57 0.024666798716 0.6 1 190.956263171252
67 0.024304051102 0 1 191.95590186949
30 0.024548051101 0 1 191.956145842911
99 0.024435066549 0.925 1 193.956031235359
69 0.024268822727 0.75 1 195.955865075107
64 0.024342324776 0.15 1 199.955931406683
29 0.024481475592 0.55 1 203.956073903844
62 0.024356928288 0 1 205.955953420346
46 0.02445568102 0 1 208.956052011581
81 0.024315564587 0.4 1 209.955911805715
32 0.024309656993 0 1 210.955896786114
40 0.024553656992 0 1 210.956140791789
12 0.024375997363 0 1 213.95597215673
41 0.024262072952 0 1 215.955858329396
96 0.024318372381 0 1 217.955910583601
74 0.024327366434 0.175 1 223.955919652858
3 0.024558391065 -0.2 1 225.956154460121
73 0.024406223222 -0.2 1 226.955998198508
15 0.024650223221 0.4 1 226.95624208149
88 0.024461428593 -0.15 1 232.956053322629
17 0.024271724816 0 1 237.955860127757
27 0.024265999998 0.7 1 239.955854118777
91 0.024405537117 0 1 240.955994061498
29 0.024511382182 0.5875 1 241.956099729752
28 0.024324549334 -0.2 1 243.955912143737
10 0.024472899359 0.6 1 248.956072107788
75 0.02424284967 0 1 249.955838148492
56 0.024486849669 0 1 249.956082111445
80 0.024475636401 0.799609 1 250.956063575807
55 0.024259554579 0.775 1 256.95584616633
84 0.024464067857 0.775 1 258.956053826501
31 0.024432173948 0.7 1 259.956018905631
40 0.024437425391 0.4 1 261.956026796052
32 0.024343999998 0 1 265.955941957221
9 0.024384726066 0.1875 1 269.955975937357
43 0.024463131684 0.5 1 271.956055473508
64 0.024249465144 0.575 1 275.955840442445
79 0.024305728021 0.875 1 277.955897645227
90 0.02448610221 0 1 285.956073189967
51 0.024497070215 0 1 287.95609334923
17 0.024351048865 0 1 288.955938152895
82 0.024266119587 0 1 291.955853222805
14 0.024512943277 0.7875 1 294.956100167894
8 0.024411722866 -0.2 1 297.956007299133
50 0.024448967271 0 1 298.956041243647
55 0.024229743829 0.79375 1 301.955821889724
84 0.024733743828 0.7875 1 301.956325567353
58 0.024836689309 -0.2 1 302.956430614572
83 0.024812540974 0.4 1 304.956404384294
52 0.024617349221 0 1 305.956211268683
92 0.02487434922 0.775 1 305.956468295132
32 0.024261907281 0.7 1 307.955855877577
19 0.02446690728 0.59375 1 307.956060679972
90 0.024736907279 0 1 307.956330924507
66 0.025019907278 0 1 307.956613943345
70 0.024217863018 0.6 1 309.955806500545
17 0.024276857639 0 1 310.955870104209
42 0.024488828233 0.4 1 311.956075222511
76 0.024510859476 0 1 314.956097316662
14 0.024513796583 0.796875 1 316.956112601496
81 0.024345484183 0.775 1 322.955937800567
10 0.024417813418 0.6 1 323.956004464075
82 0.024228980721 0 1 326.955827308103
98 0.024517044692 0.4 1 333.956112163595
28 0.024312182071 -0.2 1 338.955899144391
27 0.024240554544 0.7 1 342.955835880939
74 0.024292642422 0.1875 1 343.955887829929
35 0.024497642421 0.7875 1 343.956092863117
7 0.024202939918 0.4 1 350.955797876033
6 0.024472939917 0.7 1 350.956067847493
75 0.02430718447 0 1 357.955906062202
98 0.024464767183 0.55 1 361.956059672843
3 0.024445895237 -0.2 1 367.956042014146
80 0.024676895236 0.799951 1 367.956273038068
8 0.024395450777 -0.2 1 369.955994265879
7 0.02422719992 0.4 1 374.955823182721
94 0.024291055807 0.59375 1 377.955887106894
21 0.024626055806 0.6 1 377.956222319838
81 0.024909055805 0.796875 1 377.956505121487
58 0.024393044339 -0.2 1 378.955981213634
84 0.024663044338 0.89375 1 378.956251135732
36 0.024729890126 0 1 384.956317827756
90 0.024689314093 0 1 385.956287411899
23 0.024465654786 0.5 1 387.956053640644
52 0.024696654785 0 1 387.956284497123
54 0.024460744668 0.896875 1 393.956048305912
59 0.024457964875 0.596875 1 395.956047900277
60 0.02435208173 0.4 1 396.955950921067
22 0.024501939525 0.6 1 403.956098189616
75 0.024241438796 0.4 1 404.955827989746
1 0.024209063252 0 1 411.955807877378
67 0.024345305539 0.4 1 415.955933370789
77 0.024340644159 0 1 421.955928418
3 0.024610644158 -0.2 1 421.956198170486
13 0.024320662696 0.575 1 422.955916931538
75 0.024320199634 0.4 1 426.955918866538
32 0.024314593651 0.7 1 432.955913091455
78 0.02459759365 -0.2 1 432.95619605561
67 0.024376046794 0.4 1 437.955972222787
84 0.024482610878 0.896875 1 447.956079885421
34 0.024272766828 0.196875 1 452.955869035191
97 0.024227951843 0.4 1 457.9558218867
47 0.024458951842 0.6 1 457.956052701627
89 0.024650951841 0.796875 1 457.956244711546
1 0.02489495184 0 1 457.95648887463
40 0.024417535204 0.4 1 458.956013811504
17 0.024471660037 0 1 470.956064012153
68 0.024312047737 0.5 1 472.955907417727
96 0.024530047736 0.4 1 472.956125420957
35 0.024441201987 0.7875 1 474.956030907934
14 0.024483936654 0.796875 1 479.956074145222
1 0.02426554373 0.4 1 481.955853896404
34 0.024548543729 0.199219 1 481.95613696511
77 0.024792543728 0.4 1 481.956380802681
51 0.024432692967 0.4 1 482.956028289908
92 0.024519093622 0.775 1 487.95611308857
72 0.024480102647 0.6 1 491.95607591524
7 0.024200999998 0.4 1 492.955800094374
73 0.024404710904 -0.2 1 503.956000979334
94 0.024269068837 0.596875 1 508.955857925429
24 0.024460999998 0.796875 1 513.956048226056
46 0.024416755396 0.7 1 524.956012994037
55 0.024246291802 0.796875 1 528.95583319633
2 0.024350903446 0 1 529.955947144202
86 0.024480124712 0.7 1 533.956076319215
52 0.024438090766 0.7 1 538.956034349889
97 0.024245992792 0.4 2 540.955833722874
7 0.024236055052 0.4 2 541.955832091682
88 0.024480055051 -0.2 2 541.956076306438
66 0.024514831386 0 2 543.956102428906
11 0.024500947377 0.4 2 547.956090198734
49 0.024317468603 0.599219 2 548.955909472177
9 0.024578678932 0.599609 1 555.956177690514
94 0.024342635537 0.598438 1 556.955932938683
67 0.024599635536 0.4 1 556.95618995689
90 0.024518745717 0.4 1 558.956112159827
39 0.024269178093 0.949609 1 566.955863065385
60 0.024500178092 0.6 1 566.956094227801
21 0.024423361927 0.75 1 582.956018928624
72 0.024499999998 0.6 1 586.956088850504
93 0.024323936829 0.55 1 591.95591623414
36 0.024491560494 0.7 1 601.956080192929
68 0.024338599889 0.5 1 603.955936493851
5 0.024357206152 0.4 1 605.955949282023
