6 0.050357695358 0 2 22.258211035121
38 0.050139457326 0 2 25.257992869174
46 0.050018999998 0 2 26.257876565101
57 0.050129582245 0 2 29.257986945399
15 0.050339204366 0 2 43.258192677474
85 0.050144029958 0 2 45.257997356233
61 0.050375029957 0 2 45.258228400446
45 0.050242041174 0 2 48.258095543909
95 0.050289527282 0 2 50.258135931057
63 0.050559527281 0 2 50.258406023173
25 0.050166471498 0 2 52.258019968579
39 0.050069138713 0 2 54.257922700421
62 0.050352138712 0 2 54.258205694521
71 0.05015629812 0.1 2 58.258009820275
49 0.05004353427 0 2 60.257897072419
69 0.050326534269 0 2 60.258180090632
15 0.050430752708 0 2 65.258284779937
8 0.050070720757 0 2 66.257924161678
26 0.050128080697 0 2 67.257981649565
79 0.050359080696 0 2 67.258212509382
60 0.050220260514 0 2 69.258073752899
65 0.05023154079 0 2 71.258081928296
95 0.050324062851 -0.1 2 72.258177326806
53 0.050291303388 0 2 74.258138055981
24 0.050023975423 0 2 78.257877519717
29 0.05014678696 0 2 80.257993882572
69 0.050284407937 0.5 2 82.258131128961
87 0.050372061431 -0.1 1 89.25822780878
75 0.050027206242 0 1 91.257880773569
96 0.050297206241 -0.1 1 91.258150662036
61 0.050111895639 0.1 1 93.257965246738
27 0.050602895638 0 1 93.258456139839
17 0.050151073269 0 1 94.258004465298
3 0.050356073268 0 1 94.258209529782
35 0.050064588204 0 1 97.257918145997
70 0.050335162369 0.1 1 108.258188706764
4 0.050187999998 0 1 112.258036465594
0 0.050296672098 0.4 1 116.258149750048
80 0.050241780856 0 1 117.258095343615
16 0.050047061647 0 1 120.257900630751
79 0.050164175545 0.85 1 124.258012118069
24 0.050017263071 0.6 1 126.257870762051
93 0.050242211198 0 1 127.258090370824
18 0.050473211197 0 1 127.25832137393
58 0.050391086912 0 1 130.258239497985
86 0.08591889332 -0.15 1 131.293774792007
13 0.050313939623 0 1 132.258167405319
97 0.05009316884 0.3 1 136.257946558924
50 0.050337168839 0 1 136.258190545313
80 0.050527244086 0.25 1 139.258380666029
17 0.050245498496 0 1 140.25809428173
16 0.050094922549 0.4 1 143.257942068263
45 0.050252355231 0.4 1 149.258108332526
54 0.05048335523 0 1 149.258339448634
44 0.050111837056 0 1 154.2579653532
48 0.050368837055 0 1 154.258222276102
88 0.050189335521 -0.15 1 158.258047570758
6 0.050798305943 0 1 167.258651647907
57 0.050112287371 0 1 168.257965681191
38 0.05072028737 0 1 168.258573576431
51 0.050235440732 0 1 170.258088737195
33 0.050518440731 0 1 170.258371751533
20 0.05078844073 0 1 170.25864185914
99 0.050180221601 -0.15 1 171.2580338004
66 0.050304999998 0.15 1 174.258163047883
93 0.050921634849 0.2 1 181.258774884353
38 0.050517882084 0.4 1 190.258371113951
68 0.050114163333 0.15 1 193.257967468229
99 0.050163873571 -0.15 1 194.258015074164
30 0.05044687357 0.4 1 194.258298190157
67 0.050690873569 0.15 1 194.258542215983
64 0.050213599126 0.15 1 201.258069753412
69 0.050496599125 0.75 1 201.258352579343
29 0.050137574174 0.6 1 204.257993896948
62 0.051471157358 0.1 1 205.259324731812
46 0.050721732762 0 1 208.258575307304
81 0.050095499102 -0.2 1 209.257953084852
32 0.05037394123 0 1 214.258227351144
41 0.050386824141 0 1 216.258240362633
40 0.050362539455 0 1 217.258215827728
96 0.050153324339 -0.15 1 218.258010585998
12 0.050397324338 0.6 1 218.258254428194
3 0.050330161466 0.4 1 224.258187450165
73 0.050505794229 0.55 1 227.258363029864
74 0.050143483974 0.175 1 228.257991935427
15 0.050387483973 0 1 228.25823591347
88 0.050251034443 -0.2 1 234.25809943606
17 0.05017595099 0.4 1 238.258029490442
27 0.050162161743 0 1 240.258010617056
29 0.050072946051 0.7 1 245.25792111292
56 0.050101929006 0.4 1 246.257957667319
91 0.050540929005 0.2 1 246.258396437548
28 0.050288704695 0 1 247.258142130916
75 0.050042236764 0.55 1 248.257890511329
10 0.050053824177 0 1 249.257909686706
80 0.050267784893 0.2 1 250.258121351689
55 0.05019024656 0.7 1 256.2580438221
84 0.050120749427 0.4 1 258.257970865612
31 0.050981800168 0 1 260.258830397149
40 0.050132939401 0 1 264.257982987894
32 0.050292471956 0 1 267.258142652885
9 0.05024560341 0 1 270.258095951804
43 0.050258773418 0.75 1 272.258112334219
79 0.050120351707 0.875 1 281.257973096997
64 0.050338351706 0.9625 1 281.258191046421
17 0.050305392471 0.4 1 289.25815894459
90 0.050007933939 -0.2 1 290.25786049372
51 0.050238933938 0 1 290.258091595458
82 0.050121518272 -0.2 1 291.257975083351
14 0.050131502955 0 1 296.25798443092
84 0.050556302119 0.55 1 302.258409546568
8 0.050095686457 0 1 303.257949010331
50 0.050703686456 0 1 303.258557068896
83 0.050144141553 0.4 1 304.257997529488
19 0.050531141552 0 1 304.258384495804
58 0.050788141551 0 1 304.258641638498
52 0.05271694617 0.4 1 306.260570344789
92 0.050278298123 0.5 1 307.258131680558
42 0.050074405053 0 1 311.257923260139
32 0.050500405052 0.6 1 311.258349038801
17 0.050718405051 0.6 1 311.2585670022
70 0.050297816749 0.7875 1 314.258146580729
66 0.050528816748 0.19375 1 314.258377526179
76 0.050146647306 0.59375 1 315.258004476385
14 0.050100281722 0.7 1 318.25795798182
81 0.052057738564 -0.2 1 327.259911082666
10 0.050030425689 0.4 1 329.257883756424
82 0.050108381126 -0.2 1 330.257961809059
98 0.050180387867 0.4 1 334.258033905621
28 0.050291999998 0 1 339.258142398314
27 0.050297998707 0 1 345.258147985268
35 0.050072784532 0.4 1 347.257928160516
74 0.050342784531 0.175 1 347.258198141681
6 0.050208632492 0.775 1 350.258064069367
7 0.050871875476 0 1 352.258725388226
75 0.050024038136 0.5875 1 358.257877600857
98 0.05019313386 0.4 1 361.258046397607
80 0.05023357171 0.596875 1 368.258079419649
3 0.050477571709 0.7 1 368.258323395845
8 0.050164390226 0.6 1 369.258017958957
6 0.050158481178 0.775 1 372.258012042185
7 0.050500133966 0 1 375.258353412375
81 0.050010662228 -0.2 1 377.257863810093
94 0.050436662227 0.5 1 377.258289794449
21 0.05046674945 0.4 1 378.258320295469
84 0.050192477463 0.5875 1 379.258045794653
58 0.050384477462 0 1 379.258237871203
90 0.050085531138 -0.2 1 382.257939080836
52 0.050342531137 0.4 1 382.258196078114
23 0.050094986552 0 1 390.257948332519
36 0.050146305179 0 1 391.257999608487
54 0.050297643787 0 1 394.258151209146
59 0.05015747096 0 1 396.25801102293
60 0.050259777161 0.19375 1 398.258112773637
75 0.050040939965 0.99375 1 409.257887405042
22 0.050310939964 0.4 1 409.258157353086
1 0.050157499366 0 1 414.258010941611
67 0.050317999998 0.948438 1 416.258169516212
3 0.050267891427 0.7 1 421.258121166099
77 0.050284917552 0.796875 1 422.258138568415
13 0.050154960989 0.6 1 424.258008466693
78 0.050468537414 0.796875 1 432.258321970891
32 0.050223887038 0.6 1 434.258077436749
67 0.050289936845 0.948438 1 438.258143421782
84 0.050117274806 0.5875 1 448.25797083415
34 0.050159567058 0.4 1 454.258013072256
1 0.050164851468 0.6 1 458.25801869785
89 0.050655851467 -0.2 1 458.258509536907
97 0.050105954414 0.5 1 460.257959399858
47 0.050429609677 0.4 1 461.258275896654
40 0.050142495892 0 1 462.257995926748
17 0.05035720393 0.6 1 472.258210714147
96 0.053400642996 0.5 1 474.261256484991
35 0.06957248965 0.4 1 474.277428606053
68 0.050099534281 0.199219 1 475.257952827444
14 0.050128216884 0.7875 1 480.25798449867
77 0.050559167824 0.973437 1 481.258412525579
34 0.050114308395 0.6 1 482.257960771665
51 0.050319308394 0.75 1 482.25816578436
1 0.050524308393 0.75 1 482.2583707027
92 0.050346137092 0.575 1 488.258199544921
72 0.050038810883 0.598438 1 492.257892376192
7 0.050308810882 0 1 492.258162389795
73 0.050148999998 0.948438 1 504.25799772151
94 0.05030222599 0.55 1 509.258155786669
24 0.050002999999 0.75 1 514.257856541755
46 0.050083999998 0.6 1 524.257941619447
55 0.05040239274 0.7875 1 532.258255803883
86 0.050121991276 0.4 1 534.257969993156
2 0.050378991275 0 1 534.258226862791
52 0.050354771308 0.6 1 539.258212066425
7 0.050460349784 0 1 542.258317548902
66 0.081153685092 0.992188 1 543.289011784023
97 0.050106205754 0.5 1 544.257959607536
88 0.050389205753 -0.2 1 544.258242649378
46 0.05001866656 0.7 1 546.257876619645
49 0.050112670305 0.4 1 548.257966239913
11 0.050382670304 0.4 1 548.258236201246
94 0.050324053562 0.55 1 552.258181810737
9 0.050239722636 0.4 1 556.25809320163
67 0.050457722635 0.973437 1 556.258311137071
90 0.050018008737 -0.2 1 558.257875844889
39 0.050055760858 0.4 1 563.257907018912
60 0.050233300279 0.993359 1 567.258086832429
21 0.050273822161 0.4 1 585.258127287386
72 0.050048722943 0.799219 1 588.257902210839
93 0.050174795495 0.4 1 592.258028358946
36 0.050120537085 0.4 1 602.257974072299
68 0.05007380121 0.199609 1 604.257927361302
