38 0.029398483378 0 2 21.655076692408
6 0.029048495807 0 2 22.654726455181
5 0.029318495806 0 2 22.654996605758
46 0.029166608149 0 2 25.654844809504
57 0.029198119435 0 2 28.65487625258
61 0.029354439404 0 2 40.655032650794
15 0.029063647905 0 2 41.654741828143
85 0.029150391053 0 2 43.654828419467
45 0.029126496988 0 2 47.65480092543
63 0.029383496987 0 2 47.655057926404
95 0.029199513889 0 2 48.654880820896
25 0.029112452464 0 2 50.654786786329
71 0.029093155484 0 2 57.654771787166
62 0.02916603624 0.1 2 58.654844043337
39 0.029423036239 0 2 58.655101037878
49 0.029089760939 0 2 59.654771127784
69 0.029310496169 0 2 60.65499115671
61 0.029292447964 0.1 2 62.65496761644
15 0.029031247162 0 2 64.654712860909
8 0.029253309067 0 2 66.654935597467
79 0.029484309066 0 2 66.655166629621
26 0.02913855871 0 2 67.654820344813
60 0.029243983494 0 2 68.654919070469
95 0.029186067536 0 2 70.654867571166
65 0.029193332087 0 2 71.654868655513
53 0.029662187632 0 2 72.655337005542
49 0.02909636794 0 1 81.654774096975
24 0.029160522515 -0.15 1 83.654838470103
29 0.029391522514 -0.1 1 83.655069535985
87 0.029071366342 0 1 85.654753102831
27 0.029341366341 0 1 85.655023088067
96 0.029105450382 0 1 89.654782354332
17 0.029315240488 0 1 90.65499029765
75 0.029628399024 0 1 93.65530892161
3 0.029846399023 0 1 93.655526944535
35 0.029216799285 0 1 97.65489833361
69 0.029678855179 0.1 1 99.655356326967
70 0.029172958155 0 1 107.654857588727
4 0.029289772973 0 1 114.654967815433
0 0.029047613995 0 1 116.654726173122
80 0.029342419704 0 1 117.655027835242
79 0.029241336025 0.4 1 124.655079414233
24 0.029398479044 -0.15 1 127.655197004334
18 0.029616479043 0 1 127.655414921792
93 0.029834479042 0 1 127.655632918281
16 0.030052479041 0 1 127.655850836198
58 0.029193052773 0 1 128.654872434186
86 0.029248505827 0 1 129.654930411394
13 0.029178545307 0 1 130.654976877948
97 0.029007250285 0 1 136.654818733516
50 0.029277250284 0 1 136.655088719741
17 0.029279737218 0 1 137.65496429419
0 0.029053886924 0 1 138.654739196262
80 0.029215848741 0 1 139.655014625234
45 0.029084997397 0 1 144.654764468811
54 0.029270767511 0 1 146.654955424359
48 0.029123255524 0 1 152.654801401898
44 0.029170148446 0 1 155.654848238047
88 0.029144858709 0 1 158.654824075456
38 0.029279774804 0 1 161.654962741731
6 0.029453390514 0 1 167.655135945981
57 0.029684390513 0 1 167.655367040933
33 0.029876390512 0.4 1 167.655559042475
51 0.029188310572 0 1 168.654866305839
20 0.029393310571 0.25 1 168.6550714359
99 0.029066642807 0 1 172.654865828197
66 0.029056132698 0.15 1 174.654728890784
93 0.029179999998 0.4 1 181.65500486766
38 0.029289730988 0 1 183.654962127999
57 0.029187852754 0 1 189.654860572284
68 0.029405852753 0 1 189.655078590351
99 0.029483516269 0.4 1 194.655165068291
67 0.029313730373 0.15 1 195.654986547378
30 0.029518730372 0 1 195.655191522561
69 0.029749730371 0.1 1 195.655422724521
64 0.02921913221 0.15 1 200.654894984458
29 0.029286152683 -0.15 1 203.654969191884
62 0.029228945589 0.1 1 206.654911928904
46 0.029220413946 0 1 209.654903308773
81 0.029490413945 0 1 209.655173347379
40 0.029105664546 0 1 211.654790506926
32 0.029352318332 0 1 213.655030390073
12 0.02933318341 0 1 217.655013435918
96 0.029075426066 0 1 219.654753528123
41 0.029358426065 0 1 219.655036448674
15 0.029119074368 0 1 223.654793832615
74 0.029324074367 0 1 223.654998853725
3 0.029280688731 0 1 224.65495393821
73 0.029067960521 0 1 225.65474617514
88 0.029123442461 0 1 235.654797851722
17 0.029351123571 0 1 237.655029325862
27 0.029375123179 -0.2 1 239.65505217361
91 0.029337688939 0 1 240.655015886167
29 0.029261247107 -0.2 1 241.654943017664
28 0.029233660332 -0.15 1 244.654908272117
56 0.029288793115 0 1 246.654966981167
75 0.029146162061 0 1 247.654827767699
10 0.029064628285 0 1 248.654748733857
80 0.029252384724 0.4 1 251.65493675381
55 0.02923851283 0 1 257.6549154713
84 0.029199057788 0 1 258.654872244669
31 0.029055144163 0 1 259.654729429745
40 0.029097339978 0 1 261.654777601562
32 0.029396542525 0 1 265.655072642652
9 0.029134848607 0 1 269.65481303641
43 0.029280764052 0 1 275.654958808166
64 0.029229414697 0.775 1 281.654905001321
79 0.029499414696 0.4 1 281.65517505063
90 0.029309231447 0.4 1 285.654982064401
51 0.029149194836 0.4 1 288.654834314696
17 0.029432194835 0.4 1 288.655117350901
82 0.029328971753 0.4 1 293.655004684921
14 0.029119516162 0 1 295.654793824841
19 0.029368174855 0.4 1 299.655052962252
84 0.029148540071 0 1 301.654830081234
8 0.02943154007 0 1 301.655113209527
92 0.029732583265 0 1 303.655406996763
50 0.029224886061 0 1 304.654900735443
83 0.02946888606 0 1 304.655144783333
32 0.029436974306 0 1 305.655121490882
58 0.029264950686 0 1 306.654946786348
90 0.029346223989 0.7 1 308.65503066821
52 0.029367691386 0.6 1 309.655049301072
66 0.029128349268 0.1875 1 310.654803605221
17 0.029359349267 0.4 1 310.655034480728
42 0.029169132273 0 1 313.654844497328
70 0.029142067267 0.4 1 316.654817981969
14 0.029099138018 0 1 317.65477783682
76 0.029147852084 0.4 1 319.654829173911
19 0.029152823312 0.4 1 321.654829527872
10 0.029070063292 0 1 323.654747324393
81 0.029392063291 0.4 1 323.655069252015
82 0.029371190497 0.75 1 327.655043858369
98 0.02929395236 0 1 334.654970051302
27 0.029487008047 -0.2 1 345.655165018413
28 0.029770008046 0.2 1 345.655447951497
35 0.029218658856 0 1 347.654895325699
74 0.029514658855 0 1 347.655191312548
6 0.029754807131 0.4 1 353.655431574666
7 0.03002480713 0 1 353.655701602807
75 0.029149541892 0 1 359.654827677483
98 0.029200222126 0 1 361.65487860324
80 0.029297562025 0.75 1 367.654975649504
3 0.029275659546 0 1 368.654953680006
8 0.029239378887 0 1 369.654912419692
7 0.02942051781 0 1 375.655100477889
81 0.029718040024 0.4 1 377.655399579652
84 0.029343027523 0.7 1 378.655022543378
58 0.029613027522 0 1 378.655292622405
94 0.029323594808 0 1 380.655004878656
21 0.029606594807 -0.2 1 380.655288063576
90 0.029616650638 0.7 1 382.655294991397
52 0.03154791202 0.6 1 384.657221357142
23 0.051198361586 0.2 1 385.676876593485
36 0.029169488479 0 1 387.654848488903
54 0.029446480344 0 1 396.655124574114
60 0.029231758591 0.196875 1 400.654916204865
59 0.02947575859 0 1 400.655160167838
75 0.029178889169 0.7 1 409.654863561016
22 0.029396889168 -0.2 1 409.655081502502
1 0.029261200833 0.4 1 414.654939261225
67 0.029157828799 0.596875 1 416.654835978702
3 0.029288564205 0 1 421.654966489324
77 0.029051748152 0 1 422.654729901039
13 0.029243748151 0.775 1 422.654921961845
78 0.029226911299 0 1 433.654904920065
32 0.029431911298 0 1 433.655109955333
67 0.029105817315 0.948438 1 438.654783955734
84 0.029141991108 0.7 1 449.654820122887
89 0.029042590986 0 1 453.654721614162
47 0.029121253106 0 1 456.65480008473
34 0.029404253105 0.4 1 456.655083063577
1 0.029209325505 0.6 1 457.654887510569
97 0.029088587003 0 1 458.65476963743
40 0.029150540666 0 1 459.654829527384
96 0.029075999998 0.4 1 469.65475629904
68 0.029285370996 0.19375 1 470.65496012673
17 0.029283103563 0.4 1 473.654964088778
35 0.029207661884 0 1 475.654885278082
14 0.029066835609 0 1 479.654741892333
77 0.029135499242 0.75 1 481.654812770921
1 0.029379499241 0.7 1 481.655056864355
51 0.029124192031 0.6 1 482.654802386249
92 0.029344216924 0.4 1 488.655022389048
72 0.029154143505 0 1 496.654827070262
7 0.029385143504 0.4 1 496.655058085211
73 0.029088999998 0.4 1 503.654772172518
94 0.029325013078 0 1 509.655007886443
24 0.029140999998 -0.15 1 514.654815460566
46 0.029148821556 0.4 1 524.654831773534
55 0.029289383006 0 1 528.65496759131
2 0.029293689878 0 1 529.654967886925
86 0.029317164256 0 1 533.65499530349
52 0.029147167479 0.7 1 539.654825326131
7 0.029303416419 0.4 1 541.654987471235
97 0.029280622228 0 1 543.654960340635
88 0.029113824387 0.75 1 544.654797835624
66 0.029084926904 0.599219 1 545.654767763184
11 0.029264102071 0 1 547.654948170452
49 0.02907530257 0 1 548.654758100354
67 0.029074603552 0.949219 1 553.654758011754
9 0.029103917273 0.4 1 554.654786817742
94 0.029360917272 0.4 1 554.655043731916
90 0.029306125141 0.7 1 559.654981943943
39 0.02927661483 0.4 1 563.654959783485
60 0.0291784716 0.599219 1 566.654854150263
21 0.029339403956 -0.2 1 585.655017486999
72 0.029135462046 0 1 587.654816929098
93 0.029340165049 0.4 1 594.655018256948
36 0.029023521579 0 1 601.654822705353
