6 0.014215190745 0 2 22.154808798693
5 0.014407190744 0 2 22.155000907002
38 0.014612190743 0 2 22.155206005562
46 0.014337152467 0 2 26.154923895297
57 0.014201118175 0 2 29.154787715921
15 0.014437384925 0 2 43.155021213579
85 0.014206999997 0 2 45.154799895019
61 0.014476999996 0 2 45.155069939562
45 0.01449811075 0 2 48.155090788333
95 0.01420948224 0 2 50.154803623902
63 0.014492482239 0 2 50.155086716482
25 0.014228609653 0 2 51.154821377298
39 0.014084178221 0 2 54.154677174356
62 0.01435417822 0 2 54.154947168442
71 0.01426484593 0 2 57.154855909101
49 0.014519458109 0 2 60.155113013211
69 0.014268999998 0 2 63.154862932237
15 0.01457990746 0 2 65.155167826083
79 0.014287660157 0 2 66.154881536061
8 0.014557660156 0 2 66.155151503698
26 0.014262571029 0 2 70.154846939822
60 0.014506571028 0 2 70.155090953509
65 0.014384296206 0 2 71.154972102251
95 0.014256829795 0.1 2 72.154845001892
53 0.014182295434 0 2 73.154766954238
24 0.014225284302 0 2 78.154813633072
29 0.014195898647 0 2 79.154786742057
87 0.014165187034 0 2 85.154758213228
61 0.01465416107 0 2 91.155244997126
27 0.014584330967 0 2 92.155171897713
96 0.014144098028 0.5 2 94.154732224399
3 0.014355228534 0 2 95.154942986413
17 0.014638228533 0 2 95.155225922601
75 0.014895228532 0 2 95.15548296398
35 0.014247380676 0 2 97.15483008409
70 0.014132718478 0 2 111.154717069154
4 0.014354404547 0 2 112.154938126596
0 0.014134513 0 2 116.154725479812
80 0.014403049498 0 2 117.15499701234
16 0.014228211702 0 2 120.154822301682
69 0.01448144721 0 2 121.155063405619
79 0.014473546209 0 2 124.1550611201
18 0.014377595812 0 2 125.154966829913
93 0.014512991628 0 2 126.155106361782
24 0.015778694596 0 2 126.156372152734
58 0.014315349501 0.6 2 129.154901548357
86 0.014447508941 0.1 2 134.155029386375
13 0.01469150894 0.6 2 134.155273406469
50 0.014328221176 0 1 137.15491695586
97 0.014559221175 0.55 1 137.155147969951
0 0.014151490734 0 1 138.15473787582
17 0.014343490733 0 1 138.154929902559
80 0.014337234802 0.85 1 139.154931712924
16 0.014322441356 0.7 1 142.154912641864
45 0.014230318378 0.4 1 143.154818996689
54 0.014319266429 0 1 146.1549084408
48 0.01435602878 0 1 151.154942100525
44 0.014177485843 0 1 156.154764539109
88 0.014243732684 0.1 1 158.154832709135
38 0.014582744775 0 1 165.155169847289
6 0.014326187855 0 1 166.154909800011
57 0.014531187854 0 1 166.155114897805
33 0.014321830698 0 1 168.154916091764
51 0.014134853544 0 1 170.154719856191
20 0.014417853543 0 1 170.155002978892
99 0.014372553891 0.15 1 172.154956092002
66 0.014336224957 0 1 175.154919786866
93 0.014170213843 0.55 1 181.154753843016
38 0.014274815406 0.7875 1 187.154868331924
68 0.014138248338 0 1 188.154729026837
57 0.014369248337 0 1 188.154959876305
30 0.014392591102 0 1 191.15498345119
67 0.014366049754 0 1 192.15495611298
99 0.014314173942 0.175 1 194.15490361489
69 0.014222894702 0.4 1 198.154810975459
64 0.014238384025 0.4 1 200.154832198537
29 0.014245622156 0.4 1 206.154835655434
62 0.014502622155 0 1 206.155092737868
46 0.01428909765 0 1 208.154871967217
81 0.014115312317 0.15 1 210.15469743501
12 0.014414028132 0.4 1 214.155003707737
32 0.014213811209 0 1 215.154797920401
40 0.014431811208 0 1 215.155015923774
41 0.014381155629 0 1 217.154970703874
96 0.014184804405 0.55 1 220.154774314648
15 0.014851466536 0 1 224.155435015346
74 0.014509122219 0 1 226.15509901474
3 0.014257852333 0 1 229.154841479249
73 0.014540852332 0 1 229.15512458062
88 0.014274958447 0.15 1 233.154858664659
17 0.014339080726 0 1 239.154932843708
91 0.014372704125 -0.15 2 243.154965867555
27 0.014351299467 0.4 2 245.154933096873
29 0.014608299466 0.4 2 245.155190082262
28 0.014230867236 0 2 246.154817880526
56 0.014435867235 0 2 246.155022980899
75 0.01429036457 0 2 248.154872215569
10 0.014203138262 0 2 254.154797695693
80 0.014421138261 0.85 2 254.155015758497
55 0.01434207033 0 2 257.15492408044
31 0.01467317767 0 2 260.155265369586
84 0.01534385336 0.175 2 260.155935992643
32 0.014157964484 0.6 1 266.154745854181
40 0.014414964483 0.775 1 266.155002693171
9 0.014141067129 0 1 270.154729646581
43 0.01430432282 0.7 1 272.154896497817
64 0.014328995057 0.4 1 276.154923234345
79 0.014275236088 0 1 277.154858338582
90 0.014281251639 0.4 1 286.154870260496
51 0.014178925729 0 1 288.154761886355
17 0.014288840687 0 1 290.154880869346
82 0.014295257883 0.175 1 291.154878219068
14 0.014290929898 0.4 1 295.154874301931
8 0.014418393107 0 1 298.155001940489
55 0.015993941339 0 1 301.156578980275
84 0.01583464631 0.775 1 302.156426540788
50 0.015453034255 0 1 304.156034889668
19 0.017135711025 0.4 1 306.157720858
92 0.020049014326 -0.2 1 306.160634309274
32 0.014575158071 0.6 1 307.155157348331
66 0.016495056496 0 1 307.157077312736
52 0.014485115624 0 1 308.155077764209
83 0.014755115623 0.5875 1 308.155347695207
58 0.014947115622 0.775 1 308.15553977541
90 0.015139115621 0.4 1 308.155731943031
70 0.014131957459 0 1 310.15472411672
17 0.014259287256 0 1 312.154851819681
42 0.014542287255 0 1 312.155135037439
76 0.014290034063 0 1 315.154876733205
14 0.014243820532 0.4 1 317.154834753615
81 0.01410088169 0.8875 1 323.154684429742
10 0.014245698062 0 1 330.154836711592
82 0.014489698061 0.19375 1 330.155080847746
98 0.014300192143 0.5875 1 334.15488353909
28 0.014276963379 0.4 1 339.154870791934
27 0.014129344839 0.4 1 342.154720805353
74 0.014253127982 0 1 346.154837491829
35 0.01415058275 0 1 347.154738720564
6 0.014275409303 0 1 350.154863746477
7 0.014232038399 0 1 351.154823242999
75 0.01430995556 0.6 1 359.154898215167
98 0.014225670071 0.946875 1 361.154818016688
80 0.015402117405 0.896875 1 365.155993643708
3 0.014566978117 0.4 1 366.15515689164
8 0.014420242692 0.75 1 371.155014817119
81 0.014128283906 0.96875 1 373.154715309986
7 0.014333283905 0.4 1 373.154920013468
94 0.014590283904 -0.2 1 373.155177291647
84 0.014349773847 0.896875 1 374.15493951313
58 0.014519999999 0.79375 1 375.155109223159
21 0.014456579158 0 1 378.155048208157
52 0.014137768107 0 1 383.154727177263
90 0.014394768106 0.4 1 383.154984179647
23 0.014529866778 0 1 387.155116365711
36 0.014293509698 0.4 1 390.154882298215
54 0.014344724065 0 1 395.15493437463
59 0.01431938653 0 1 396.15490623119
60 0.014573659566 0 1 397.155160995753
22 0.01480786139 0 1 407.155390341439
75 0.015064861389 0.7875 1 407.155647379839
1 0.014187543606 0 1 413.154781298583
67 0.014397503424 0.4 1 417.154982019354
3 0.014242666613 0.4 2 421.154830877944
77 0.014188055334 0 2 423.154778037534
13 0.014432055333 0.6 2 423.155022098051
78 0.014167741683 0.4 2 430.154758005108
32 0.014128976703 0.6 2 432.15472271495
67 0.014346112826 0.4 2 439.154930085662
84 0.014433705665 0.896875 2 449.155017476302
89 0.014506793096 0.19375 2 455.155091522271
47 0.014237615109 0 2 456.154829783697
34 0.014442615108 0.4 2 456.155034762364
1 0.014806176784 0.4 2 458.15539080852
97 0.015037176783 0.596875 2 458.155621820593
40 0.01415798736 0.775 2 459.154752455425
17 0.014341307919 0 1 471.154928141505
68 0.014144307233 0 1 473.154728760745
96 0.014427307232 0.896875 1 473.155011763696
35 0.01421920568 0.775 1 476.15480393846
14 0.014218552773 0.4 1 480.154809279433
1 0.014323521846 0.4 1 481.154905543177
77 0.014554521845 0.4 1 481.155136450408
34 0.014772521844 0.4 1 481.155354611145
51 0.014097918664 0 1 483.154683827027
92 0.014194633865 -0.2 1 488.154788456896
72 0.014204499029 0.6 1 492.154797702847
7 0.014164347644 0.6 1 494.154758105379
73 0.014299918749 0.4 1 506.15489364775
94 0.014363325184 -0.2 1 510.154949218389
24 0.014255999998 0.75 1 514.15483962801
46 0.014268044523 0.4 1 526.154858770263
55 0.014431586855 0.4 1 532.15502206552
2 0.014132523828 0 1 533.154726181536
86 0.014402523827 0.198438 1 533.154996314069
52 0.014180678743 0 1 539.154774488509
7 0.014610828524 0.75 2 543.155203798632
97 0.014858168001 0.598438 2 544.155445224058
88 0.015128168 0.196875 2 544.155715266181
66 0.014326053667 0 2 546.154919660312
11 0.014223237944 0.7 2 548.154817037515
49 0.016826759503 0.4 2 553.157421204836
9 0.014183556658 0.4 2 554.154766056533
67 0.014367524042 0.4 2 556.154955873044
94 0.014366744725 -0.2 2 557.154948892977
90 0.014222990375 0.4 2 560.15480514012
39 0.01415169419 0.4 2 564.154740687945
60 0.014263471642 0 2 567.154852619438
21 0.01438352455 0.6 2 584.154970136273
72 0.014294999998 0.775 2 588.154888547909
93 0.014196514384 0.5 2 593.154780395438
36 0.014302159369 0.6 1 603.154895594735
