38 0.054934744158 0 2 21.959160973854
6 0.055043602451 0 2 22.959308584433
5 0.055107779553 0 2 23.959359981757
46 0.054965421855 0 2 26.959204598749
57 0.055150540629 0 2 29.959389650427
15 0.055003075098 0 2 41.959255276125
85 0.054929066314 0 2 44.959194074565
61 0.055199066313 0 2 44.959464119712
45 0.054963312891 0 2 48.959215454431
95 0.055048449944 0 2 50.959287415441
63 0.055279449943 0 2 50.959518503477
25 0.05490058998 0 2 51.959126770402
62 0.054866303954 0 2 56.959092409269
39 0.054869137261 0 2 57.95909520346
71 0.05513913726 0 2 57.959365342913
69 0.05495879657 0 2 62.959210902713
79 0.054811064845 0 2 63.959076311749
49 0.055042064844 0 2 63.95930710831
15 0.054963820101 0.5 2 64.959215766131
8 0.055066138546 -0.1 2 66.959331218427
26 0.054894711361 0 2 71.959133750327
53 0.054858473546 0 2 72.959084704778
60 0.055128473545 0 2 72.95935447411
65 0.055333473544 0 2 72.959559619586
95 0.055538473543 0 2 72.959764403438
24 0.054997043814 0 2 77.959223271518
29 0.054922366574 0 2 81.959148489151
27 0.055111324881 0 2 84.959363562665
87 0.054946626859 0 2 86.959198789261
61 0.055040206067 0 2 89.959292349751
96 0.055083488549 0 2 94.959309455968
75 0.054837281928 0 2 95.959102312619
17 0.055120281927 0 2 95.959385271693
3 0.055390281926 0 2 95.959655334428
35 0.054887331214 0.4 1 99.959152438604
70 0.055045884341 0 1 108.959285067264
4 0.054967237777 0 1 111.959219435157
0 0.054865478091 -0.1 1 117.959117602772
80 0.05512247809 0 1 117.959374679245
16 0.054875937673 0.1 1 120.959102145185
79 0.054730285634 0.7 1 121.959120191762
24 0.054942232276 0 1 125.959194414674
93 0.055063325991 0 1 126.959315376319
18 0.05533332599 0.1 1 126.959585379227
58 0.055137741326 0 1 129.95937691151
86 0.054873419601 0 1 131.959099543557
50 0.0551564196 0 1 131.959382657665
97 0.054865589616 0 1 132.959104795084
13 0.055109589615 0.1 1 132.959348694703
17 0.054967055007 0.15 1 138.959219217482
80 0.054951394423 0.775 1 141.95919060724
16 0.054763999998 0.175 1 142.959153602977
45 0.054979061442 0 1 144.959231221485
54 0.055101641795 0 1 147.959353789141
44 0.054861708361 0 1 153.959113907846
48 0.05511870836 0.7 1 153.959370830682
88 0.05495732848 0 1 159.959183486045
6 0.055082867456 -0.1 1 161.959322114443
38 0.054937576599 0 1 162.959189758496
33 0.055146371097 0 1 164.959372583765
51 0.055001713603 0 1 165.959227860201
57 0.055245713602 0 1 165.95947187944
20 0.055149556309 0.55 1 167.959388747375
99 0.055177987383 0 1 171.959404204522
66 0.05493152868 0 1 173.959170764463
93 0.055091786001 0 1 181.959356727684
38 0.054885328105 0.4 1 184.959137261508
68 0.054803820091 0 1 186.959069066544
57 0.055163507501 0 1 188.959389584171
20 0.055136531572 0.575 1 189.959401697901
30 0.054957831037 0.4 1 191.959197022168
67 0.055188831036 0 1 191.959428048745
99 0.055086732435 0 1 193.959312694626
69 0.054932908331 0.6 1 195.959172126235
64 0.05510168401 0 1 200.959327868129
29 0.054844463598 0 1 203.959109683199
62 0.054840366707 0 1 206.959079534775
46 0.054918380969 0 1 209.959157549109
81 0.055136380968 0 1 209.95937558762
32 0.055134259918 0 1 213.959386352782
41 0.054945827388 0 1 215.959185049356
40 0.055133284321 0 1 216.959372254096
12 0.05536428432 0.55 1 216.959603381657
96 0.055005688801 0.4 1 218.959257856472
3 0.055266114931 0.2 1 224.95951828534
73 0.055175069586 0 1 225.959440304829
74 0.055044879211 0 1 227.959296930857
15 0.05526287921 0.5875 1 227.95951490894
88 0.054983305925 0 1 234.959209440935
27 0.055085322601 0.4 1 239.959350558105
17 0.054938243714 0.15 1 240.959164332203
91 0.055195243713 0 1 240.959421461601
29 0.054805332146 0 1 242.959070420295
28 0.05490669375 0 1 248.959158717322
75 0.054878778196 0 1 249.959104889881
80 0.054925342138 0.775 1 251.95919050267
56 0.055045681779 0 1 252.959297658189
10 0.054990337495 0.1875 1 254.959229306455
84 0.055167386271 0 1 260.959432510591
40 0.055167550546 0.4 1 261.959432784644
55 0.054911014221 0 1 262.959136973731
31 0.054987972817 0 1 263.959214016143
32 0.055134341002 0 1 266.95939951495
9 0.055046726788 -0.15 1 269.959285935331
43 0.055110491062 0.75 1 271.959375735412
64 0.055166747163 0 1 275.959392994435
79 0.054907333225 0.7 1 278.959146500916
90 0.054932801064 0 1 285.959198029455
17 0.054913317602 0.59375 1 290.95913946357
82 0.054988411936 0 1 293.959240526466
51 0.055219411935 0.75 1 293.959471392805
14 0.055122482905 0.775 1 294.959348714361
8 0.055248450768 0.4 1 299.95951358501
19 0.055286931345 0.59375 1 300.959513098755
92 0.054876126082 0 1 302.959102369336
58 0.055068126081 0.6 1 302.959294351219
84 0.05545512608 0 1 302.959681027823
50 0.055259294595 0 1 303.959511316885
52 0.054802564003 0 1 304.959204353308
83 0.055072564002 0 1 304.959474255571
66 0.054939322447 0 1 306.959178543837
32 0.055183322446 0 1 306.959422477839
90 0.054913191621 0.4 1 307.959275888039
70 0.055123926188 0 1 309.959350150958
42 0.055015596017 0 1 311.959254756027
17 0.054940825883 0.59375 1 312.959179759234
76 0.055018415114 0.4 1 314.959283635451
14 0.054985720504 0.896875 1 316.959374147963
19 0.055135945137 0.596875 1 323.959375049103
81 0.055273727423 0.6 1 327.959499712437
10 0.054977342019 0.1875 1 329.959242315503
82 0.054926080585 0 1 330.959165147612
98 0.055127938921 0 1 333.959354140022
28 0.05493286835 0 1 339.959198066522
35 0.054903251153 0.4 1 342.959129487134
74 0.054992897824 0 1 344.959232010997
27 0.055275897823 0.4 1 344.959514972969
7 0.054952788199 0.2 1 351.959191984386
6 0.055183788198 -0.2 1 351.959422955928
75 0.054907762385 0 1 357.959134008532
98 0.055088693545 0.6 1 361.95934064927
3 0.055183458532 0.4 1 365.959422632165
80 0.054951334639 0.775 1 366.959203487672
8 0.055027265642 0.4 1 369.959279472619
94 0.055110592468 0 1 372.959336827979
7 0.054931551892 0.4 1 373.959183500217
84 0.05494433784 0 1 374.959170508912
81 0.055227337839 0.75 1 374.959453501362
58 0.054999024332 0.6 1 375.95926423536
21 0.055017259043 0 1 377.959243488599
36 0.055155891936 0 1 384.959421136482
90 0.055046925735 0.4 1 386.959272937353
52 0.055025638799 0 1 387.959277611485
23 0.055256638798 0.4 1 387.959508755004
59 0.055034615473 0.4 1 395.959273850876
60 0.054984609255 0.4 1 396.959249840604
54 0.055176609254 0.6 1 396.95944172406
75 0.0548688159 0 1 404.959095025819
22 0.055164815899 0 1 404.959390986412
1 0.055026074475 0.2 1 411.95929128888
67 0.055139784123 0.6 1 416.959391954918
3 0.055085249175 0.4 1 421.959337220179
13 0.054956087096 0.896875 1 422.959182321462
77 0.055213087095 0 1 422.959439260821
75 0.054855664553 0 1 426.959107812868
78 0.05493940961 0.4 1 429.959178615136
32 0.055183409609 0 1 429.959422652165
67 0.055061799416 0.7 1 438.959326985504
84 0.054972010304 0.4 1 447.959198253185
34 0.055006481869 0 1 452.959271715756
89 0.054975787562 0 1 457.959214830249
47 0.055258787561 0.4 1 457.959497820328
97 0.054815512475 0.4 1 458.9590806855
1 0.055072512474 0.4 1 458.959337673212
40 0.055290512473 0.6 1 458.959555754297
68 0.054836722554 0 1 468.959075918113
96 0.055067722553 0.6 1 468.959306923977
17 0.054902086102 0.598438 1 471.959154279672
35 0.05491343734 0.6 1 474.959139650856
14 0.055083426774 0.971875 1 480.959322602099
1 0.05527408177 0.4 1 483.959526322969
51 0.055030245422 0.75 1 486.95926928294
92 0.054939658638 0.6 1 489.959165806868
7 0.05490057049 0.4 1 492.959126787778
72 0.055157570489 0 1 492.959383773992
73 0.055013783966 0 1 504.959265972639
94 0.055136510875 0 1 510.959362664793
24 0.054971041269 0.4 1 513.959197266428
46 0.054926404355 0.6 1 525.959178563749
55 0.054924283678 0.4 1 528.959163512645
2 0.055029023833 0.4 1 531.959268140317
86 0.054811854667 0 1 534.959076969959
97 0.054859251454 0.4 1 540.959124470238
52 0.055142251453 0 1 540.959407386051
7 0.05484058204 0.4 1 542.959105560513
66 0.054866209932 0 1 545.95909233698
88 0.055149209931 0.7 1 545.959375248948
11 0.054965728034 0.599219 1 552.95919173915
94 0.055365728033 0.4 1 552.959591939138
49 0.054969823212 0.6 1 553.959221815264
9 0.055096041862 -0.2 1 555.959348204235
67 0.055379041861 0.7 1 555.959631139463
90 0.054971785994 0.4 1 558.959210999315
39 0.054895125919 0.6 1 567.959134136338
60 0.055165125918 0.6 1 567.959404296376
21 0.054978133488 0.4 1 585.959243237489
72 0.055147538294 0 1 587.959412709601
93 0.055014091224 0.4 1 591.95926633813
36 0.055153779855 0.4 1 601.959418998453
68 0.054894817176 0 1 603.959147060714
