6 0.016410626869 0 2 22.055808514487
38 0.016140377942 0 2 25.055538338292
46 0.016347939896 0 2 26.055745361292
57 0.016270681819 0 2 29.055667955132
15 0.016211697152 0 2 42.055609763439
61 0.016455697151 0 2 42.055853749159
85 0.016328308158 0 2 43.055737402148
95 0.016339402026 0 2 48.05573735586
63 0.016268677144 0 2 49.055672103978
45 0.016473677143 0 2 49.055877103521
25 0.016153999998 0 2 51.055563177132
71 0.016436674573 0 2 57.055844863325
62 0.016133653474 0 2 59.055530242585
39 0.016416653473 0 2 59.055813231661
15 0.016141169492 0.5 2 64.055547011061
69 0.016619169491 0 2 64.056025131502
49 0.01625395203 0 2 65.055655395066
79 0.016545363553 0 2 67.055951681723
60 0.016148739773 0 2 68.055557039426
26 0.016379739772 0 2 68.055788025577
8 0.016623739771 -0.1 2 68.0560318551
95 0.016343492239 0 2 70.055750054288
65 0.016330256518 0 2 71.055738867467
53 0.016205008012 0 2 73.05561133231
24 0.016321237179 0 2 78.055724483734
29 0.016153516738 0 2 80.05555832151
87 0.016226601352 0 2 85.055627066763
27 0.016338189623 0 2 86.055745755395
61 0.016284105818 0 2 88.055687843246
96 0.016149144132 0 2 89.055546940608
75 0.016115569699 0 2 91.055519278948
17 0.016115797718 0 2 92.055518969311
3 0.016346797717 0.1 2 92.055750034516
35 0.016106229609 0 1 98.055514623495
70 0.016074704745 0 1 108.055478229285
4 0.016224139424 0.15 1 111.05562754782
0 0.016229110389 0.1 1 116.055627111081
80 0.01634983475 0 1 117.055752189495
16 0.01711682734 0.1 1 120.056518970092
69 0.016534493766 0.6 1 121.055937214978
18 0.016199784819 0 1 123.055596361186
3 0.016534784818 0.5 1 123.055931366624
93 0.016253270493 0 1 124.055661430357
79 0.016523270492 0.6 1 124.055931187815
24 0.016304994609 0 1 125.055711483408
58 0.016135500579 0 1 129.055544016707
86 0.016431666666 0 1 130.055831800481
13 0.016221513775 0 1 131.055622086229
50 0.016370808499 0 1 133.055778363931
97 0.016298671571 0 1 134.055706476232
17 0.016185330598 0.94375 1 137.05558758392
0 0.01625192142 0.95 1 138.055653026331
80 0.016377707497 0.7875 1 139.055777872215
16 0.016295489086 0.175 1 142.055695605575
45 0.01635558878 0 1 143.055756991043
54 0.016109494412 0 1 146.05551850492
48 0.016222189927 0.6 1 152.055629402159
44 0.016179323008 0 1 153.055577432773
88 0.016187565942 0 1 158.055594661292
38 0.016192999998 0.4 1 162.055595156485
6 0.016462999997 -0.1 1 162.05586517675
51 0.016382269846 0 1 164.055789088929
57 0.016215056704 0 1 165.055617062443
33 0.016433056703 0 1 165.055835064197
20 0.016375227445 0.15 1 167.055772245715
99 0.016330458422 0 1 173.055729250531
66 0.016233206512 0 1 174.055629622884
93 0.016294966226 0 2 181.055702721863
38 0.016145171573 0.6 2 184.055551023812
57 0.016264605103 0 2 187.055667646658
68 0.016231714511 0 2 188.055636122205
20 0.016366070666 0.575 2 189.055772034993
30 0.016415734443 0.6 2 191.055820222408
67 0.016234994588 0 2 192.055641029704
99 0.016335999998 0 2 195.055741924065
69 0.016410221414 0.6 2 197.055814888747
64 0.0163642658 0 2 200.055762360404
29 0.016196616574 0 1 204.055597335784
62 0.016118764134 0 1 206.055520241838
81 0.016381018401 0 1 212.055782187055
46 0.0166250184 0 1 212.056026149637
40 0.016185164969 0 1 214.055592177333
32 0.016247890128 0 1 215.055649054188
12 0.016517890127 0.875 1 215.055919190068
41 0.016251148477 0 1 216.055652140252
96 0.016140694203 0 1 218.05554690769
3 0.016467865121 0.8875 1 224.055873759709
74 0.016355825036 0 1 226.055757024942
73 0.016097850767 0 1 227.055497044644
15 0.016289850766 0.5875 1 227.055688927764
88 0.016197146843 0 1 233.055594616828
17 0.016147522782 0.96875 1 238.055548525324
27 0.016438391106 0.6 1 242.05584173277
29 0.01620955051 0 1 243.055607504024
91 0.016440550509 0 1 243.055838543719
28 0.016217904562 0 1 245.055619323561
75 0.016089350513 0 1 248.055488386302
56 0.016307350512 0 1 248.055706348554
10 0.016361999998 0.89375 1 249.055759797716
80 0.016365939452 0.7875 1 251.055765107663
55 0.01619571704 0.4 1 257.05559517545
84 0.016123980473 0.4 1 260.055530954397
31 0.016367980472 0.6 1 260.055775007069
40 0.01613608927 0 1 263.055540361101
32 0.016214779603 0 1 266.055612863613
9 0.016175817018 -0.2 1 269.055573935903
43 0.016319581451 0.4 1 272.055717691007
64 0.016175729518 0.6 1 276.05568539283
79 0.016411999337 0.6 1 278.055810077287
90 0.016105573048 0 1 286.055503666712
17 0.016157454983 0.9875 1 289.05555505159
51 0.016375454982 0.6 1 289.05577301538
82 0.016116987328 0 1 291.055519788697
14 0.016241109274 0.175 1 295.055641901222
8 0.016280770304 0.2 1 298.055681529966
50 0.016381419458 0.4 1 299.055778467207
84 0.016092552441 0.6 2 302.055493046253
19 0.01633655244 0.89375 2 302.055737245264
83 0.016606552439 0 2 302.056007280628
92 0.016334787994 0 2 303.055828392313
32 0.016388574818 0 2 305.055788953189
66 0.016395493808 0 2 307.055801210336
52 0.016186470071 0 2 308.055593849214
58 0.016021034215 0.7 2 309.055554053782
90 0.016252034214 0.4 2 309.055785296071
70 0.016073146884 0 2 310.055472666263
42 0.016317146883 0 2 310.055716691265
17 0.016140632715 0.9875 2 311.055547955178
76 0.016129716265 0.4 1 315.055534261564
14 0.016305645535 0.196875 1 317.055706343892
81 0.016329448718 0 1 323.055730278975
10 0.016302971367 0.89375 1 324.055707798686
82 0.01616710292 0 1 327.055571783889
98 0.016271334762 0 1 333.055668832577
28 0.016156832463 0 1 339.055554414079
74 0.016231117202 0 1 342.055628827102
27 0.016501117201 0.6 1 342.055898787954
35 0.016122541881 0 1 343.055527702971
7 0.016179999998 0.4 1 351.055582137063
6 0.016410999997 -0.2 1 351.055813108534
75 0.01606217179 0 1 358.055467269752
98 0.016270999998 0.7 1 361.055668206189
74 0.016228437674 0.6 1 364.055625996971
35 0.016097518559 0.4 1 365.055505139082
3 0.01634265023 0.89375 1 368.055750156528
80 0.016560650229 0.796875 1 368.055968180396
8 0.016311534723 0.2 1 369.05572058718
7 0.016092867584 0.4 1 373.05549637458
81 0.016351469675 0 1 374.055756288025
94 0.016300909778 0 1 377.055699630467
21 0.016214606079 0 1 378.055736156915
84 0.016072630101 0.6 1 379.055478636414
58 0.0163426301 0.7 1 379.055748713902
90 0.016113574436 0.4 1 388.055513394245
52 0.016344574435 0 1 388.055744396426
23 0.016005373707 0.4 1 390.055537253354
36 0.016288373706 0 1 390.055820249651
54 0.016114999998 0.7 1 395.055518438702
59 0.016193037692 0.6 1 396.055600567436
60 0.016122161566 0 1 398.055528631735
22 0.016144283176 0 1 404.055553029534
75 0.016111663892 0.4 1 405.055519197266
1 0.016380988352 0.796875 1 413.055782808378
67 0.016264868869 0.6 1 416.055667025398
3 0.016309396833 0.898438 2 421.055713460477
77 0.016266173455 0.6 2 422.055662695977
13 0.016198069559 0.596875 2 423.055596169151
75 0.016135119942 0.6 2 427.055532092006
78 0.016241058018 0.6 2 429.055639173784
32 0.016293698001 0 2 430.055690911235
67 0.016216879512 0.7 2 438.055614895232
84 0.01607050559 0.775 2 449.055468568394
34 0.016081255329 0.75 2 453.055577686387
89 0.016169321096 0 2 454.055567404676
47 0.016232477317 0 2 455.0556300051
1 0.01629077409 0.898438 2 457.055691970966
97 0.016327620627 0.7 2 458.055732590234
40 0.016070079636 0 2 459.055553466357
68 0.01621194069 0 2 469.055610110715
96 0.016141910839 0.4 2 470.055546795082
17 0.016163469559 0.992188 2 472.055561466644
35 0.016138065281 0.4 2 476.055540567785
34 0.016177015759 0.775 2 481.055584785066
1 0.016603015758 0.974219 2 481.056010717244
14 0.016238807006 0.196875 2 482.05563870074
77 0.016443807005 0.6 2 482.055843636624
51 0.016377715352 0.7 2 484.055775956287
92 0.016352114419 0.4 2 488.055748607086
7 0.016174147895 0.5 2 493.05557490352
72 0.016364925941 0 2 494.055761496258
73 0.016166732636 0 2 504.055564831797
94 0.016182715728 0 2 509.055579274549
24 0.016302083122 0 2 515.055698389056
46 0.016347766398 0.75 2 524.055745415646
55 0.016201293141 0.4 2 530.055599595639
2 0.01641929314 0.599219 2 530.055817618195
86 0.016426769331 0.4 2 533.055831782899
52 0.016156696285 0 2 539.055557788505
7 0.016187454163 0.5 2 541.05558753681
88 0.016167407319 0.775 2 542.055576545104
97 0.016372407318 0.7 2 542.055781501851
66 0.016186802549 0 2 545.0555904944
46 0.016395327416 0.79375 2 546.055797379648
11 0.016362926355 0.798438 2 550.055769199824
49 0.016239584036 0.4 2 551.055645286071
9 0.016133729304 -0.2 2 554.055532262152
94 0.016154128463 0.4 2 555.055562858512
67 0.016398128462 0.7 2 555.055806878609
90 0.016123437792 0.4 1 559.055529636524
39 0.016182793952 0.6 1 563.055587681067
60 0.016172275214 0 1 567.055580690617
21 0.016218999998 0 1 584.055616582443
72 0.01640855779 0.4 1 587.055813612216
93 0.016285847604 0 1 593.055690288271
36 0.016298077438 0.4 1 602.055697480316
