6 0.0457855456 0 2 21.459393533802
5 0.046068545599 0 2 21.459676582324
38 0.045898040846 0 2 22.459506193205
46 0.045950754697 0 2 25.459558944691
57 0.045898743491 0 2 29.459506820596
85 0.04579375216 0 2 43.459401768733
15 0.046025386744 0 2 45.459636417951
61 0.046256386743 0 2 45.459867402519
63 0.045763410968 0 2 47.459371565827
45 0.046020410967 0 2 47.459628564769
95 0.045792064154 0 2 48.459403637299
25 0.045888055929 0 2 50.459496249085
39 0.04589879253 0 2 56.459506870449
62 0.046129792529 0 2 56.459737865128
71 0.045999445202 0 2 57.459611066139
49 0.045824013752 0 2 59.459432203352
69 0.045809153086 0 2 60.459420900972
8 0.045848099796 0.1 2 63.459459208111
79 0.045942852716 0 2 64.459545852495
15 0.046186550598 0.4 2 67.459789091829
95 0.04580896212 0 2 70.459411296162
60 0.046026962119 0 2 70.459629471581
26 0.046309962118 0 2 70.45991245794
65 0.045888447754 0 2 71.45949656679
53 0.045898072132 0 2 73.45950070354
24 0.045777999999 0 2 78.459386150533
29 0.045861448908 0 2 79.459471675003
49 0.04583699572 -0.1 1 81.459445167288
87 0.045759022987 0 1 85.459361723652
27 0.045977022986 0 1 85.459579708843
61 0.046022333617 0 1 88.459625063871
96 0.046026995549 0 1 89.459635009964
17 0.045772410992 0 1 90.459386176758
75 0.045847119457 0 1 91.459455919785
3 0.045950326077 0.1 1 92.459558466227
35 0.045908823944 0 1 97.459523026839
69 0.045777674896 0.85 1 100.45938615838
70 0.045812961904 0 1 108.459423963355
4 0.045943732109 0 1 111.459554715815
0 0.04588583518 0 1 115.459495803093
80 0.046002897304 0 1 117.459609537611
16 0.045924342621 0 1 120.459539032023
69 0.045757810025 0.899219 1 122.459365966674
18 0.04575876385 0.55 1 124.459367256306
79 0.046028763849 0.925 1 124.459637019676
93 0.046233763848 0 1 124.459842254881
24 0.04581441052 0.55 1 125.459422560746
58 0.045936440686 0.5 1 128.459544623499
86 0.04594377773 0 1 129.459558699422
13 0.045857892215 0.85 1 130.459460816186
97 0.045885010731 0 1 136.459500125284
50 0.04615501073 0.4 1 136.459770111594
17 0.045783525177 0 1 137.459391700187
0 0.046066525176 0.4 1 137.459674610554
80 0.045994110951 0.798437 1 139.459609291745
16 0.045936294238 0.7 1 142.459538414057
45 0.045855566474 0 1 143.459463739501
54 0.045845999998 0.925 1 146.459456405128
48 0.045777999999 0.15 1 151.459386180196
44 0.045984514846 0.1 1 153.459588942984
88 0.045899106145 0.1 1 158.459509247388
6 0.045803380821 0 1 162.459415207686
38 0.04606038082 0.15 1 162.45967218764
51 0.046000395255 0 1 164.459610589199
33 0.046114942067 0.55 1 167.459725151112
20 0.045866764768 0 1 169.459474833878
57 0.046084764767 0 1 169.459692725953
99 0.045888623477 0.15 1 171.459499708505
66 0.045843069955 0 1 174.459454260032
93 0.046023363366 0.925 2 181.459631233907
38 0.045949767137 0.9625 2 184.459557645787
68 0.04586299756 0.55 2 187.459471166703
20 0.04579190401 0.6 2 191.459400082929
67 0.046113904009 0 2 191.459722089552
99 0.045836688151 0.575 2 193.459444578056
30 0.04610668815 0.7 2 193.459714757831
69 0.045771844415 0.899219 2 195.459386185838
64 0.045833741203 0.15 2 200.459441893225
29 0.045811501671 -0.15 2 203.459419689101
62 0.045971451479 0 2 205.459585081189
46 0.046010314016 0 2 208.459623926201
81 0.046003484525 0 2 209.459611658946
32 0.045777727994 0 2 210.459386194105
40 0.045772460603 0 2 211.459386154636
12 0.045811255525 0.6 1 214.459425080251
41 0.045851154661 0 1 215.459459344611
96 0.045949999998 0.4 1 217.45955706744
15 0.046116613783 0.7 1 225.459719284449
74 0.045852390665 0.175 1 226.459459056868
73 0.045880624532 0.15 1 229.459487220424
3 0.046124624531 0.975 1 229.459731120719
88 0.0459545366 0.175 1 232.459561293264
17 0.045734414452 0.75 1 237.459347190901
91 0.045805224832 0 1 240.459413731806
27 0.046062224831 0 1 240.459670704223
29 0.045799541341 -0.2 1 241.459406514767
28 0.045939372089 0.175 1 244.459547538007
56 0.045731852042 0.4 1 246.459347176649
75 0.045808741998 0 1 247.459416911303
10 0.045757919688 0.4 1 249.459373153566
80 0.046040372732 0.798437 1 250.459648545723
55 0.045836745405 0.7 1 256.45944492714
84 0.045846501356 0.575 1 258.459451788707
31 0.045971632438 0 1 259.459579821839
40 0.045725999999 0.7 1 262.459334156945
32 0.045846588733 0 1 265.45945477535
9 0.045800862158 -0.2 1 269.459409038536
43 0.045987059568 0.95 1 272.459595226542
64 0.045845999998 0.9625 1 276.459454929181
79 0.045854383178 0.95 1 277.459467874713
90 0.045877795302 0.6 1 286.459490924175
51 0.045981013704 0.6 1 288.459589634334
17 0.045759917065 0.75 1 289.459373158353
82 0.045979336248 0 1 291.459587984778
14 0.045706582794 0.9625 1 295.459321154177
8 0.045819950258 0.1875 1 297.459433226817
19 0.04585618922 -0.2 1 299.459464369149
50 0.046113189219 0.7 1 299.459721356351
83 0.045738999999 0.85 1 300.45934717097
84 0.045783008017 0.5875 1 301.459396781543
55 0.046040008016 0.75 1 301.459654065448
92 0.045756210375 0 1 303.459364376258
52 0.046050452869 0.6 1 305.459659622888
58 0.046090139335 0.9375 1 306.459698154693
90 0.04612842224 0.6 1 308.459737540393
70 0.045765006857 0.75 1 309.459369054428
66 0.0459799645 0.4 1 310.459586888315
17 0.045769301084 0.7875 1 311.459378096851
42 0.045830886705 0.6 1 312.459444026389
32 0.046113886704 0.7 1 312.459726815603
76 0.045993967929 0.6 1 314.459603159088
14 0.045724867658 0.990625 1 317.459333893555
19 0.045827432587 -0.2 1 321.459439949571
81 0.046042473376 0 1 322.459650654086
10 0.045734299756 0.4 1 324.459347154144
82 0.045961926639 0.4 1 327.459574979804
98 0.045825412081 0.9375 1 333.459433580916
28 0.045949999998 0.19375 1 339.459560538309
27 0.045948564713 0.7 1 341.459556741768
74 0.045896130075 0.1875 1 342.459500821387
35 0.045876429789 0.6 1 343.459484016489
6 0.045841978956 0.6 1 350.459450159728
7 0.046067114321 0 1 351.459674775108
75 0.045818150936 0.6 1 358.459429910587
98 0.045834447265 0.990625 1 361.459446012784
74 0.045816537447 0.596875 1 364.459428484236
3 0.046008537446 0.99375 1 364.459620535762
35 0.045845365655 0.7 1 365.459453523134
80 0.046102365654 0.799902 1 365.459710531568
8 0.045890831174 0.796875 1 369.459498193649
6 0.04585591309 0.7 1 372.45946316865
84 0.045779683974 0.89375 1 373.459387867734
7 0.046205683973 0.4 1 373.459813577597
81 0.04616836716 0.7 1 375.459775525504
21 0.045857140392 0.7 1 378.459464482391
94 0.046140140391 0.94375 1 378.459747271911
58 0.04633214039 0.946875 1 378.459939374418
90 0.045910999998 0.6 1 383.459520291093
52 0.046154999997 0.6 1 383.45976428881
23 0.045808038933 0.984375 1 385.459416212799
36 0.046013038932 0.4 1 385.459621206276
54 0.045835257176 0.995312 1 394.459443428754
59 0.045764999999 0.196875 1 396.459373158214
60 0.045843336837 0.4 1 397.459451490867
22 0.046039444492 0.6 1 403.45964762806
75 0.045884806502 0.6 1 404.459494928413
1 0.045985696459 0.6 1 411.459595395846
67 0.045917330681 0.6 1 415.459525514001
77 0.045823115991 0 2 421.459431302332
3 0.04608011599 0.997656 2 421.459688013163
13 0.045769287199 0.996094 2 423.45937315702
75 0.04586482234 0.775 2 426.459468715647
78 0.045825450702 0.79375 2 429.459439649074
32 0.045794567482 0.7 2 430.459402732848
67 0.045930212115 0.6 2 437.459538276869
84 0.045764999999 0.896875 2 448.459373165501
47 0.045725926114 0.4 2 453.459334104489
89 0.045952215956 0.19375 2 454.459560357113
34 0.046196215955 0.196875 2 454.459804327366
97 0.045892252479 0 2 458.459500393141
1 0.046175252478 0.7 2 458.459783381015
40 0.045798908366 0.7 2 459.459407073131
17 0.045753741054 0.79375 2 471.459361902404
68 0.045971741053 0.896875 2 471.459579771306
96 0.046202741052 0.6 2 471.459810775928
35 0.04592788036 0.75 2 474.459536061819
14 0.045751999999 0.99375 2 479.459360187922
77 0.04584039563 0 2 481.459454127595
1 0.046045395629 0.75 2 481.459659220817
34 0.046302395628 0.798438 2 481.459916289057
51 0.045981482766 0.75 2 482.459589665594
92 0.045777999999 0.775 2 488.459386160656
72 0.045809184439 0.4 2 492.459414803553
7 0.046040184438 0.75 2 492.459645817197
73 0.045877406975 0.973437 2 504.459490212003
94 0.046041031211 0.96875 2 509.459649198053
24 0.045866453314 0.971875 2 513.459474646334
46 0.045989736624 0.7 2 524.459597908545
55 0.045826696542 0.75 2 532.459428914598
2 0.045877155967 0.7 2 533.45948515171
86 0.046082155966 0.6 2 533.459690283794
52 0.045990264374 0.775 2 538.459598456951
97 0.045958353705 0.4 2 540.459568109085
7 0.046122060389 0.7875 2 543.459727136733
46 0.046158186594 0.775 2 546.459763470665
88 0.046101651237 0.986719 2 547.459709573019
49 0.04583308305 0.5 2 548.459442187109
11 0.046103083049 0.4 2 548.459712148451
66 0.046295083048 0.79375 2 548.459903976167
9 0.04572778497 0.4 2 554.459337129194
67 0.045862475746 0.6 2 557.45947045304
94 0.046132475745 0.971875 2 557.4597404367
90 0.045889720391 0.775 2 558.459503984293
97 0.045920729836 0.6 2 562.459528724051
39 0.045926566953 0.2 2 563.45953472149
60 0.045804366406 0.6 2 566.459412550005
21 0.045840733683 0.75 1 583.459448895099
72 0.045882460665 0.4 1 586.459490645104
93 0.045997662498 0.992969 1 592.459605832171
36 0.045990058002 0.79375 1 601.459598244415
68 0.045888994713 0.949219 1 604.459497161009
5 0.046001999998 0 1 605.459614861347
