60 850 74.156896257372
65 790 76.656779248949
65 870 76.658159248948
69 620 78.757022555291
24 770 82.956753353309
77 700 82.958094353308
24 700 82.958094353308
53 780 83.158206349441
53 840 83.162307349438
94 760 92.384065570032
87 760 92.384065570032
29 760 92.384065570032
70 810 103.659757563051
75 810 103.659757563051
17 860 107.16909331228
86 830 107.170460312279
17 830 107.170460312279
0 720 116.759743443314
69 720 116.759743443314
72 740 116.761136443313
0 740 116.761136443313
69 740 116.761136443313
33 890 116.762503443312
0 890 116.762503443312
69 890 116.762503443312
1 820 116.776316443302
17 820 116.776316443302
69 820 116.776316443302
11 880 121.856993323678
79 880 121.856993323678
79 881 121.862435323674
0 680 122.160425350264
16 631 122.172883861602
0 631 122.172883861602
0 800 122.174211861601
80 750 122.1755658616
0 750 122.1755658616
0 801 122.181137861596
18 701 130.182454818189
86 730 131.263939517701
73 660 131.2652675177
86 660 131.2652675177
86 731 131.272167517695
5 771 132.688944822962
13 771 132.688944822962
5 831 132.694399822958
13 831 132.694399822958
83 721 132.695805822957
5 721 132.695805822957
13 721 132.695805822957
5 871 132.699906822954
13 871 132.699906822954
7 821 132.765167564563
83 821 132.765167564563
13 821 132.765167564563
22 741 132.766521564562
83 741 132.766521564562
13 741 132.766521564562
93 651 134.671014927741
97 640 136.656956073114
58 761 142.171432559995
91 841 142.175559559992
76 841 142.175559559992
58 841 142.175559559992
91 781 146.169449207084
54 781 146.169449207084
22 851 173.178200475329
6 851 173.178200475329
33 661 173.186285475323
6 661 173.186285475323
20 641 173.19037347532
6 641 173.19037347532
55 671 173.191740475319
20 671 173.191740475319
6 671 173.191740475319
44 811 175.698647378525
97 811 175.698647378525
51 811 175.698647378525
22 670 175.756967382414
45 670 175.756967382414
51 670 175.756967382414
56 681 177.180707679162
85 681 177.180707679162
38 681 177.180707679162
29 711 187.28741235222
88 711 187.28741235222
66 711 187.28741235222
66 882 187.294234352215
57 621 187.295588352214
88 621 187.295588352214
66 621 187.295588352214
30 891 194.16647555312
30 682 194.172047553116
30 712 194.173440553115
90 852 194.188490553104
12 852 194.188490553104
30 852 194.188490553104
64 652 208.161065009938
56 722 208.17197500993
64 722 208.17197500993
72 612 208.173329009929
56 612 208.173329009929
64 612 208.173329009929
72 862 208.174657009928
56 862 208.174657009928
64 862 208.174657009928
81 842 216.677459218834
83 602 216.690909990992
84 602 216.690909990992
81 602 216.690909990992
98 742 216.766191286208
84 742 216.766191286208
81 742 216.766191286208
21 692 216.771595156176
50 692 216.771595156176
81 692 216.771595156176
41 802 219.666610388098
2 782 219.670750388095
41 782 219.670750388095
3 772 219.678965388089
41 772 219.678965388089
61 752 219.687063388083
40 752 219.687063388083
41 752 219.687063388083
21 732 220.266519740422
50 732 220.266519740422
29 732 220.266519740422
19 762 233.369256546138
60 762 233.369256546138
15 762 233.369256546138
15 603 233.370584546137
91 702 234.665109894855
73 702 234.665109894855
74 601 235.15556737406
32 632 235.174744374046
26 632 235.174744374046
74 632 235.174744374046
76 872 239.186053859157
3 872 239.186053859157
3 693 239.256872863053
3 892 239.259632863051
88 623 242.264940728963
29 773 246.766377171253
27 822 252.168107577237
27 663 252.169448577236
56 673 256.662958020555
36 832 256.677853936561
80 832 256.677853936561
56 783 256.681929404419
50 763 256.774213521989
80 763 256.774213521989
98 643 262.188533699337
84 643 262.188533699337
36 633 269.180625872443
76 633 269.180625872443
40 633 269.180625872443
43 713 278.697033881158
80 713 278.697033881158
10 753 286.791803302131
32 753 286.791803302131
9 753 286.791803302131
52 684 286.872857302621
50 684 286.872857302621
9 684 286.872857302621
51 893 297.777473124485
65 723 297.778801124484
51 723 297.778801124484
48 653 297.780220124483
51 653 297.780220124483
51 674 297.859623304914
9 613 297.866497304909
32 613 297.866497304909
51 613 297.866497304909
92 683 297.870494304906
20 683 297.870494304906
51 683 297.870494304906
92 714 299.285535623314
14 714 299.285535623314
30 703 299.286954623313
92 703 299.286954623313
14 703 299.286954623313
96 764 302.988897025919
8 764 302.988897025919
83 853 305.657042709237
78 634 305.66670270923
83 634 305.66670270923
83 784 305.668069709229
8 824 305.677690709222
83 824 305.677690709222
19 873 309.689767717689
17 873 309.689767717689
17 774 309.692489406075
30 804 342.797763616222
64 804 342.797763616222
74 804 342.797763616222
3 894 342.855606611698
64 894 342.855606611698
74 894 342.855606611698
64 614 342.856986611697
74 614 342.856986611697
46 654 343.290519506734
35 654 343.290519506734
4 734 343.291912506733
46 734 343.291912506733
35 734 343.291912506733
24 864 343.361139502229
35 864 343.361139502229
59 884 343.369367502223
43 884 343.369367502223
35 884 343.369367502223
57 863 344.772125729187
4 863 344.772125729187
27 863 344.772125729187
7 854 364.866402987957
74 854 364.866402987957
89 604 368.165033035532
80 604 368.165033035532
80 615 368.166361035531
80 815 368.18147603552
80 624 368.184262035518
97 694 368.191162035513
62 694 368.191162035513
80 694 368.191162035513
31 625 382.171867881727
21 625 382.171867881727
21 605 382.186956881716
60 715 382.191096881713
21 715 382.191096881713
71 655 382.192515881712
60 655 382.192515881712
21 655 382.192515881712
52 785 388.794901673653
58 785 388.794901673653
50 845 388.796307673652
52 845 388.796307673652
58 845 388.796307673652
57 675 388.797726673651
52 675 388.797726673651
58 675 388.797726673651
36 685 393.659399528893
15 885 393.667666528887
36 885 393.667666528887
14 725 393.669059528886
36 725 393.669059528886
14 795 393.670452528885
36 795 393.670452528885
14 705 393.671819528884
36 705 393.671819528884
14 765 393.673238528883
36 765 393.673238528883
85 754 393.682820528876
49 754 393.682820528876
36 754 393.682820528876
49 855 393.684226528875
36 855 393.684226528875
71 665 409.671385578521
75 665 409.671385578521
1 825 415.171713919477
1 696 415.188169919465
67 775 415.189497919464
1 775 415.189497919464
1 676 415.190916919463
88 695 415.781798076473
54 695 415.781798076473
7 695 415.781798076473
13 874 432.661604382463
13 875 432.662997382462
10 635 432.668569382458
13 635 432.668569382458
77 646 434.985610642368
77 876 434.988396642366
25 865 434.989776642365
87 865 434.989776642365
77 865 434.989776642365
25 895 434.992536642363
87 895 434.992536642363
77 895 434.992536642363
77 786 434.993955642362
78 645 435.163894245866
56 724 435.169427245862
87 724 435.169427245862
78 724 435.169427245862
89 806 435.180376245854
78 806 435.180376245854
1 846 459.187010998287
84 835 459.188338998286
1 835 459.188338998286
32 706 459.189731998285
34 706 459.189731998285
1 706 459.189731998285
34 716 474.157997320823
80 816 474.163322837595
34 816 474.163322837595
96 735 482.35679885738
96 736 482.358217857379
17 856 485.657201263311
19 666 492.166620520071
14 666 492.166620520071
19 726 492.16802652007
14 726 492.16802652007
24 627 492.170682520068
14 627 492.170682520068
14 707 492.173468520066
31 796 492.174809520065
70 796 492.174809520065
14 796 492.174809520065
31 747 492.176163520064
70 747 492.176163520064
14 747 492.176163520064
54 836 498.158241977507
72 836 498.158241977507
46 826 498.163826977503
72 826 498.163826977503
46 616 498.165167977502
72 616 498.165167977502
72 737 498.166586977501
72 797 498.172106977497
79 617 498.173512977496
72 617 498.173512977496
79 787 498.174918977495
72 787 498.174918977495
65 626 498.177600977493
31 626 498.177600977493
72 626 498.177600977493
40 847 498.187221977486
72 847 498.187221977486
92 746 508.256820985283
92 656 508.258161985282
24 877 529.174760662447
37 636 529.177468662445
87 636 529.177468662445
24 636 529.177468662445
1 687 529.178848662444
87 687 529.178848662444
24 687 529.178848662444
47 767 529.184140126308
46 767 529.184140126308
24 767 529.184140126308
26 757 542.668819672209
2 757 542.668819672209
26 667 542.670186672208
2 667 542.670186672208
52 688 542.671579672207
2 688 542.671579672207
38 887 542.675602672204
2 887 542.675602672204
88 677 542.676956672203
38 677 542.676956672203
2 677 542.676956672203
0 866 542.678284672202
38 866 542.678284672202
2 866 542.678284672202
2 738 542.693477672191
28 657 546.770231049001
88 657 546.770231049001
67 798 546.771572049
88 798 546.771572049
52 886 550.66482847344
86 886 550.66482847344
86 718 550.670374473436
21 817 550.671780473435
23 817 550.671780473435
86 817 550.671780473435
49 608 551.188521104524
49 668 551.189849104523
39 697 551.191229104522
65 697 551.191229104522
49 697 551.191229104522
3 637 551.195382104519
65 637 551.195382104519
49 637 551.195382104519
65 618 551.196788104518
49 618 551.196788104518
49 658 551.198155104517
1 858 551.199561104516
49 858 551.199561104516
1 698 551.255513100162
49 698 551.255513100162
49 878 551.256880100161
87 748 551.258807544736
49 748 551.258807544736
4 807 551.266153524406
74 807 551.266153524406
49 807 551.266153524406
74 708 551.267559524405
49 708 551.267559524405
70 808 551.268900524404
74 808 551.268900524404
49 808 551.268900524404
74 638 551.270228524403
49 638 551.270228524403
7 607 552.191233705518
7 717 552.257006709675
8 766 553.271532348602
66 766 553.271532348602
44 897 553.2742403486
8 897 553.2742403486
66 897 553.2742403486
53 647 553.275594348599
8 647 553.275594348599
66 647 553.275594348599
30 827 563.775992560613
67 827 563.775992560613
85 898 584.369229542295
44 898 584.369229542295
21 898 584.369229542295
