38 380 41.15553592968
61 610 52.755679003237
21 210 52.757085003236
63 630 53.655634902221
25 250 53.661193902217
20 200 54.15752355917
39 390 63.655566561878
60 600 74.155555257373
31 310 74.156883257372
26 260 76.656763288264
69 690 78.755567304483
62 620 78.756986304482
24 240 78.770604304472
32 320 78.771984304471
65 650 79.156810165537
79 790 79.158177165536
26 261 79.159583165535
29 290 80.655466724177
78 780 83.158102349441
37 370 83.162294349438
22 220 83.163700349437
27 270 101.656021973849
70 700 101.660148973846
30 300 101.663686259999
33 330 101.666381443971
67 670 101.667709527191
35 350 101.670430627942
77 770 101.677187895132
66 660 101.679857079104
27 271 101.681224179856
73 730 101.682578263076
35 351 101.683919363828
25 251 103.671254551868
75 751 103.691876551853
61 611 105.868795039189
31 311 105.884040039178
75 750 105.885381039177
76 760 105.892346039172
69 691 116.755554192508
68 681 116.758249192506
79 791 121.855618953004
60 601 121.856998953003
70 701 121.873506952991
34 340 122.161872782755
29 291 123.288413187519
68 680 123.688816939837
72 720 123.692852939834
74 740 123.694271939833
63 631 123.696992939831
64 641 123.762459103316
28 280 124.159059178634
28 281 124.160387178633
30 301 124.187974178613
64 640 142.164234594139
77 771 142.168231594136
72 721 142.169572594135
36 360 142.183203692999
36 361 142.192681989614
33 331 142.195338036879
20 201 142.266297048768
22 221 149.693482358107
22 222 149.694849358106
74 741 149.771936941676
38 381 149.773355941675
71 711 151.689915224973
37 371 164.659117774413
34 341 167.181186374394
38 382 167.18652489994
78 781 167.255470742674
31 312 167.259520438667
71 710 170.160641370681
76 761 170.197641370654
33 332 170.66232626184
23 230 170.667781261836
23 231 170.669200261835
20 202 170.673275261832
62 621 185.258615164909
35 352 186.677878722538
36 362 186.680625722536
67 671 186.681979722535
24 241 186.684726722533
24 242 186.687421722531
26 262 186.695623722525
67 672 186.696964722524
66 661 187.255429045613
73 731 187.258215045611
23 232 187.282615849013
66 662 187.287980409693
29 292 207.266468796983
21 211 207.271872307936
27 272 207.281312837252
60 602 207.292184857384
74 742 207.294970857382
37 372 207.296376857381
64 642 208.159468140668
79 792 208.167657140662
72 722 208.169050140661
34 342 208.17040414066
61 612 208.171758140659
25 252 212.66081745515
62 622 212.662158455149
29 293 212.695148455125
77 772 214.268990393143
30 303 228.180440337758
21 212 230.671478872685
73 732 230.672897872684
70 702 230.674277872683
69 692 230.675618872682
30 302 230.69215287267
68 682 230.693519872669
32 322 231.176282288896
32 321 232.186724527793
63 632 232.188078527792
39 391 232.189497527791
39 392 232.19087752779
73 733 234.673957550445
27 273 252.170421577237
25 253 252.173246577235
28 282 252.177295577232
65 651 252.178675577231
65 652 252.18001657723
28 283 252.181370577229
76 762 255.265219651293
39 393 255.266560651292
38 383 255.272041651288
20 203 255.276142651285
77 773 255.280282651282
29 294 255.288640651276
75 752 256.15941278351
36 363 256.178202122343
26 263 256.194270099835
62 623 256.260780103626
28 284 256.283799236972
34 343 256.285127293818
31 313 256.666037204223
67 673 256.670980400926
75 753 258.675484025213
35 353 276.159476307663
79 793 278.192815145772
71 713 278.199767145767
31 314 278.255679175504
32 323 279.162483324263
76 763 279.176283324253
64 643 279.181816324249
21 214 297.194410715468
64 644 297.195764715467
75 754 297.36094597707
78 783 297.364994977067
71 712 297.370553977063
78 784 297.371920977062
26 264 297.373261977061
79 794 297.85844414866
65 653 299.665008535234
72 723 299.666349535233
69 693 300.660798098465
25 254 300.66764609846
34 344 300.669065098459
65 654 300.684193098448
23 233 300.691002098443
77 774 300.692330098442
24 243 302.266588473474
35 354 303.678453111467
23 234 303.682502111464
60 603 303.690834111458
68 683 303.694922111455
68 684 303.696328111454
78 782 303.75543210721
67 674 303.759520107207
33 333 303.765079107203
21 213 305.768022210388
63 633 305.770769210386
63 634 305.772097210385
37 373 319.183383531221
70 703 321.25538396903
30 304 321.258143969028
70 704 321.259471969027
32 324 324.155371225339
76 764 324.166100645054
27 274 324.267390670204
71 714 324.296781017982
62 624 324.356699610664
66 663 340.159843895097
24 244 340.16955589509
73 734 340.188797895076
24 245 340.190177895075
28 285 341.861657907797
74 744 341.879584907784
20 204 341.881003907783
60 604 341.882422907782
74 745 343.18772129869
66 664 346.2624494059
31 315 346.269245405895
38 385 346.272057405893
69 694 347.656973313679
72 724 347.658301313678
35 355 347.659707313677
38 384 347.66926369675
73 735 347.700187378287
27 275 347.758290618914
75 755 366.163579752171
36 364 366.19235175215
72 725 366.196582752147
67 675 366.256789750615
70 705 366.267829750607
39 394 366.273323750603
79 795 366.274690750602
21 215 366.276109750601
34 345 370.196775630031
23 235 370.199483630029
37 375 385.298315994665
33 334 387.759658951987
61 614 387.763708070016
77 775 387.767757188045
76 765 387.782612660162
36 365 387.78796377819
62 625 387.796049014248
61 615 387.798744109113
78 785 390.19684270607
22 224 390.199498892465
29 295 390.271746158735
68 685 392.163578346164
33 335 392.169635757622
36 366 392.197293854274
60 605 404.15689623082
22 225 404.159669230818
65 655 404.174758230807
69 695 404.191149230795
60 606 404.192516230794
29 296 404.196656230791
26 265 407.775140293287
71 715 407.799811293269
39 396 408.175844982708
75 756 410.175823828584
26 266 433.771482869109
37 374 433.772849869108
28 286 433.775648869106
37 376 433.777067869105
67 676 433.778473869104
66 665 433.779827869103
35 356 433.781233869102
64 645 434.966564505668
63 635 434.967983505667
64 646 434.973373505663
30 305 434.981653505657
30 306 434.985767505654
25 256 434.987108505653
61 613 434.992511505649
70 706 457.181048140317
32 326 457.182441140316
27 276 459.665171809449
66 666 459.666525809448
77 776 472.19558794411
63 636 472.256813885615
68 686 479.183272052534
68 687 479.187321052531
26 267 479.18871405253
70 707 479.190133052529
73 736 479.658405290474
35 357 479.659798290473
65 656 479.66392529047
31 317 479.680069986931
73 737 479.68139798693
76 766 481.677071512919
77 777 481.678399888927
79 796 481.75952312312
34 346 481.762231704344
71 716 497.262167359114
39 395 497.268950956567
33 336 497.274315216715
30 307 497.277023476865
60 607 497.363426302846
36 367 497.370197887101
38 386 497.383713215191
25 257 497.393399215184
34 347 497.394779215183
72 726 498.155563129558
74 746 498.159625129555
72 727 498.167931129549
69 696 498.172071129546
62 626 498.174896129544
79 797 498.183137129538
31 318 517.68022282441
73 738 517.681563824409
38 387 539.172071188083
27 277 539.177656188079
67 678 539.178997188078
71 717 539.187316188072
32 327 539.18998518807
76 767 539.191352188069
33 337 539.192732188068
38 388 540.176588226363
78 786 541.860776991055
61 617 544.673067707251
28 287 544.675892707249
30 308 544.678613707247
29 298 544.679941707246
26 268 544.681308707245
66 667 544.682649707244
74 748 544.686763707241
37 377 544.963435441989
27 278 553.256900041982
28 288 553.258267041981
66 668 553.261014041979
69 697 553.263709041977
37 378 553.267901041974
69 698 553.269242041973
60 608 553.271963041971
61 618 553.277483041967
78 788 553.278824041966
65 658 553.280152041965
78 787 553.281519041964
33 338 553.288458041959
72 728 553.292611041956
67 677 560.698619541701
68 688 560.771692413643
79 798 560.77578041364
71 718 563.873043177971
62 628 605.26165618747
25 258 605.269754187464
25 259 605.271108187463
29 297 605.278047187458
34 348 605.285012187453
34 349 605.286405187452
