46 460 45.155371437709
61 610 52.755529514132
63 630 53.655462030483
45 450 53.658144030481
57 570 53.65951103048
71 710 57.655485373488
47 470 57.656878373487
49 490 57.658284373486
60 600 68.658324894108
44 440 74.156948257372
65 650 76.65547724895
79 790 76.656818248949
48 480 76.658172248948
69 690 78.755629555292
53 530 83.865429259549
62 620 83.869530259546
73 730 90.662901499707
66 660 90.665648499705
58 580 95.156896383918
40 400 95.158237383917
43 430 95.159630383916
52 520 95.161023383915
55 550 95.162429383914
70 700 95.163796383913
50 500 95.165215383912
59 590 95.166621383911
77 770 95.16804038391
56 560 95.169407383909
78 780 95.187204383896
67 670 101.269026754181
40 401 101.271812754179
75 750 103.655695563054
51 510 103.657023563053
76 760 103.671969563042
75 751 103.68837356303
54 540 104.992629526277
74 740 104.997980617261
72 720 104.99930861726
54 541 105.055551479562
69 691 105.056892479561
42 421 105.05824647956
79 791 121.855652323679
44 441 121.870572323668
70 701 121.871900323667
60 601 121.873280323666
68 680 125.170452194517
43 431 125.173251194515
53 531 125.18008619451
73 731 125.181505194509
41 410 130.657959869366
42 420 130.660654869364
56 561 130.672970869355
68 681 130.678386869351
50 501 130.688111869344
64 640 130.692212869341
58 581 130.69360586934
55 551 130.694972869339
64 641 132.285142359992
66 661 132.782555871255
76 761 139.258418547375
71 711 145.680408238527
78 781 145.688779238521
45 451 154.7554029545
41 411 154.799341954468
48 481 156.255540880207
49 491 156.256894880206
48 482 156.258222880205
54 542 159.176395908389
61 611 159.187435908381
52 521 159.18884190838
45 452 159.190169908379
77 771 167.361052163295
51 511 167.362432163294
50 502 167.370699163288
65 651 176.767641563965
59 591 176.769060563964
74 741 176.770479563963
43 432 176.790945563948
56 562 176.793757563946
67 671 176.795085563945
67 672 176.855420559912
40 402 186.176309025172
42 422 186.177650025171
66 662 186.17900402517
69 692 209.862122420847
73 732 209.864921420845
58 582 209.866275420844
57 572 209.867655420843
62 621 211.263573357263
57 571 211.264979357262
62 622 211.266385357261
71 712 211.269184357259
68 682 211.270564357258
72 721 211.278766357252
41 412 211.282958357249
74 742 211.284299357248
44 442 211.285666357247
49 492 218.163726827042
59 592 218.170587827037
64 642 218.171928827036
40 403 218.173321827035
60 602 218.176146827033
77 772 218.182981827028
55 552 218.184309827027
78 782 218.185689827026
63 632 219.666923181926
46 462 219.669722181924
47 472 219.671050181923
46 463 224.168802926785
53 532 229.271000461724
79 792 229.277654081037
72 722 229.278982081036
65 652 229.280323401335
61 612 229.297928177612
48 483 229.359479599804
52 522 234.675930664622
73 733 234.68275386057
42 423 234.692220343427
74 743 235.172062374048
75 752 240.759593729711
75 753 240.76101272971
41 413 245.691750057425
58 583 245.785612260399
70 702 245.791132260395
62 623 259.884282556361
77 773 259.956984560541
52 523 259.95837756054
55 553 259.959744560539
49 493 259.961098560538
59 593 259.962465560537
76 763 262.679680262629
63 631 264.1786866942
43 433 268.96080856632
76 762 268.981068432646
63 633 269.071665863528
45 453 284.772261516775
71 713 284.776466516772
43 434 284.77920051677
44 443 285.669341650811
79 793 285.67069565081
65 653 296.672760297962
69 693 296.674166297961
65 654 296.67553329796
52 524 296.676952297959
77 774 296.681092297956
78 783 300.674790615128
42 424 300.681612615123
78 784 300.684424615121
61 613 300.687171615119
45 454 300.688525615118
58 584 303.162350844288
66 663 303.163730844287
66 664 303.166529844285
75 754 303.170734844282
47 473 303.18719084427
47 474 303.188583844269
76 764 303.191382844267
60 603 306.775073433786
72 723 310.262127832579
49 494 310.28230831134
79 794 310.364763988114
70 703 312.263549696208
71 714 312.26623177866
63 634 313.055502423984
54 544 321.258291442598
70 704 321.261051442596
53 533 321.265217442593
59 594 321.266623442592
53 534 324.181581974937
54 543 336.159033731696
42 425 336.182155731679
72 724 337.685693405548
69 694 337.687112405547
46 464 337.693999405542
62 624 337.695405405541
46 465 337.756947140545
74 744 344.690584354048
60 604 344.691990354047
74 745 350.689786363075
44 444 352.16729558718
48 484 352.259601590737
43 435 357.256986214157
70 705 357.258405214156
59 595 357.259733214155
53 535 372.792027021144
75 755 372.793355021143
41 414 372.866748534148
77 775 372.868089534147
63 635 373.671929813378
49 495 376.26576353952
47 475 376.268523539518
61 614 376.275332539513
62 625 378.190446605521
65 655 378.193128605519
73 735 391.178744225758
69 695 391.180098225757
60 605 391.181504225756
73 734 391.182871225755
48 485 391.184212225754
72 725 391.18970622575
41 415 391.192492225748
78 785 391.193911225747
50 504 391.195304225746
50 505 391.196684225745
52 525 391.198103225744
44 445 391.269224331539
45 455 391.271932331537
71 715 391.273325331536
45 456 391.276137331534
54 545 397.760545535813
79 795 397.767367535808
76 765 407.798584867451
47 476 407.79993886745
75 756 409.678140653128
40 405 423.175788773794
43 436 434.959624642387
40 406 434.963725642384
78 786 435.165248245865
77 776 435.166576245864
46 466 438.769696180727
49 496 438.771102180726
48 486 438.773862180724
42 426 438.776648180722
74 746 438.778028180721
44 446 438.77935618072
65 656 438.784824180716
41 416 457.273068567977
71 716 457.274396567976
72 726 463.758201774425
73 736 463.759555774424
47 477 463.760935774423
40 407 464.296761471781
53 536 476.181721014521
77 777 480.955458430532
76 766 482.868108674248
62 627 482.869475674247
70 707 482.872209674245
51 516 487.655496407027
51 517 487.662383407022
46 467 487.681547407008
70 706 492.28275093056
43 437 492.284156930559
79 796 492.286955930557
69 696 492.288348930556
76 767 492.294620784392
63 636 492.295987784391
42 427 497.265609365454
44 447 497.267028365453
53 537 497.268434365452
45 457 497.269801365451
72 727 498.158202977507
49 497 498.166404977501
79 797 498.1678239775
73 737 512.672194846419
62 626 512.690095846406
65 657 520.675990288158
63 637 520.684374288152
40 408 544.97525341942
48 487 552.264083421292
72 728 557.670385001598
69 697 557.674564001595
44 448 557.678561001592
53 538 557.679980001591
47 478 557.682701001589
75 757 557.684107001588
42 428 557.689562001584
62 628 557.690968001583
41 417 557.692361001582
48 488 563.259729354172
71 717 563.261070354171
43 438 563.26242435417
71 718 563.263791354169
74 747 570.166110399237
74 748 570.167438399236
70 708 570.170146399234
63 638 570.171552399233
65 658 570.17574439923
77 778 570.177072399229
41 418 593.682717125813
45 458 593.685464125811
78 787 593.693731125805
78 788 593.695059125804
