62 450 53.658144030481
63 450 53.658144030481
62 570 53.65951103048
63 570 53.65951103048
71 470 57.656878373487
71 490 57.658284373486
49 600 68.658324894108
65 790 76.656818248949
79 480 76.658172248948
65 480 76.658172248948
79 530 83.865390259549
69 620 83.869465259546
53 620 83.869465259546
79 620 83.869465259546
53 780 83.870858259545
79 780 83.870858259545
17 730 90.662901499707
73 660 90.665648499705
17 660 90.665648499705
24 580 95.156896383918
58 520 95.161010383915
24 520 95.161010383915
58 550 95.162377383914
24 550 95.162377383914
24 700 95.163757383913
70 500 95.165163383912
24 500 95.165163383912
70 590 95.166517383911
24 590 95.166517383911
24 770 95.16791038391
24 560 95.169264383909
30 670 101.268987754181
3 670 101.268987754181
75 510 103.656997563053
75 760 103.671969563042
54 680 104.99933461726
69 680 104.99933461726
72 740 105.055551479562
54 740 105.055551479562
69 740 105.055551479562
74 720 105.056905479561
54 720 105.056905479561
69 720 105.056905479561
35 541 109.679058203496
79 701 121.872160323667
70 601 121.873566323666
79 601 121.873566323666
4 540 125.168903194518
4 531 125.18002119451
99 451 125.181401194509
4 451 125.181401194509
99 731 125.182742194508
4 731 125.182742194508
80 561 130.673022869355
80 681 130.678360869351
31 501 130.687864869344
80 501 130.687864869344
58 640 130.69338486934
80 640 130.69338486934
80 581 130.694712869339
13 551 130.696053869338
58 551 130.696053869338
80 551 130.696053869338
13 641 132.286625001685
26 641 132.286625001685
16 641 132.286625001685
93 661 132.782542871255
40 771 135.165196170897
50 771 135.165196170897
36 461 135.166589170896
50 461 135.166589170896
38 521 135.169271170894
50 521 135.169271170894
36 721 135.171979170892
50 721 135.171979170892
58 761 139.259746547374
48 491 156.256907880206
91 781 159.170576908393
54 781 159.170576908393
25 711 159.171904908392
37 711 159.171904908392
54 711 159.171904908392
54 452 159.187045908381
88 502 159.195247908375
54 502 159.195247908375
99 651 176.767615563965
22 591 176.769008563964
99 591 176.769008563964
22 741 176.770375563963
99 741 176.770375563963
99 562 176.795228563945
99 671 176.796556563944
99 672 176.799316563942
93 511 179.188165420499
57 621 182.656901943083
64 552 208.15834400994
54 532 208.176232009927
64 532 208.176232009927
53 792 208.177638009926
54 792 208.177638009926
64 792 208.177638009926
55 772 208.179031009925
64 772 208.179031009925
55 782 208.180398009924
64 782 208.180398009924
78 652 208.181778009923
55 652 208.181778009923
64 652 208.181778009923
88 512 208.184460009921
34 512 208.184460009921
64 512 208.184460009921
64 722 208.189902009917
40 612 208.191230009916
72 612 208.191230009916
64 612 208.191230009916
95 592 208.192597009915
72 592 208.192597009915
64 592 208.192597009915
52 492 208.193925009914
40 492 208.193925009914
64 492 208.193925009914
69 732 209.864921420845
69 582 209.866314420844
29 622 211.266463357261
29 712 211.269236357259
71 682 211.270616357258
29 682 211.270616357258
12 742 211.285640357247
29 742 211.285640357247
32 632 219.66152018193
32 462 219.669800181924
46 472 219.671206181923
32 472 219.671206181923
56 522 229.291144558299
15 522 229.291144558299
11 483 229.3649995998
88 483 229.3649995998
15 483 229.3649995998
8 702 234.662375894857
96 702 234.662375894857
73 702 234.662375894857
73 583 234.665084389143
26 631 235.163743374054
74 631 235.163743374054
18 752 244.29419757479
51 752 244.29419757479
29 752 244.29419757479
0 471 244.295590574789
51 471 244.295590574789
29 471 244.295590574789
29 623 244.360921570496
10 762 244.362340570495
77 762 244.362340570495
29 762 244.362340570495
29 773 244.365126570493
56 673 256.256960134165
91 673 256.256960134165
78 683 256.258366134164
56 683 256.258366134164
91 683 256.258366134164
80 503 262.67494874414
28 503 262.67494874414
80 763 262.676315744139
28 763 262.676315744139
80 553 264.196870525097
55 493 264.198237525096
80 493 264.198237525096
55 523 264.258067866671
80 523 264.258067866671
52 602 264.25943486667
55 602 264.25943486667
80 602 264.25943486667
55 593 264.260827866669
80 593 264.260827866669
76 633 269.058092897119
32 633 269.058092897119
6 663 269.060814443231
76 663 269.060814443231
32 663 269.060814443231
32 753 269.082416719899
91 563 269.09181781212
75 563 269.09181781212
32 563 269.09181781212
9 453 269.093184812119
75 453 269.093184812119
32 453 269.093184812119
9 613 269.094564812118
75 613 269.094564812118
32 613 269.094564812118
98 643 269.683051145646
40 643 269.683051145646
55 643 269.683051145646
43 713 286.263510134162
79 713 286.263510134162
80 713 286.263510134162
90 653 296.667180269544
18 513 296.668521269543
90 513 296.668521269543
19 693 296.676762269537
6 693 296.676762269537
90 693 296.676762269537
90 564 296.68646126953
90 654 296.687880269529
24 504 296.689299269528
90 504 296.689299269528
25 524 296.690666269527
24 524 296.690666269527
90 524 296.690666269527
90 774 296.692007269526
40 644 296.697475269522
90 644 296.697475269522
82 783 300.673657615129
30 603 300.676430615127
78 603 300.676430615127
82 603 300.676430615127
82 784 300.691416178594
65 723 300.794602945457
51 723 300.794602945457
84 723 300.794602945457
51 674 300.795969945456
84 674 300.795969945456
83 664 308.193071961016
8 664 308.193071961016
26 454 308.258228964158
66 454 308.258228964158
8 454 308.258228964158
32 514 309.873103297058
52 684 309.880055297053
32 684 309.880055297053
32 703 309.881409297052
70 543 309.882828297051
32 543 309.882828297051
70 544 309.887033297048
32 544 309.887033297048
32 704 309.888426297047
39 533 309.889793297046
70 533 309.889793297046
32 533 309.889793297046
39 594 309.891199297045
70 594 309.891199297045
32 594 309.891199297045
19 793 310.286889832561
19 794 310.292409832557
83 584 310.680559122957
92 714 312.991650424083
45 634 312.999878424077
7 634 312.999878424077
92 634 312.999878424077
93 574 341.790624653147
82 574 341.790624653147
88 464 341.792043653146
93 464 341.792043653146
82 464 341.792043653146
4 624 341.794816653144
93 624 341.794816653144
82 624 341.794816653144
93 534 341.796209653143
82 534 341.796209653143
74 604 341.883911902924
28 604 341.883911902924
28 614 341.888051902921
98 473 347.160559038494
98 474 347.161913038493
86 694 347.17968403848
98 694 347.17968403848
86 494 347.181077038479
98 494 347.181077038479
98 465 347.19347103847
28 744 347.197637038467
98 744 347.197637038467
38 734 352.25561759074
4 734 352.25561759074
27 734 352.25561759074
38 724 352.257023590739
4 724 352.257023590739
27 724 352.257023590739
37 484 352.262530590735
38 484 352.262530590735
27 484 352.262530590735
35 595 357.263795214152
85 575 365.669469481308
75 575 365.669469481308
75 535 365.674976481304
75 725 365.6804704813
72 795 365.688672481294
75 795 365.688672481294
47 775 365.690026481293
75 775 365.690026481293
3 635 373.666251813383
63 645 373.67035281338
3 645 373.67035281338
63 665 373.674531813377
3 665 373.674531813377
80 615 374.179428836539
8 585 374.182162836537
80 585 374.182162836537
29 455 374.194530836528
61 455 374.194530836528
80 455 374.194530836528
94 495 376.269812539517
8 625 377.866560920936
7 525 382.356887590808
52 785 382.361002281171
7 785 382.361002281171
73 485 385.294248432847
90 485 385.294248432847
73 565 385.295589432846
90 565 385.295589432846
90 735 385.296982432845
73 695 385.358215428444
90 695 385.358215428444
90 605 385.359634428443
36 545 397.760571535813
36 685 397.766078535809
94 475 397.775790535802
49 475 397.775790535802
36 475 397.775790535802
84 515 398.293272389871
52 515 398.293272389871
94 515 398.293272389871
82 765 401.185782924205
9 765 401.185782924205
54 765 401.185782924205
47 705 401.1927609242
39 705 401.1927609242
54 705 401.1927609242
60 655 404.159734230818
65 715 404.161062230817
60 715 404.161062230817
65 555 404.162416230816
60 555 404.162416230816
60 526 404.256987227814
84 476 404.258354227813
52 476 404.258354227813
60 476 404.258354227813
84 456 404.259695227812
52 456 404.259695227812
60 456 404.259695227812
1 675 423.177220773793
1 676 423.182792773789
77 506 434.962384642385
77 576 434.963803642384
85 505 434.965196642383
77 505 434.965196642383
95 566 434.972174642378
77 566 434.972174642378
77 646 434.981912642371
32 466 442.676255205163
32 496 442.679015205161
48 556 442.681775205159
32 556 442.681775205159
20 486 442.687191205155
32 486 442.687191205155
32 746 442.688532205154
47 626 463.760935774423
48 726 463.766977284079
47 726 463.766977284079
49 616 463.77157367396
48 616 463.77157367396
47 616 463.77157367396
97 586 465.274282337397
68 706 465.285114337389
9 706 465.285114337389
97 706 465.285114337389
48 656 465.291975337384
47 656 465.291975337384
97 656 465.291975337384
97 477 465.296102337381
34 716 474.158049320823
96 666 485.760368558278
35 736 485.765836558274
96 736 485.765836558274
0 527 487.67874840701
36 527 487.67874840701
51 527 487.67874840701
36 467 487.680076407009
51 467 487.680076407009
36 587 487.688447407003
51 587 487.688447407003
0 677 487.756928403867
51 677 487.756928403867
14 707 491.673650513856
55 457 491.674991513855
70 457 491.674991513855
14 457 491.674991513855
55 536 491.676358513854
70 536 491.676358513854
14 536 491.676358513854
70 557 491.677699513853
14 557 491.677699513853
55 497 491.679027513852
70 497 491.679027513852
14 497 491.679027513852
12 796 491.684560513848
17 796 491.684560513848
14 796 491.684560513848
12 696 491.685953513847
17 696 491.685953513847
14 696 491.685953513847
17 766 491.687346513846
14 766 491.687346513846
72 737 498.169125977499
55 797 498.18154597749
72 797 498.18154597749
82 617 498.19528097748
31 617 498.19528097748
72 617 498.19528097748
24 627 520.670468288163
24 517 520.682901288154
24 518 520.689684288149
75 487 543.257039682489
66 487 543.257039682489
69 537 543.267949682481
66 537 543.267949682481
69 607 543.271985682478
66 607 543.271985682478
66 698 543.273313682477
66 498 543.278885682473
87 636 543.280265682472
49 636 543.280265682472
66 636 543.280265682472
87 637 543.281632682471
49 637 543.281632682471
66 637 543.281632682471
8 577 543.28297368247
66 577 543.28297368247
57 567 543.284340682469
8 567 543.284340682469
66 567 543.284340682469
57 767 543.287178682467
8 767 543.287178682467
66 767 543.287178682467
53 697 543.290003682465
8 697 543.290003682465
66 697 543.290003682465
53 647 543.291422682464
8 647 543.291422682464
66 647 543.291422682464
8 538 543.292828682463
66 538 543.292828682463
8 578 543.294221682462
66 578 543.294221682462
57 628 543.295614682461
8 628 543.295614682461
66 628 543.295614682461
66 657 543.29694268246
37 686 543.298283682459
65 686 543.298283682459
66 686 543.298283682459
66 658 543.357026677984
65 618 543.358393677983
66 618 543.358393677983
7 558 544.972889441981
46 558 544.972889441981
99 528 544.97429544198
7 528 544.97429544198
46 528 544.97429544198
99 688 544.975675441979
7 688 544.975675441979
46 688 544.975675441979
88 488 547.668564366221
55 488 547.668564366221
88 678 556.362397501006
52 678 556.362397501006
88 738 556.363790501005
52 738 556.363790501005
7 717 556.665716902578
39 748 556.693355902558
67 748 556.693355902558
7 748 556.693355902558
39 608 556.694683902557
67 608 556.694683902557
7 608 556.694683902557
39 747 570.160572399241
80 708 570.174216399231
39 708 570.174216399231
16 548 570.183668399224
39 548 570.183668399224
16 718 570.185061399223
54 718 570.185061399223
39 718 570.185061399223
54 638 570.18920139922
39 638 570.18920139922
21 588 570.192039399218
39 588 570.192039399218
60 547 580.190708368656
72 508 604.159609091996
50 768 604.160976091995
72 768 604.160976091995
72 479 604.162304091994
36 478 605.865243859922
93 478 605.865243859922
47 568 605.866649859921
36 568 605.866649859921
93 568 605.866649859921
