15 80 48.157510571186
69 30 78.756824705932
69 530 78.763685705927
53 180 78.765013705926
69 180 78.765013705926
69 240 78.766354705925
24 580 78.769153705923
69 580 78.769153705923
19 480 80.663468043751
29 480 80.663468043751
87 440 97.672022001382
61 440 97.672022001382
87 940 97.673441001381
61 940 97.673441001381
54 41 111.669163571252
3 41 111.669163571252
30 40 112.167918979547
69 40 112.167918979547
78 280 112.180082701385
12 280 112.180082701385
69 280 112.180082701385
69 540 112.192463755372
66 730 112.196552894568
54 730 112.196552894568
69 730 112.196552894568
72 740 112.199351894566
54 740 112.199351894566
69 740 112.199351894566
69 541 112.256772533432
70 590 114.979604293059
12 590 114.979604293059
35 590 114.979604293059
40 140 114.982364293057
12 140 114.982364293057
35 140 114.982364293057
78 281 114.985098293055
12 281 114.985098293055
35 281 114.985098293055
68 340 114.986439293054
54 340 114.986439293054
35 340 114.986439293054
30 31 115.000278293044
54 31 115.000278293044
35 31 115.000278293044
30 330 115.055684296602
3 330 115.055684296602
35 330 115.055684296602
12 780 115.057077296601
3 780 115.057077296601
35 780 115.057077296601
54 680 115.061113296598
69 680 115.061113296598
35 680 115.061113296598
17 381 121.86095489867
79 381 121.86095489867
80 840 124.167088664368
84 181 124.168455664367
80 181 124.168455664367
80 681 124.173988664363
31 430 124.17811566436
80 430 124.17811566436
43 141 124.179443664359
80 141 124.179443664359
80 431 124.182203664357
58 130 124.193048664349
80 130 124.193048664349
20 890 124.194415664348
58 890 124.194415664348
80 890 124.194415664348
20 980 124.195743664347
58 980 124.195743664347
80 980 124.195743664347
80 581 124.197162664346
14 631 124.198503664345
80 631 124.198503664345
50 331 124.199909664344
14 331 124.199909664344
80 331 124.199909664344
14 131 124.255400661643
80 131 124.255400661643
13 640 124.256754661642
14 640 124.256754661642
80 640 124.256754661642
21 830 134.658152852141
93 830 134.658152852141
93 341 134.663581852137
93 990 134.666406852135
93 991 134.675860399528
38 531 138.69508536808
83 531 138.69508536808
13 531 138.69508536808
22 591 138.696439368079
83 591 138.696439368079
13 591 138.696439368079
22 741 138.697858368078
83 741 138.697858368078
13 741 138.697858368078
99 731 144.199500496778
93 731 144.199500496778
24 731 144.199500496778
44 880 154.164999530727
17 481 156.773308232146
17 482 156.777461232143
38 831 159.185910232984
50 831 159.185910232984
54 831 159.185910232984
54 442 159.198304232975
98 781 166.782835808211
31 781 166.782835808211
93 781 166.782835808211
98 841 166.78424180821
31 841 166.78424180821
93 841 166.78424180821
31 981 166.785660808209
93 981 166.785660808209
98 891 166.787040808208
31 891 166.787040808208
93 891 166.787040808208
31 142 166.788459808207
93 142 166.788459808207
53 231 166.7981198082
45 231 166.7981198082
93 231 166.7981198082
45 182 166.855393100151
93 182 166.855393100151
97 441 166.863699100145
93 441 166.863699100145
20 641 170.691254261819
33 641 170.691254261819
33 941 170.694027261817
22 532 176.697973080357
20 532 176.697973080357
80 241 178.686448679309
38 241 178.686448679309
80 242 178.687802679308
38 242 178.687802679308
38 432 178.697488679301
38 42 178.75812667933
30 682 200.162530247239
12 742 200.172190247232
30 742 200.172190247232
6 332 200.189948247219
30 332 200.189948247219
64 232 208.165026475544
64 32 208.169114475541
86 82 208.175988475536
64 82 208.175988475536
69 732 210.769059606796
69 582 210.770387606795
44 881 210.773147606793
69 881 210.773147606793
61 342 210.789694606781
22 342 210.789694606781
69 342 210.789694606781
84 982 221.695630279168
62 982 221.695630279168
23 592 221.759798338575
84 592 221.759798338575
62 592 221.759798338575
32 632 222.169756570861
46 632 222.169756570861
90 842 222.183543570851
46 842 222.183543570851
84 832 222.18494957085
90 832 222.18494957085
46 832 222.18494957085
32 33 222.197161570841
46 33 222.197161570841
3 782 231.659632757231
77 942 231.662418757229
3 942 231.662418757229
3 892 231.666558757226
61 83 234.66143496739
73 83 234.66143496739
15 882 236.674984912562
88 792 236.69144091255
15 792 236.69144091255
15 483 236.698210912545
58 133 236.770740549167
73 133 236.770740549167
15 133 236.770740549167
73 583 236.772068549166
15 583 236.772068549166
15 733 236.773435549165
98 233 256.164790728785
80 233 256.164790728785
10 43 258.667178025219
10 343 258.671253025216
92 593 258.67942902521
10 593 258.67942902521
40 983 262.196729924289
98 643 262.198057924288
40 643 262.198057924288
92 282 268.680136778608
55 282 268.680136778608
97 693 268.758223666266
55 693 268.758223666266
4 383 268.766271052928
97 383 268.766271052928
55 383 268.766271052928
97 44 268.76900574626
55 44 268.76900574626
84 433 276.175963071266
32 433 276.175963071266
32 843 276.177356071265
51 183 276.18425607126
75 183 276.18425607126
32 183 276.18425607126
19 344 278.289469945942
64 344 278.289469945942
43 34 285.669445650811
43 443 285.672166650809
44 84 285.673494650808
43 84 285.673494650808
43 444 285.674874650807
43 793 285.683193650801
90 244 288.289883849275
82 783 291.058285807654
79 783 291.058285807654
82 784 291.061123807652
79 784 291.061123807652
50 234 302.673159699459
51 893 304.160800134371
20 893 304.160800134371
84 893 304.160800134371
51 184 304.16212813437
20 184 304.16212813437
84 184 304.16212813437
23 484 304.165959806712
50 484 304.165959806712
84 484 304.165959806712
50 683 304.167287806711
84 683 304.167287806711
10 633 304.67541605856
8 633 304.67541605856
10 634 304.676796058559
8 634 304.676796058559
18 993 304.698707058543
51 993 304.698707058543
8 993 304.698707058543
58 834 304.755481960257
51 834 304.755481960257
8 834 304.755481960257
61 333 305.658312861926
83 333 305.658312861926
83 144 305.661047452876
83 134 305.663717043826
92 143 328.173876509649
39 594 334.699149762392
70 594 334.699149762392
82 594 334.699149762392
70 543 334.755634759745
81 543 334.755634759745
82 543 334.755634759745
3 894 334.761232759741
81 894 334.761232759741
82 894 334.761232759741
23 684 334.76256075974
82 684 334.76256075974
20 933 334.763953759739
23 933 334.763953759739
82 933 334.763953759739
20 934 334.765333759738
23 934 334.765333759738
82 934 334.765333759738
82 235 334.766700759737
82 584 334.770866759734
21 944 335.171081694881
98 944 335.171081694881
35 533 335.173802694879
86 533 335.173802694879
98 533 335.173802694879
86 694 335.177812694876
98 694 335.177812694876
98 245 335.189985694867
53 734 335.191326694866
24 734 335.191326694866
98 734 335.191326694866
72 384 343.673148488782
56 384 343.673148488782
35 384 343.673148488782
59 544 343.699017488763
35 544 343.699017488763
59 884 343.755606484319
35 884 343.755606484319
35 595 343.758340484317
23 45 343.765240484312
43 45 343.765240484312
35 45 343.765240484312
35 435 343.766633484311
61 334 350.187768285789
64 334 350.187768285789
74 334 350.187768285789
74 285 350.190528285787
27 385 353.759679649718
4 534 353.762400649716
27 534 353.762400649716
6 345 353.766527649713
27 345 353.766527649713
35 35 365.772179509914
35 36 365.776215509911
90 935 370.697335195556
61 935 370.697335195556
8 935 370.697335195556
58 995 375.199223746593
81 995 375.199223746593
85 335 377.171194929387
94 335 377.171194929387
21 585 388.683805310564
58 835 388.686513310562
21 835 388.686513310562
58 994 388.687880310561
21 994 388.687880310561
36 545 398.161128537439
24 685 398.169264870172
36 685 398.169264870172
15 695 398.170618870171
36 695 398.170618870171
33 135 399.158159149455
94 135 399.158159149455
15 885 399.196578149427
36 885 399.196578149427
94 885 399.196578149427
36 286 399.197958149426
94 286 399.197958149426
17 785 403.676132786542
41 785 403.676132786542
59 785 403.676132786542
56 535 403.677538786541
59 535 403.677538786541
60 445 405.161620781927
44 185 405.256799780736
65 185 405.256799780736
60 185 405.256799780736
60 845 405.259520780734
75 795 420.161232697125
81 586 430.169994569257
77 586 430.169994569257
77 645 430.171413569256
64 635 430.172767569255
77 635 430.172767569255
86 895 430.175436569253
64 895 430.175436569253
77 895 430.175436569253
77 646 430.176790569252
77 986 430.186528569245
25 896 435.266116415113
78 896 435.266116415113
2 546 462.672016339172
15 546 462.672016339172
89 546 462.672016339172
5 436 462.673383339171
9 436 462.673383339171
89 436 462.673383339171
89 846 462.677536339168
34 46 462.680322339166
84 46 462.680322339166
89 46 462.680322339166
84 346 462.681650339165
89 346 462.681650339165
34 386 462.683069339164
84 386 462.683069339164
89 386 462.683069339164
32 746 462.684449339163
84 746 462.684449339163
89 746 462.684449339163
32 486 462.685842339162
84 486 462.685842339162
89 486 462.685842339162
47 946 464.158688481899
88 146 464.160042481898
47 146 464.160042481898
47 886 464.161370481897
90 236 472.168855823663
97 236 472.168855823663
97 437 472.175625823658
68 636 474.162413407379
35 736 475.660923466168
76 37 480.664424190534
17 37 480.664424190534
3 246 480.667171190532
17 246 480.667171190532
24 536 480.668499190531
3 536 480.668499190531
17 536 480.668499190531
3 247 480.66982719053
17 247 480.66982719053
70 147 480.672483190528
17 147 480.672483190528
96 735 481.662348525707
92 287 489.175033793576
87 936 489.180540793572
89 936 489.180540793572
92 936 489.180540793572
62 186 491.667018513857
70 186 491.667018513857
14 186 491.667018513857
79 696 508.275351931704
55 696 508.275351931704
73 696 508.275351931704
82 187 508.289047931694
79 187 508.289047931694
73 187 508.289047931694
61 747 508.290414931693
79 747 508.290414931693
73 747 508.290414931693
82 797 508.291833931692
95 797 508.291833931692
73 797 508.291833931692
73 947 508.298655931687
92 796 511.162626746036
92 447 511.163993746035
92 537 511.168172746032
40 737 517.169082121106
31 737 517.169082121106
94 737 517.169082121106
92 446 520.161346305046
24 446 520.161346305046
24 38 520.166788305042
24 347 520.16956130504
34 897 520.180458305032
24 897 520.180458305032
24 348 520.181812305031
0 47 520.18316630503
51 47 520.18316630503
24 47 520.18316630503
16 587 537.174260813062
0 587 537.174260813062
2 587 537.174260813062
0 887 537.17702081306
2 887 537.17702081306
0 388 537.178413813059
2 388 537.178413813059
52 387 537.181134813057
0 387 537.181134813057
2 387 537.181134813057
7 997 537.693769849852
99 547 537.695188849851
7 547 537.695188849851
86 836 544.672107854453
55 836 544.672107854453
55 237 544.687851189366
55 238 544.689192189365
88 288 548.176077589126
88 738 548.180178589123
99 688 550.696265608012
7 688 550.696265608012
86 688 550.696265608012
66 697 550.755606612478
86 697 550.755606612478
66 698 550.756986612477
86 698 550.756986612477
8 538 550.758340612476
66 538 550.758340612476
86 538 550.758340612476
1 647 550.759668612475
66 647 550.759668612475
86 647 550.759668612475
99 488 554.673351622243
92 488 554.673351622243
9 488 554.673351622243
21 438 554.676124622241
90 438 554.676124622241
9 438 554.676124622241
59 188 563.656907856161
39 188 563.656907856161
59 787 563.659628856159
39 787 563.659628856159
16 548 563.757011851635
39 548 563.757011851635
21 996 563.759823851633
16 996 563.759823851633
39 996 563.759823851633
60 87 573.692287809845
60 88 573.693693809844
60 448 573.696505809842
60 748 573.763712806668
60 637 573.765118806667
60 638 573.769271806664
60 89 573.771992806662
52 888 573.77481780666
67 888 573.77481780666
60 888 573.77481780666
60 948 573.791195806648
9 338 576.656947628561
50 837 596.165375426657
72 837 596.165375426657
50 838 596.168109426655
72 838 596.168109426655
