62 450 53.658144030481
63 450 53.658144030481
71 470 57.656878373487
71 490 57.658284373486
0 440 74.156948257372
60 440 74.156948257372
65 790 76.656818248949
79 480 76.658172248948
65 480 76.658172248948
17 730 90.662901499707
58 400 95.158237383917
24 400 95.158237383917
58 430 95.159630383916
24 430 95.159630383916
24 700 95.163796383913
24 770 95.16804038391
53 780 95.187204383896
69 780 95.187204383896
24 780 95.187204383896
3 401 101.271812754179
75 760 103.671969563042
72 740 104.997980617261
54 740 104.997980617261
69 740 104.997980617261
74 720 104.99930861726
54 720 104.99930861726
69 720 104.99930861726
12 421 105.05824647956
69 421 105.05824647956
88 441 121.870572323668
70 441 121.870572323668
79 441 121.870572323668
79 701 121.871900323667
16 431 125.173251194515
4 431 125.173251194515
45 731 125.181505194509
4 731 125.181505194509
80 410 130.657959869366
80 420 130.660654869364
58 761 139.258418547375
17 711 145.680408238527
91 781 145.688779238521
54 781 145.688779238521
17 781 145.688779238521
44 411 154.799341954468
45 411 154.799341954468
48 491 156.256894880206
54 452 159.190169908379
5 771 167.361052163295
31 771 167.361052163295
93 771 167.361052163295
22 741 176.770479563963
99 741 176.770479563963
4 432 176.790945563948
99 432 176.790945563948
66 402 186.176309025172
20 402 186.176309025172
66 422 186.177650025171
20 422 186.177650025171
69 732 209.864921420845
29 712 211.269184357259
83 721 211.278766357252
12 721 211.278766357252
29 721 211.278766357252
35 412 211.282958357249
12 412 211.282958357249
29 412 211.282958357249
12 742 211.284299357248
29 742 211.284299357248
97 442 211.285666357247
12 442 211.285666357247
29 442 211.285666357247
52 492 218.163726827042
40 492 218.163726827042
60 772 218.182981827028
40 772 218.182981827028
77 782 218.185689827026
60 782 218.185689827026
40 782 218.185689827026
32 462 219.669722181924
46 472 219.671050181923
32 472 219.671050181923
53 792 229.277654081037
15 792 229.277654081037
53 722 229.278982081036
15 722 229.278982081036
15 483 229.359479599804
73 423 234.692220343427
29 752 240.759593729711
29 753 240.76101272971
62 413 245.691750057425
88 413 245.691750057425
91 702 245.791132260395
17 702 245.791132260395
75 773 259.956984560541
55 493 259.961098560538
92 493 259.961098560538
75 493 259.961098560538
80 763 262.679680262629
28 763 262.679680262629
84 433 268.96080856632
40 762 268.981068432646
9 453 284.772261516775
32 453 284.772261516775
43 713 284.776466516772
79 713 284.776466516772
32 713 284.776466516772
79 434 284.77920051677
32 434 284.77920051677
43 443 285.669341650811
43 793 285.67069565081
90 774 296.681092297956
82 783 300.674790615128
78 424 300.681612615123
82 424 300.681612615123
82 784 300.684424615121
42 454 300.688525615118
82 454 300.688525615118
58 754 303.170734844282
96 473 303.18719084427
58 473 303.18719084427
98 474 303.188583844269
96 474 303.188583844269
58 474 303.188583844269
96 764 303.191382844267
58 764 303.191382844267
65 723 310.262127832579
19 723 310.262127832579
86 494 310.28230831134
19 494 310.28230831134
19 794 310.364763988114
30 703 312.263549696208
92 703 312.263549696208
14 703 312.263549696208
92 714 312.26623177866
14 714 312.26623177866
81 425 336.182155731679
86 724 337.685693405548
98 724 337.685693405548
11 464 337.693999405542
53 464 337.693999405542
98 464 337.693999405542
98 465 337.756947140545
28 744 344.690584354048
10 744 344.690584354048
27 444 352.16729558718
37 484 352.259601590737
38 484 352.259601590737
27 484 352.259601590737
35 435 357.256986214157
35 705 357.258405214156
33 414 372.866748534148
47 414 372.866748534148
75 414 372.866748534148
47 775 372.868089534147
75 775 372.868089534147
94 495 376.26576353952
94 475 376.268523539518
90 735 391.178744225758
60 734 391.182871225755
90 734 391.182871225755
73 485 391.184212225754
60 485 391.184212225754
90 485 391.184212225754
73 725 391.18970622575
60 725 391.18970622575
90 725 391.18970622575
84 415 391.192492225748
90 415 391.192492225748
84 785 391.193911225747
90 785 391.193911225747
60 445 391.269224331539
98 445 391.269224331539
60 455 391.271932331537
98 455 391.271932331537
65 715 391.273325331536
60 715 391.273325331536
98 715 391.273325331536
98 456 391.276137331534
36 795 397.767367535808
47 765 407.798584867451
22 765 407.798584867451
22 476 407.79993886745
97 405 423.175788773794
26 405 423.175788773794
1 405 423.175788773794
85 436 434.959624642387
77 436 434.959624642387
95 406 434.963725642384
77 406 434.963725642384
78 776 435.166576245864
32 466 438.769696180727
32 496 438.771102180726
82 486 438.773862180724
32 486 438.773862180724
32 426 438.776648180722
32 746 438.778028180721
20 446 438.77935618072
32 446 438.77935618072
27 416 457.273068567977
84 416 457.273068567977
34 716 457.274396567976
84 716 457.274396567976
48 726 463.758201774425
47 726 463.758201774425
19 736 463.759555774424
48 736 463.759555774424
47 736 463.759555774424
42 766 482.868108674248
70 766 482.868108674248
14 766 482.868108674248
14 707 482.872209674245
0 467 487.681547407008
51 467 487.681547407008
5 706 492.28275093056
43 706 492.28275093056
7 706 492.28275093056
7 437 492.284156930559
33 796 492.286955930557
7 796 492.286955930557
33 767 492.294620784392
7 767 492.294620784392
92 427 497.265609365454
92 447 497.267028365453
53 457 497.269801365451
92 457 497.269801365451
19 497 498.166404977501
31 497 498.166404977501
72 497 498.166404977501
31 797 498.1678239775
72 797 498.1678239775
38 408 544.97525341942
99 408 544.97525341942
97 408 544.97525341942
99 487 552.264083421292
11 487 552.264083421292
46 728 557.670385001598
94 728 557.670385001598
53 448 557.678561001592
94 448 557.678561001592
43 478 557.682701001589
94 478 557.682701001589
26 757 557.684107001588
2 757 557.684107001588
94 757 557.684107001588
94 428 557.689562001584
91 417 557.692361001582
42 417 557.692361001582
94 417 557.692361001582
99 488 563.259729354172
92 488 563.259729354172
9 488 563.259729354172
16 717 563.261070354171
90 717 563.261070354171
9 717 563.261070354171
7 438 563.26242435417
90 438 563.26242435417
9 438 563.26242435417
90 718 563.263791354169
9 718 563.263791354169
39 747 570.166110399237
39 748 570.167438399236
80 708 570.170146399234
39 708 570.170146399234
89 778 570.177072399229
63 778 570.177072399229
39 778 570.177072399229
93 418 593.682717125813
93 458 593.685464125811
77 787 593.693731125805
93 787 593.693731125805
77 788 593.695059125804
93 788 593.695059125804
