15 200 51.65819054709
7 230 63.661034561874
39 230 63.661034561874
7 310 63.662401561873
39 310 63.662401561873
3 320 72.176673681129
62 320 72.176673681129
69 320 72.176673681129
79 260 75.665464131403
37 240 79.19340778067
53 240 79.19340778067
26 240 79.19340778067
29 210 80.656820724176
40 370 101.658919857311
27 370 101.658919857311
27 300 101.66026085731
30 350 101.663033857308
27 350 101.663033857308
27 351 101.671313857302
54 340 101.672719857301
35 340 101.672719857301
27 340 101.672719857301
96 290 102.660591605996
96 381 102.679690605982
1 311 102.690639605974
96 311 102.690639605974
1 220 105.67904019719
54 220 105.67904019719
35 220 105.67904019719
3 301 105.687138197184
35 301 105.687138197184
80 280 124.158961348871
80 281 124.16034134887
80 321 124.172774348861
10 330 124.258250346137
13 330 124.258250346137
80 330 124.258250346137
13 201 124.260971346135
80 201 124.260971346135
5 331 138.793421311011
13 331 138.793421311011
97 361 138.877405813594
27 360 138.881532813591
2 360 138.881532813591
97 360 138.881532813591
6 341 142.683039431677
86 341 142.683039431677
34 231 146.757058666814
6 231 146.757058666814
45 231 146.757058666814
71 371 149.758232225851
54 371 149.758232225851
50 371 149.758232225851
31 352 163.6628462753
44 352 163.6628462753
48 352 163.6628462753
6 221 170.674418497741
33 221 170.674418497741
6 222 170.677178497739
33 222 170.677178497739
33 202 170.681409497736
88 312 172.763513977573
51 312 172.763513977573
38 272 173.25552267186
99 241 186.765111497935
99 242 186.766478497934
60 362 186.770527497931
99 362 186.770527497931
68 302 193.158139838871
30 292 193.15949383887
68 292 193.15949383887
93 372 193.166263838865
50 372 193.166263838865
68 372 193.166263838865
67 262 203.165754386446
66 342 203.185126386432
67 342 203.185126386432
42 232 203.186480386431
66 232 203.186480386431
67 232 203.186480386431
62 251 212.658135455152
29 251 212.658135455152
62 252 212.659541455151
29 252 212.659541455151
5 392 212.673393455141
14 392 212.673393455141
29 392 212.673393455141
82 282 214.169067353574
32 282 214.169067353574
41 303 225.690184022279
73 211 228.161807141712
73 212 228.163213141711
88 203 238.675309158276
77 353 238.699941158258
48 353 238.699941158258
88 353 238.699941158258
47 393 256.158149722552
28 393 256.158149722552
80 253 256.173569676686
25 273 256.174923813069
76 273 256.174923813069
28 273 256.174923813069
80 363 256.193804098299
28 363 256.193804098299
63 233 256.267498842689
50 233 256.267498842689
28 233 256.267498842689
50 263 256.268840079123
80 263 256.268840079123
40 324 275.185133800242
44 313 277.668619347778
43 313 277.668619347778
43 314 277.669947347777
1 383 293.699299891545
64 383 293.699299891545
63 373 293.758411887306
64 373 293.758411887306
64 214 293.759739887305
6 333 293.765220887301
64 333 293.765220887301
64 244 293.777601887292
45 223 293.792768887281
14 223 293.792768887281
64 223 293.792768887281
14 264 293.795593887279
64 264 293.795593887279
14 274 293.796999887278
64 274 293.796999887278
19 344 297.198526871605
90 344 297.198526871605
90 243 297.199854871604
77 254 297.25567587219
90 254 297.25567587219
45 224 309.181390141399
92 224 309.181390141399
22 334 309.182783141398
45 334 309.182783141398
92 334 309.182783141398
51 294 309.270600139534
66 294 309.270600139534
92 294 309.270600139534
87 364 311.678990475085
96 364 311.678990475085
83 364 311.678990475085
87 374 311.680370475084
96 374 311.680370475084
83 374 311.680370475084
92 304 311.698011475071
83 304 311.698011475071
52 343 312.660897905021
70 394 312.756740024828
32 394 312.756740024828
82 213 317.185944013893
76 213 317.185944013893
23 204 332.190522470639
82 204 332.190522470639
82 235 332.191876470638
46 234 340.168931992843
53 234 340.168931992843
98 234 340.168931992843
98 215 340.17298099284
27 315 341.681584267995
38 205 341.686974267991
27 205 341.686974267991
27 325 341.689695267989
74 285 352.168637311694
7 305 352.18777531168
74 305 352.18777531168
98 355 362.17732901245
95 245 362.178748012449
35 245 362.178748012449
98 245 362.178748012449
97 354 374.697206840585
38 354 374.697206840585
81 354 374.697206840585
80 295 374.775605859887
81 295 374.775605859887
21 255 374.776998859886
81 255 374.776998859886
1 384 381.178151568777
80 384 381.178151568777
1 385 381.179557568776
80 385 381.179557568776
1 345 381.182265568774
80 345 381.182265568774
21 265 384.659673308321
36 375 392.162399557756
65 226 396.692073119563
98 226 396.692073119563
84 335 396.694768119561
98 335 396.694768119561
59 306 407.178724170412
54 396 413.166801727729
2 395 413.175029727723
69 395 413.175029727723
54 395 413.175029727723
68 286 423.175863385612
67 286 423.175863385612
68 266 423.177243385611
67 266 423.177243385611
2 336 423.1923843856
67 336 423.1923843856
64 275 430.173218750709
77 275 430.173218750709
64 276 430.174637750708
77 276 430.174637750708
87 256 430.176017750707
64 256 430.176017750707
77 256 430.176017750707
32 206 448.158131380472
49 296 448.159537380471
32 296 448.159537380471
45 225 459.668787103273
72 225 459.668787103273
47 225 459.668787103273
96 357 459.670180103272
47 357 459.670180103272
84 346 459.675739387015
34 386 459.677067387014
84 386 459.677067387014
84 347 459.687964387006
96 356 469.667442832139
55 207 493.198745858879
92 207 493.198745858879
79 317 493.258180148916
92 317 493.258180148916
92 307 493.265132148911
88 246 514.163147912405
73 246 514.163147912405
55 316 514.165894912403
73 316 514.165894912403
94 277 514.174187912397
73 277 514.174187912397
74 297 514.175567912396
94 297 514.175567912396
73 297 514.175567912396
2 287 529.165391070422
86 388 538.670749491495
86 238 538.673444491493
87 337 546.694341901028
28 337 546.694341901028
88 337 546.694341901028
87 227 546.695760901027
28 227 546.695760901027
88 227 546.695760901027
66 278 547.657825241996
57 236 547.678867433251
66 236 547.678867433251
57 237 547.68028643325
66 237 547.68028643325
62 257 547.681653433249
44 257 547.681653433249
66 257 547.681653433249
62 208 547.682981433248
44 208 547.682981433248
66 208 547.682981433248
74 288 547.684361433247
87 288 547.684361433247
66 288 547.684361433247
67 387 547.687069433245
55 387 547.687069433245
66 387 547.687069433245
52 308 551.190858065675
30 298 551.192225065674
52 298 551.192225065674
30 268 551.193605065673
52 268 551.193605065673
99 318 551.267883995405
97 318 551.267883995405
52 318 551.267883995405
87 376 551.663880190546
49 376 551.663880190546
87 377 551.665260190545
49 377 551.665260190545
49 358 551.670806190541
49 248 551.681742190533
65 378 551.683161190532
49 378 551.683161190532
90 217 568.162506886896
90 218 568.163912886895
69 397 576.674696175542
60 397 576.674696175542
5 398 576.681544175537
60 398 576.681544175537
60 219 576.684265175535
