69 620 78.756983555291
0 680 122.160347350264
0 681 122.171924745702
16 631 122.173265745701
0 631 122.173265745701
47 660 132.756939564569
83 660 132.756939564569
13 660 132.756939564569
93 651 134.670512936479
97 640 136.657086073114
22 670 167.763776462526
45 670 167.763776462526
51 670 167.763776462526
33 661 173.258309478992
6 661 173.258309478992
20 641 173.262540478989
6 641 173.262540478989
19 671 173.263959478988
20 671 173.263959478988
6 671 173.263959478988
15 662 181.196917945397
20 662 181.196917945397
30 682 194.169287553118
11 601 196.375558666798
44 601 196.375558666798
69 601 196.375558666798
64 652 208.162380009937
39 602 216.692028931885
32 602 216.692028931885
32 632 217.167787176091
46 632 217.167787176091
29 621 220.172142335003
29 622 220.17616614358
15 603 233.382835546128
3 692 239.186157859157
3 693 239.197262859149
29 623 242.356674257505
56 673 256.664260020554
75 612 256.673790020547
78 612 256.673790020547
56 612 256.673790020547
78 683 256.677878020544
56 683 256.677878020544
98 643 269.170954872449
40 643 269.170954872449
50 674 286.758262631825
9 674 286.758262631825
9 613 300.278724649396
32 613 300.278724649396
51 613 300.278724649396
19 653 300.659537098465
58 664 303.059570021898
8 664 303.059570021898
8 634 309.692451094463
17 634 309.692451094463
82 663 309.696474782848
8 663 309.696474782848
17 663 309.696474782848
82 633 309.699183471234
8 633 309.699183471234
17 633 309.699183471234
46 684 343.458366497753
35 684 343.458366497753
46 654 343.461126497751
35 654 343.461126497751
4 624 343.46245449775
46 624 343.46245449775
35 624 343.46245449775
56 694 365.458301496438
43 694 365.458301496438
35 694 365.458301496438
89 604 375.670549811127
3 604 375.670549811127
29 615 382.166338881731
21 615 382.166338881731
23 605 382.171923881727
29 605 382.171923881727
21 605 382.171923881727
46 685 393.671754528884
36 685 393.671754528884
47 675 393.674488528882
14 675 393.674488528882
36 675 393.674488528882
33 614 415.173249919476
47 614 415.173249919476
1 614 415.173249919476
1 696 415.183065919469
1 676 415.185773919467
27 644 422.76300869423
13 644 422.76300869423
21 645 474.166057034194
68 645 474.166057034194
40 646 474.170119354366
34 646 474.170119354366
68 636 474.17698080935
47 626 474.186562809343
68 626 474.186562809343
42 655 481.163589962737
32 655 481.163589962737
1 655 481.163589962737
22 625 481.184094962722
17 625 481.184094962722
1 625 481.184094962722
35 665 481.668385214075
35 666 481.669752214074
66 658 543.279067682473
29 656 544.959388441991
66 656 544.959388441991
46 656 544.959388441991
88 677 550.156777722516
88 678 550.161021722513
88 688 550.162388722512
53 647 561.274802545061
60 647 561.274802545061
67 647 561.274802545061
67 608 561.27622154506
60 667 561.277627545059
67 667 561.277627545059
60 668 561.278981545058
67 668 561.278981545058
60 637 561.280387545057
67 637 561.280387545057
60 638 561.281715545056
67 638 561.281715545056
53 627 562.761748348284
94 627 562.761748348284
11 627 562.761748348284
53 628 562.763102348283
94 628 562.763102348283
11 628 562.763102348283
53 657 562.764456348282
94 657 562.764456348282
11 657 562.764456348282
39 607 568.666605637539
