62 790 78.760886705929
69 790 78.760886705929
87 940 97.673285001381
61 940 97.673285001381
12 780 111.686519622119
3 780 111.686519622119
69 780 111.686519622119
80 840 124.167049664368
50 890 124.193139664349
43 890 124.193139664349
80 890 124.193139664349
20 980 124.256754661642
58 980 124.256754661642
80 980 124.256754661642
21 830 134.658152852141
93 830 134.658152852141
93 990 134.666367852135
93 991 134.681264946924
97 831 142.194517434901
57 880 166.757780316054
89 781 171.168458051289
91 781 171.168458051289
51 781 171.168458051289
20 941 176.695861473033
30 891 200.16115024724
31 981 202.678590442072
35 981 202.678590442072
67 981 202.678590442072
57 932 222.18774412356
46 932 222.18774412356
66 881 222.189111123559
57 881 222.189111123559
46 881 222.189111123559
66 882 222.190530123558
57 882 222.190530123558
46 882 222.190530123558
98 841 222.193290123556
90 841 222.193290123556
46 841 222.193290123556
90 842 222.197352123553
46 842 222.197352123553
84 832 222.198771123552
90 832 222.198771123552
46 832 222.198771123552
90 982 222.256819571154
46 982 222.256819571154
41 942 236.670857912565
15 942 236.670857912565
14 892 236.681845912557
81 892 236.681845912557
15 892 236.681845912557
88 792 242.160250027232
40 983 262.18340251335
98 843 276.173359071268
32 843 276.173359071268
90 993 300.170666192587
17 993 300.170666192587
91 893 302.671456103796
50 893 302.671456103796
67 782 302.672797103795
91 782 302.672797103795
50 782 302.672797103795
27 894 328.165635509655
92 894 328.165635509655
90 834 328.171181509651
92 834 328.171181509651
10 783 328.179306292246
87 943 328.181988292244
21 943 328.181988292244
10 943 328.181988292244
21 944 328.183342292243
10 944 328.183342292243
86 933 328.18745629224
10 933 328.18745629224
82 784 334.664870762417
82 934 334.67449176241
93 884 334.675910762409
82 884 334.675910762409
60 845 396.690813123562
36 795 398.166544537435
12 994 398.270838760107
65 994 398.270838760107
98 994 398.270838760107
46 885 422.664812119747
1 885 422.664812119747
95 935 430.160477569264
77 935 430.160477569264
32 995 437.663446196319
25 936 462.663580339178
89 936 462.663580339178
15 986 462.671899339172
89 986 462.671899339172
89 846 462.676026339169
47 886 464.161448481897
12 796 474.17807287969
17 796 474.17807287969
96 946 481.667068563192
7 836 493.68341986763
86 835 493.687481867627
7 835 493.687481867627
61 797 537.161358576514
2 797 537.161358576514
67 887 537.162777576513
0 887 537.162777576513
2 887 537.162777576513
52 996 537.16685257651
0 996 537.16685257651
2 996 537.16685257651
53 847 552.291582982745
94 847 552.291582982745
62 937 552.294368982743
53 937 552.294368982743
94 937 552.294368982743
65 897 559.184457847938
49 897 559.184457847938
66 897 559.184457847938
21 997 567.1925960291
90 997 567.1925960291
50 837 596.16110542666
72 837 596.16110542666
50 838 596.162485426659
72 838 596.162485426659
98 848 596.184790698438
93 848 596.184790698438
93 988 596.186118698437
21 898 598.755559517773
21 798 598.756913517772
79 998 598.758293517771
21 998 598.758293517771
21 799 598.75971251777
21 939 598.769450517763
