61 610 52.755529514132
63 630 53.655397030483
71 710 57.655420373488
95 950 69.955648189699
60 600 74.155568257373
85 850 74.156896257372
65 650 76.65543824895
79 790 76.656779248949
87 870 76.658159248948
69 690 78.755616555292
62 620 78.757022555291
77 770 82.956753353309
70 700 82.958094353308
78 780 83.158206349441
84 840 83.162307349438
92 920 83.163674349437
96 960 92.355431985079
94 940 92.382711570033
76 760 92.384091570032
81 810 103.659757563051
75 751 103.672047563042
61 611 105.879789550076
66 660 107.163781312284
73 730 107.165135312283
86 860 107.16927531228
83 830 107.170668312279
69 691 116.755577443317
72 720 116.758376443315
74 740 116.759769443314
82 820 116.761149443313
89 890 116.762516443312
98 980 116.763883443311
90 900 116.780339443299
79 791 121.855678323679
88 880 121.857097323678
75 750 121.862656323674
88 881 121.865416323672
68 680 122.160425350264
68 681 122.172307611302
63 631 122.173635611301
80 800 122.1749766113
91 910 122.177723611298
80 801 122.181785611295
70 701 130.182571818189
77 771 132.687608457314
72 721 132.69301145731
82 821 132.756822564569
93 930 134.655579521817
93 931 134.668090521808
65 651 134.669431521807
99 990 134.672152521805
99 991 134.6790525218
97 970 136.655654073115
64 640 136.656995073114
76 761 142.174322559993
97 971 142.199214559975
71 711 145.662483238526
90 901 145.663837238525
86 861 145.6982592385
96 961 164.659130774413
67 670 173.175427475331
85 851 173.185061475324
83 831 173.26112147899
66 661 173.262475478989
94 941 173.265157478987
64 641 173.266524478986
67 671 173.267865478985
81 811 175.756876382414
93 932 175.769231382405
73 731 176.671902294127
84 841 176.696482294109
91 911 176.697888294108
74 741 177.171281679169
66 662 181.198440945396
78 781 181.258244944117
95 951 187.290159352218
89 891 194.16644955312
68 682 194.171930553116
71 712 194.173258553115
74 742 194.174664553114
84 842 194.176083553113
85 852 194.177450553112
97 972 194.178804553111
96 962 196.374425666799
79 792 196.397885666782
72 722 196.399304666781
75 752 196.455577662306
64 642 208.159711009939
65 652 208.161039009938
77 772 208.167861009933
78 782 208.169267009932
60 602 216.694933261009
90 902 216.774510986038
83 832 216.777231986036
98 982 216.78543398603
94 942 219.669344388096
87 872 219.670737388095
87 871 219.678887388089
95 952 219.689693388081
88 882 219.692388388079
92 921 220.197756186464
98 981 220.199084186463
73 732 220.275633611426
69 692 220.277013611425
67 672 220.286621611418
62 622 233.378799546131
81 812 233.381598546129
60 603 233.388420546124
70 702 234.663742894856
91 912 234.665096894855
61 612 234.667856894853
73 733 234.67200989485
60 601 235.15558037406
62 621 235.16923737405
89 892 235.171971374048
74 743 235.173325374047
69 693 239.256937863053
62 623 242.358084299093
76 762 242.359503299092
77 773 242.365062299088
91 913 251.363804207436
67 673 251.365197207435
82 822 252.168146577237
92 922 252.173562577233
68 683 256.672397020548
84 843 265.759491311618
80 802 265.760858311617
98 983 265.762264311616
64 643 265.763657311615
92 923 269.18754787244
71 713 277.261794722585
65 653 278.257016251445
89 893 278.266585251438
64 644 278.268004251437
72 723 278.269423251436
75 753 286.6983226273
71 714 299.285561623314
92 924 299.286954623313
67 674 300.255548387767
61 613 300.269143403285
76 763 300.270484403284
82 824 302.984692025922
85 853 302.986085025921
66 664 302.98747802592
83 834 302.988884025919
96 963 302.990225025918
63 632 302.998427025912
83 833 306.361798702503
78 783 307.690455201556
80 803 308.164106976728
97 973 312.663750210608
77 774 312.667812210605
79 793 312.669218210604
79 794 312.671939210602
63 634 312.684203210593
78 784 312.685583210592
82 823 312.68833021059
66 663 312.689736210589
63 633 312.691090210588
76 764 324.156884974955
87 873 324.159566974953
94 944 324.169252974946
98 984 331.689914434838
73 734 343.291756506733
65 654 343.293084506732
81 813 350.382039545503
81 814 350.383458545502
62 624 350.395722545493
68 684 350.397063545492
85 854 350.45560454612
74 744 350.456945546119
90 903 350.459718546117
89 894 350.461072546116
60 604 352.280267353625
74 745 352.281634353624
67 675 377.165274173905
77 775 377.166615173904
94 945 377.168008173903
61 614 377.169362173902
96 964 377.1720961739
87 874 377.174869173898
85 855 377.176249173897
72 724 377.177590173896
79 795 377.178970173895
76 765 377.180298173894
70 704 377.183045173892
75 755 377.184451173891
72 725 377.187159173889
97 975 377.188552173888
69 694 382.164902881732
60 605 382.170396881728
99 994 382.171750881727
71 715 382.175929881724
62 625 388.167870228841
68 685 393.666117528888
99 993 398.158367481588
97 974 398.173417481577
60 606 398.174797481576
70 705 407.791074588179
65 655 407.795266588176
69 695 415.166375919481
69 696 415.184263919468
67 676 415.185669919467
78 786 434.985545642368
78 785 435.155653245872
63 635 435.165313245865
93 935 435.166641245864
64 646 435.167995245863
89 895 435.169414245862
86 864 435.170768245861
86 865 435.17214824586
89 896 435.173554245859
97 976 435.188838245848
64 645 435.190218245847
77 776 435.191572245846
66 665 459.177220998294
68 686 474.156786259037
71 716 474.158114320823
85 856 474.160822517422
93 934 474.172111740648
63 636 474.178882257419
84 844 474.182983257416
68 687 474.19658895313
79 796 474.256728255317
70 706 474.266284701336
77 777 478.972464551411
74 746 497.263753359114
72 726 498.155416977509
72 727 498.156757977508
61 615 498.158124977507
61 616 498.159465977506
73 736 498.160871977505
66 666 498.186691768146
70 707 533.656753389545
65 657 542.666072672211
78 787 542.66746567221
75 757 542.668819672209
73 737 542.671553672207
60 607 542.672946672206
65 656 543.262494682485
66 668 543.268027682481
63 637 543.287308682467
74 747 543.288727682466
61 618 543.290120682465
65 658 543.291513682464
85 858 543.292880682463
69 698 543.294286682462
77 778 543.295653682461
88 887 550.156751722516
67 677 550.158131722515
88 888 550.162271722512
73 738 550.166437722509
71 718 550.167830722508
94 948 553.161199325931
71 717 563.756724560627
67 678 563.758091560626
68 688 563.759471560625
79 798 563.762244560623
69 697 563.76639756062
60 608 563.769144560618
66 667 563.770498560617
63 638 563.774651560614
74 748 563.775979560613
75 758 568.684532637526
60 609 574.170670220889
72 728 604.155482091999
64 647 604.156810091998
62 627 604.158216091997
72 729 604.160976091995
