15 80 48.157510571186
69 30 78.756824705932
69 530 78.763685705927
53 180 78.765013705926
69 180 78.765013705926
24 580 78.769153705923
69 580 78.769153705923
19 480 80.663520043751
29 480 80.663520043751
17 381 111.692494629683
3 381 111.692494629683
17 531 111.695306629681
3 531 111.695306629681
30 330 112.170514432272
69 330 112.170514432272
12 780 112.184228234123
30 780 112.184228234123
69 780 112.184228234123
78 280 112.185556234122
12 280 112.185556234122
69 280 112.185556234122
78 281 112.190927256623
12 281 112.190927256623
69 281 112.190927256623
54 680 112.197904855922
69 680 112.197904855922
66 730 112.255470533433
54 730 112.255470533433
69 730 112.255470533433
54 31 114.998391293045
35 31 114.998391293045
84 181 124.168481664367
80 181 124.168481664367
80 681 124.172543664364
80 430 124.176644664361
80 431 124.180745664358
43 631 124.188947664352
80 631 124.188947664352
58 131 124.194389664348
80 131 124.194389664348
20 980 124.197149664346
58 980 124.197149664346
80 980 124.197149664346
14 130 124.198477664345
80 130 124.198477664345
21 830 134.658191852141
93 830 134.658191852141
99 731 134.671913852131
93 731 134.671913852131
13 831 138.688406368085
50 331 159.170470232995
54 331 159.170470232995
54 481 159.19118323298
54 482 159.193969232978
57 880 166.757780316054
31 981 166.789659808205
93 981 166.789659808205
53 231 166.795192808201
45 231 166.795192808201
93 231 166.795192808201
45 182 166.797913808199
93 182 166.797913808199
98 781 171.191786051273
31 781 171.191786051273
51 781 171.191786051273
22 532 176.697435756221
20 532 176.697435756221
38 432 178.6990376793
30 682 200.162517247239
69 582 210.770400606795
84 982 221.693398005346
62 982 221.693398005346
84 232 221.697590005343
62 232 221.697590005343
32 33 222.194648570843
46 33 222.194648570843
33 32 224.970077203123
12 32 224.970077203123
46 282 224.983708203113
12 282 224.983708203113
32 632 224.986481203111
46 632 224.986481203111
12 632 224.986481203111
96 82 230.262397497403
96 83 230.273489497395
12 332 230.292809497381
41 332 230.292809497381
96 332 230.292809497381
3 782 231.659697757231
3 383 231.670815757223
15 882 236.659791912573
15 881 236.673591912563
73 583 236.759570549175
15 583 236.759570549175
15 733 236.760989549174
88 483 242.175235063617
32 983 276.175425835378
84 433 276.176831835377
98 433 276.176831835377
32 433 276.176831835377
31 133 278.179456660382
80 133 278.179456660382
31 34 278.183609660379
80 34 278.183609660379
90 184 300.165139192588
17 184 300.165139192588
90 183 300.172039192583
17 183 300.172039192583
8 783 303.263410189099
96 783 303.263410189099
58 783 303.263410189099
63 233 305.691986771421
82 233 305.691986771421
83 233 305.691986771421
92 683 306.166512536759
52 234 307.758144389031
32 234 307.758144389031
23 384 307.75955038903
52 384 307.75955038903
32 384 307.75955038903
52 684 307.762258389028
32 684 307.762258389028
8 834 310.359440043416
14 832 310.36766804341
92 832 310.36766804341
8 832 310.36766804341
32 84 329.760891460955
8 634 329.762284460954
32 634 329.762284460954
82 784 329.769067460949
8 784 329.769067460949
32 784 329.769067460949
32 85 329.774600460945
83 134 329.779951460941
8 134 329.779951460941
32 134 329.779951460941
83 584 329.78134446094
8 584 329.78134446094
32 584 329.78134446094
83 235 329.786799460936
31 235 329.786799460936
32 235 329.786799460936
82 633 334.662032762419
23 734 334.686833762401
93 734 334.686833762401
82 734 334.686833762401
23 934 334.693772762396
82 934 334.693772762396
23 533 334.695100762395
82 533 334.695100762395
68 534 334.696454762394
23 534 334.696454762394
82 534 334.696454762394
59 884 343.698313488764
35 884 343.698313488764
35 435 343.757038484318
43 385 343.758366484317
35 385 343.758366484317
6 933 357.198553286607
27 933 357.198553286607
98 933 357.198553286607
69 484 361.678323596437
38 484 361.678323596437
6 484 361.678323596437
35 35 365.761100509922
35 36 365.76388650992
81 585 381.186252884274
80 585 381.186252884274
58 835 381.187580884273
81 835 381.187580884273
80 835 381.187580884273
46 685 398.16768415075
36 685 398.16768415075
47 335 398.173143682206
2 335 398.173143682206
36 335 398.173143682206
25 135 407.682845810626
52 135 407.682845810626
3 135 407.682845810626
69 885 422.662117119749
1 885 422.662117119749
56 535 430.163198569262
80 535 430.163198569262
77 535 430.163198569262
80 935 430.164565569261
77 935 430.164565569261
81 586 430.170176569257
8 586 430.170176569257
77 586 430.170176569257
78 334 430.178417569251
77 334 430.178417569251
21 785 430.17975856925
77 785 430.17975856925
21 786 430.181151569249
77 786 430.181151569249
77 136 430.182557569248
67 286 434.666333518791
10 635 434.675928518784
13 635 434.675928518784
67 635 434.675928518784
15 986 471.674980389945
40 986 471.674980389945
90 236 471.676321389944
68 236 471.676321389944
40 236 471.676321389944
40 436 471.677662389943
40 437 471.679068389942
43 936 471.680461389941
40 936 471.680461389941
68 636 474.162153407379
63 87 474.164123092004
68 87 474.164123092004
96 735 475.662342466167
35 735 475.662342466167
96 736 475.663683466166
35 736 475.663683466166
76 886 481.659818197634
17 886 481.659818197634
76 37 481.661211197633
17 37 481.661211197633
31 536 489.163250876009
92 536 489.163250876009
83 186 494.166615845283
7 186 494.166615845283
7 336 494.176314845276
2 287 537.161381562039
82 187 537.164141562037
2 187 537.164141562037
2 288 537.166927562035
52 386 537.171028562032
0 386 537.171028562032
2 386 537.171028562032
52 387 537.172421562031
0 387 537.172421562031
2 387 537.172421562031
52 887 537.17384056203
0 887 537.17384056203
2 887 537.17384056203
86 836 537.175207562029
0 836 537.175207562029
2 836 537.175207562029
0 388 537.176548562028
2 388 537.176548562028
67 737 537.177915562027
38 737 537.177915562027
2 737 537.177915562027
2 738 537.179321562026
21 987 538.176232827477
7 987 538.176232827477
47 88 538.177612827476
21 88 538.177612827476
7 88 538.177612827476
21 438 538.178979827475
7 438 538.178979827475
55 237 545.26394700474
55 238 545.265353004739
16 587 545.266746004738
23 587 545.266746004738
55 587 545.266746004738
8 337 547.755499778586
66 337 547.755499778586
8 538 547.762244041743
49 538 547.762244041743
86 538 547.762244041743
62 937 547.763637169654
8 937 547.763637169654
66 937 547.763637169654
60 537 574.267249792599
60 637 574.274227792594
60 638 574.275594792593
28 688 574.278406792591
60 688 574.278406792591
72 338 596.162472426659
50 837 596.163813426658
72 837 596.163813426658
50 838 596.165141426657
72 838 596.165141426657
93 439 596.180792698435
93 988 596.182159698434
