6 60 25.155575443551
38 380 41.15548392968
15 150 51.655456547092
8 80 51.656797547091
20 200 51.65819054709
25 250 56.655634737022
14 140 56.656988737021
39 390 63.655618561878
7 70 63.656972561877
0 0 63.658313561876
16 160 63.659680561875
23 230 63.661034561874
31 310 63.662401561873
10 100 63.665122561871
12 120 72.158668681142
18 180 72.160061681141
3 30 72.17531968113
32 320 72.176673681129
11 110 75.664123131404
26 260 75.665464131403
26 261 79.188004657642
8 81 79.192053776776
24 240 79.19340778067
21 210 80.656820724176
5 50 80.658213724175
29 291 80.67032412788
17 171 80.674399929115
27 270 101.656185857313
37 370 101.658919857311
30 300 101.66026085731
4 40 101.661614857309
35 350 101.663033857308
3 31 101.665806857306
27 271 101.667173857305
14 141 101.668579857304
13 130 101.669907857303
35 351 101.671313857302
34 340 101.672719857301
4 41 101.6741128573
9 91 101.675479857299
29 290 102.660591605996
7 71 102.670082605989
17 170 102.671475605988
38 381 102.679690605982
1 10 102.681031605981
0 1 102.687944605976
16 161 102.689272605975
31 311 102.690639605974
9 90 105.677647197191
22 220 105.67904019719
12 121 105.685797197185
30 301 105.687138197184
2 20 105.689885197182
15 151 111.655430557699
28 280 124.158961348871
28 281 124.16034134887
32 321 124.172774348861
1 11 124.17412834886
19 191 124.255425346139
13 131 124.256844346138
33 330 124.258250346137
10 101 124.259617346136
20 201 124.260971346135
33 331 138.793421311011
13 132 138.855520366219
36 361 138.877405813594
5 51 138.878772813593
36 360 138.881532813591
4 42 138.884279813589
34 341 142.683039431677
6 61 146.699477874878
23 231 146.757058666814
6 62 146.758438666813
11 111 149.756878225852
37 371 149.758232225851
35 352 163.6628462753
33 332 170.66616810867
3 32 170.668108211751
22 221 170.674418497741
22 222 170.677178497739
19 190 170.680003497737
20 202 170.681409497736
14 142 172.697835248046
31 312 172.763513977573
38 382 173.177083751203
7 72 173.179791805499
2 21 173.187863968387
2 22 173.189191968386
27 272 173.25552267186
12 122 186.696822497498
24 241 186.765111497935
24 242 186.766478497934
36 362 186.770527497931
9 92 186.77193349793
11 112 186.776047497927
30 302 193.158139838871
29 292 193.15949383887
37 372 193.166263838865
26 262 203.165754386446
5 52 203.17409938644
34 342 203.185126386432
23 232 203.186480386431
15 152 203.18780838643
1 12 205.761093862948
25 251 212.658135455152
25 252 212.659541455151
39 392 212.673393455141
29 293 212.692635455127
32 322 214.155410353584
19 192 214.167700353575
28 282 214.169067353574
10 102 214.170473353573
32 323 214.176071353569
3 33 214.180172353566
8 82 214.181500353565
12 123 221.755595763481
15 153 225.681969022285
2 23 225.684742022283
30 303 225.690184022279
21 211 228.161807141712
21 212 228.163213141711
18 181 238.673955158277
20 203 238.675309158276
1 13 238.698522158259
35 353 238.699941158258
10 103 253.277364474311
28 283 256.155376722554
19 193 256.156795722553
39 393 256.158149722552
5 53 256.170848295814
25 253 256.173569676686
27 273 256.174923813069
36 363 256.193804098299
23 233 256.267498842689
26 263 256.268840079123
0 2 256.274347825595
0 3 256.277043198831
28 284 256.278410335633
11 113 256.286547572062
10 104 257.190454160779
7 73 271.688464174505
1 14 275.182386800244
32 324 275.185133800242
31 313 277.668619347778
31 314 277.669947347777
13 133 279.656854900149
9 94 280.188686313733
38 383 293.699299891545
37 373 293.758411887306
21 214 293.759739887305
6 63 293.761132887304
9 93 293.763827887302
33 333 293.765220887301
6 64 293.7665878873
4 44 293.770740887297
19 194 293.772159887296
15 154 293.776247887293
24 244 293.777601887292
18 183 293.779007887291
22 223 293.792768887281
14 144 293.79417488728
26 264 293.795593887279
27 274 293.796999887278
34 344 297.198526871605
24 243 297.199854871604
25 254 297.25567587219
18 182 303.668144019313
22 224 309.181390141399
33 334 309.182783141398
5 54 309.185491141396
7 74 309.186832141395
11 114 309.269272139535
29 294 309.270600139534
36 364 311.678990475085
37 374 311.680370475084
30 304 311.698011475071
34 343 312.660897905021
39 394 312.756740024828
21 213 317.185944013893
14 143 323.19153954995
20 204 332.190522470639
23 235 332.191876470638
11 115 332.193269470637
23 234 340.168931992843
21 215 340.17298099284
31 315 341.681584267995
20 205 341.686974267991
32 325 341.689695267989
7 75 352.165864311696
28 285 352.168637311694
30 305 352.18777531168
35 355 362.17732901245
24 245 362.178748012449
35 354 374.697206840585
29 295 374.775605859887
25 255 374.776998859886
5 55 374.778339859885
1 15 381.176797568778
38 384 381.178151568777
38 385 381.179557568776
34 345 381.182265568774
26 265 384.659673308321
15 155 384.671742975434
21 216 384.698811532032
36 365 392.155590557761
37 375 392.162399557756
13 134 392.17070555775
36 366 392.172072557749
2 25 396.689339119565
22 226 396.692073119563
33 335 396.694768119561
13 135 407.173307667232
30 306 407.178724170412
39 396 413.166801727729
1 16 413.173701727724
39 395 413.175029727723
2 24 422.664255218352
11 116 423.173129385614
28 286 423.175863385612
26 266 423.177243385611
2 26 423.185484385605
33 336 423.1923843856
27 275 430.173218750709
27 276 430.174637750708
25 256 430.176017750707
32 326 448.156764380473
20 206 448.158131380472
29 296 448.159537380471
22 225 459.668787103273
35 357 459.670180103272
34 346 459.675739387015
38 386 459.677067387014
34 347 459.687964387006
11 117 463.179087790387
35 356 469.667442832139
5 56 479.156746985162
20 207 493.198745858879
14 145 493.256826148917
31 317 493.258180148916
5 57 493.262359148913
30 307 493.265132148911
2 27 493.26652514891
12 126 508.16917321893
24 246 514.163147912405
31 316 514.165894912403
27 277 514.174187912397
29 297 514.175567912396
24 247 518.155648384179
28 287 529.165391070422
38 388 538.670749491495
23 238 538.673444491493
33 337 546.694341901028
22 227 546.695760901027
27 278 547.657825241996
23 236 547.678867433251
23 237 547.68028643325
25 257 547.681653433249
20 208 547.682981433248
28 288 547.684361433247
38 387 547.687069433245
30 308 551.190858065675
29 298 551.192225065674
26 268 551.193605065673
2 28 551.199047065669
11 118 551.266503995406
31 318 551.267883995405
37 376 551.663880190546
37 377 551.665260190545
35 358 551.670806190541
24 248 551.681742190533
37 378 551.683161190532
21 217 568.162506886896
21 218 568.163912886895
39 397 576.674696175542
5 58 576.680151175538
39 398 576.681544175537
21 219 576.684265175535
