6 60 25.155575443551
38 380 41.15548392968
15 150 51.655456547092
8 80 51.656797547091
20 200 51.65819054709
25 250 56.655621737022
14 140 56.656988737021
39 390 63.655631561878
7 70 63.657011561877
0 0 63.658378561876
16 160 63.659706561875
23 230 63.661112561874
31 310 63.662505561873
10 100 63.665200561871
32 320 71.17070902761
12 120 71.172102027609
18 180 72.160074681141
3 30 72.17512468113
11 110 75.664084131404
26 260 75.665503131403
37 370 75.684667131389
26 261 79.187926596126
21 210 80.656794724176
5 50 80.658148724175
29 291 80.671613127879
17 171 80.67835873035
27 270 101.655578568656
30 300 101.660268752627
4 40 101.661648752626
35 350 101.662989752625
24 240 101.664343752624
27 271 101.665710752623
14 141 101.667077752622
13 130 101.668470752621
35 351 101.66979875262
4 41 101.671126752619
29 290 102.660578605996
17 170 102.671345605988
38 381 102.679664605982
1 10 102.681044605981
9 91 102.685262605978
0 1 102.686681605977
34 340 105.673793197194
9 90 105.677868197191
22 220 105.67922219719
1 11 105.680550197189
12 121 105.688778197183
2 20 105.690145197182
3 31 105.691499197181
30 301 111.681054283443
28 280 124.158922348871
28 281 124.16030234887
32 321 124.172605348861
18 181 124.178112348857
16 161 124.194542348845
31 311 124.197211348843
19 191 124.198539348842
33 330 124.199880348841
13 131 124.255451346139
10 101 124.256818346138
20 201 124.258224346137
19 190 124.263666346133
36 361 138.861157212531
7 71 138.865323212528
34 341 138.868031212526
5 51 138.869359212525
22 221 138.872054212523
33 331 139.690376528893
24 241 142.683364431677
11 111 149.180536771158
37 371 149.186056771154
31 312 169.278984393785
14 142 169.280325393784
35 352 169.281679393783
5 52 169.283085393782
37 372 169.295648393773
33 332 170.664214677363
3 32 170.665594677362
6 61 170.666948677361
6 62 170.669118963354
23 231 170.670524963353
15 151 170.671943963352
15 152 170.673362963351
22 222 170.677359963348
20 202 170.681421963345
8 81 173.171797696909
38 382 173.173125696908
7 72 173.181223805498
12 122 173.182564805497
2 21 173.187902859791
2 22 173.18923085979
36 360 173.657825438241
26 262 184.286492809862
30 302 193.156746838872
27 272 193.685031014803
16 162 193.755623597083
36 362 193.757003597082
9 92 193.758370597081
11 112 193.75976359708
23 232 205.69779422874
34 342 205.759648862949
1 12 205.763762862946
10 102 209.26113555405
32 322 214.155384353584
39 392 214.165148353577
19 192 214.169210353574
28 282 214.170603353573
32 323 214.171983353572
1 13 214.185679353562
12 123 221.765051940149
0 2 225.662922022299
3 33 225.671228022293
11 113 225.680914022286
8 82 225.682268022285
29 292 225.685067022283
30 303 225.686460022282
21 211 228.161794141712
21 212 228.163200141711
13 132 228.165960141709
6 63 233.699938284962
25 252 233.755365287277
26 263 233.758177287275
16 163 238.683794218032
2 23 238.685187218031
35 353 238.687934218029
25 251 238.689301218028
4 42 254.197852342769
0 3 254.199271342768
10 103 254.256759184781
29 293 254.275780184767
18 183 254.284008184761
10 104 254.286742184759
27 273 256.163631347912
5 53 256.169035109656
36 363 256.175844871399
38 383 256.196053156628
23 233 256.27303207912
37 373 256.274425079119
7 73 271.68160317451
32 324 271.683009174509
25 253 275.180928800245
1 14 275.182321800244
31 313 277.669895347777
3 34 277.683617347767
31 314 277.685036347766
9 94 280.181578313738
39 391 293.757018887307
21 214 293.762590887303
21 213 293.764009887302
34 343 293.765415887301
34 344 293.7668218873
24 242 293.768149887299
24 243 293.769568887298
39 393 293.770896887297
19 194 293.772276887296
28 283 293.773617887295
19 193 293.774958887294
14 144 293.783108887288
18 184 295.192071078848
11 114 295.263847490514
25 254 295.277429492656
23 234 295.28288524319
38 384 303.675005019308
30 304 309.167733141409
0 4 309.169061141408
26 264 309.184319141397
5 54 309.187066141395
36 364 311.679120475085
37 374 311.680526475084
39 394 312.694809556892
14 143 323.187113549953
23 235 332.187658470641
11 115 332.18902547064
35 354 340.166314992845
20 203 341.179438303133
4 43 341.182133303131
7 74 348.676347351323
7 75 348.68050035132
30 305 348.69423535131
35 355 361.25978531256
20 204 361.262519312558
38 385 361.276267312548
5 55 374.167483388181
25 255 374.16885038818
21 215 374.170217388179
26 265 374.171597388178
36 365 374.193664388162
37 375 374.19637238816
32 325 381.179528817443
34 345 381.180869817442
33 335 383.159766239455
33 334 383.165273239451
33 333 383.168020239449
1 15 384.682204980641
22 224 384.68354598064
36 366 392.161084557757
12 124 393.756949162931
16 164 393.75832916293
39 395 393.759722162929
2 24 393.762417162927
22 225 407.16379040363
2 25 407.167840010781
22 223 407.198712875283
2 26 407.259482121787
1 16 407.260836121786
11 116 423.171829385614
39 396 423.178599385609
33 336 423.179940385608
5 56 441.159108898186
30 306 441.163209898183
32 326 448.155397380474
34 346 457.156663140335
26 266 459.667447686097
31 315 459.668801686096
31 316 459.670142686095
35 357 459.671561686094
38 386 459.684183969835
25 256 459.69112296983
32 327 459.698022969825
11 117 463.183307790383
5 57 468.676830815616
35 356 487.655619199073
31 317 499.180713066317
30 307 499.187535066312
26 267 499.188863066311
2 27 499.19023006631
2 28 529.159526893008
30 308 529.160854893007
38 388 529.164890893004
11 118 529.171977734615
32 328 529.174711734613
33 338 529.176117734612
34 348 547.664738241991
39 397 547.66609224199
37 377 547.667446241989
5 58 547.668800241988
35 358 547.670128241987
37 378 547.671456241986
38 387 547.672823241985
31 318 555.669826367643
33 337 559.664572035861
39 398 578.667458674258
31 319 578.67842067425
39 399 578.679800674249
36 367 596.16223399328
36 368 596.164164281613
25 258 596.16833028161
34 347 596.169736281609
33 339 596.172431281607
