15 80 48.157510571186
69 30 78.756824705932
69 530 78.763685705927
53 180 78.765013705926
69 180 78.765013705926
69 240 78.766354705925
24 580 78.769153705923
69 580 78.769153705923
19 480 80.663520043751
29 480 80.663520043751
30 40 89.66644407327
40 40 89.66644407327
27 40 89.66644407327
87 440 97.671918001382
61 440 97.671918001382
87 940 97.673298001381
61 940 97.673298001381
30 330 111.664958306643
3 330 111.664958306643
66 730 111.670374835863
54 730 111.670374835863
3 730 111.670374835863
54 41 111.673109100473
3 41 111.673109100473
40 140 111.674437226993
24 140 111.674437226993
15 140 111.674437226993
15 241 111.677184491603
17 381 111.689422629685
3 381 111.689422629685
17 531 111.692104629683
3 531 111.692104629683
30 31 112.170696171707
69 31 112.170696171707
12 780 112.180303512007
30 780 112.180303512007
69 780 112.180303512007
78 280 112.183128071146
12 280 112.183128071146
69 280 112.183128071146
54 680 112.190053375013
69 680 112.190053375013
68 340 112.192787632599
54 340 112.192787632599
69 340 112.192787632599
72 740 112.255431533433
54 740 112.255431533433
69 740 112.255431533433
69 541 112.258100533431
78 281 114.984942293055
12 281 114.984942293055
35 281 114.984942293055
80 840 124.166971664368
84 181 124.168364664367
80 181 124.168364664367
80 681 124.172491664364
31 430 124.176657664361
80 430 124.176657664361
43 141 124.179456664359
31 141 124.179456664359
80 141 124.179456664359
80 431 124.180810664358
43 631 124.187554664353
80 631 124.187554664353
58 131 124.19170766435
80 131 124.19170766435
80 581 124.194441664348
14 130 124.195860664347
80 130 124.195860664347
13 640 124.197253664346
58 640 124.197253664346
80 640 124.197253664346
13 641 124.198620664345
58 641 124.198620664345
80 641 124.198620664345
13 980 124.199974664344
14 980 124.199974664344
80 980 124.199974664344
21 830 134.658217852141
93 830 134.658217852141
34 540 134.661042852139
93 540 134.661042852139
93 341 134.663698852137
99 731 134.671796852131
93 731 134.671796852131
13 831 138.689877368084
22 741 138.69534536808
83 741 138.69534536808
13 741 138.69534536808
50 331 159.173126232993
54 331 159.173126232993
54 442 159.193709232978
54 481 159.195128232977
54 482 159.196534232976
57 880 166.757780316054
31 142 166.793791808206
93 142 166.793791808206
14 981 166.795119808205
31 981 166.795119808205
93 981 166.795119808205
53 231 166.797840808203
45 231 166.797840808203
93 231 166.797840808203
45 182 166.855419100151
93 182 166.855419100151
98 781 171.190148051273
31 781 171.190148051273
51 781 171.190148051273
98 841 171.191476051272
31 841 171.191476051272
51 841 171.191476051272
97 441 171.2971250484
51 441 171.2971250484
20 941 176.688022756228
80 242 178.68506867931
38 242 178.68506867931
38 432 178.6988036793
38 42 178.759610679329
30 682 200.163832247238
90 842 200.173943806454
12 842 200.173943806454
30 842 200.173943806454
64 232 208.164948475544
64 32 208.169127475541
95 882 208.18422947553
56 882 208.18422947553
64 882 208.18422947553
69 732 210.771806606794
69 582 210.773147606793
44 881 210.775894606791
69 881 210.775894606791
61 342 210.796698606776
22 342 210.796698606776
69 342 210.796698606776
74 982 221.691432334075
84 982 221.691432334075
62 982 221.691432334075
12 332 221.756999338577
81 332 221.756999338577
62 332 221.756999338577
32 632 222.171118023553
46 632 222.171118023553
85 742 222.179502023547
90 742 222.179502023547
46 742 222.179502023547
84 832 222.182236023545
90 832 222.182236023545
46 832 222.182236023545
48 532 231.663811757228
3 532 231.663811757228
49 82 234.665183838005
42 82 234.665183838005
73 82 234.665183838005
73 583 234.669219838002
41 942 235.185425291819
74 942 235.185425291819
95 282 236.665324912569
15 282 236.665324912569
73 83 236.758177549176
15 83 236.758177549176
58 133 236.759583549175
73 133 236.759583549175
15 133 236.759583549175
88 483 242.184497087449
10 343 247.687271001191
75 343 247.687271001191
98 233 256.164777728785
80 233 256.164777728785
80 633 256.166105728784
10 43 258.666944025219
40 983 262.196956790804
98 643 262.198336790803
40 643 262.198336790803
39 243 268.693834886482
55 243 268.693834886482
97 44 268.758296888775
55 44 268.758296888775
84 433 276.173385071268
98 433 276.173385071268
32 433 276.173385071268
98 843 276.174778071267
32 843 276.174778071267
51 183 276.189828071256
75 183 276.189828071256
32 183 276.189828071256
43 34 285.663990650815
44 783 285.668156650812
43 783 285.668156650812
43 444 285.669523650811
51 184 303.263680753962
51 244 303.265047753961
82 833 303.269174753958
64 833 303.269174753958
51 833 303.269174753958
58 143 303.271869753956
51 143 303.271869753956
58 144 303.273223753955
51 144 303.273223753955
58 134 303.274577753954
51 134 303.274577753954
51 584 303.277298753952
58 834 303.278626753951
51 834 303.278626753951
8 784 305.681282407621
83 784 305.681282407621
92 683 306.165635708932
92 443 306.166976708931
10 634 310.26259617456
8 634 310.26259617456
1 383 315.180460589174
64 383 315.180460589174
14 383 315.180460589174
14 644 315.18599358917
73 344 317.672875382183
90 344 317.672875382183
17 344 317.672875382183
83 84 317.767602183624
17 84 317.767602183624
70 543 334.678618762407
82 543 334.678618762407
70 544 334.681378762405
82 544 334.681378762405
23 534 334.689723762399
93 534 334.689723762399
82 534 334.689723762399
46 684 334.695165762395
23 684 334.695165762395
82 684 334.695165762395
23 734 334.696584762394
82 734 334.696584762394
4 484 334.697912762393
23 484 334.697912762393
82 484 334.697912762393
23 533 334.699240762392
82 533 334.699240762392
23 45 334.755608759745
82 45 334.755608759745
82 235 334.756975759744
54 884 334.758303759743
23 884 334.758303759743
82 884 334.758303759743
98 245 335.173051043731
35 234 343.66230348879
72 384 343.669229488785
56 384 343.669229488785
35 384 343.669229488785
67 782 343.684266488774
11 782 343.684266488774
35 782 343.684266488774
6 934 343.693861488767
59 934 343.693861488767
35 934 343.693861488767
35 435 343.757103484318
64 35 346.698858185125
28 35 346.698858185125
14 333 346.764778301655
66 333 346.764778301655
28 333 346.764778301655
27 385 353.698668645526
98 944 357.164144444018
28 744 357.193098443997
98 744 357.193098443997
98 285 357.194504443996
87 943 357.866508239219
75 943 357.866508239219
74 943 357.866508239219
6 933 361.665747848389
61 334 373.661207813383
89 334 373.661207813383
3 334 373.661207813383
94 335 377.165137262761
33 535 377.169355262758
94 535 377.169355262758
38 345 381.255439888798
80 345 381.255439888798
81 585 381.285063570088
81 86 381.291848089975
58 835 385.685866632077
90 835 385.685866632077
23 835 385.685866632077
52 845 388.755476216507
36 485 398.162508537438
36 545 398.163914537437
46 685 398.17344453743
36 685 398.17344453743
54 885 401.160862248825
60 445 405.161620781927
22 46 405.191785781905
60 46 405.191785781905
62 185 405.270430780726
22 185 405.270430780726
60 185 405.270430780726
80 935 430.170059569257
77 935 430.170059569257
93 645 430.171400569256
80 645 430.171400569256
77 645 430.171400569256
84 135 430.186476569245
23 135 430.186476569245
77 135 430.186476569245
64 635 430.19322056924
77 635 430.19322056924
77 646 430.194626569239
77 986 430.198779569236
87 586 430.200185569235
77 586 430.200185569235
78 936 435.196617552547
84 346 454.679780828512
34 386 454.68257982851
86 386 454.68257982851
84 386 454.68257982851
32 746 454.685326828508
84 746 454.685326828508
11 286 471.781848866787
40 286 471.781848866787
40 437 471.787303866783
47 946 471.79141786678
40 946 471.79141786678
47 886 471.792758866779
40 886 471.792758866779
88 446 471.794138866778
47 446 471.794138866778
40 446 471.794138866778
88 146 472.17974833649
47 146 472.17974833649
97 146 472.17974833649
68 636 474.164790103102
35 736 475.665128466165
35 735 475.669268466162
35 486 475.677574466156
62 186 475.683055466152
48 186 475.683055466152
35 186 475.683055466152
35 487 475.68581546615
96 786 481.679815869105
26 37 491.664206513859
70 37 491.664206513859
14 37 491.664206513859
7 336 493.774642863146
8 337 493.777324863144
7 337 493.777324863144
57 237 493.778730863143
8 237 493.778730863143
7 237 493.778730863143
73 947 507.684183957752
92 536 511.161326746036
3 246 511.165427746033
92 246 511.165427746033
3 247 511.166755746032
92 247 511.166755746032
0 47 517.162416121111
80 47 517.162416121111
94 47 517.162416121111
24 38 520.161424305046
2 287 537.161329562039
2 288 537.164141562037
16 587 537.170963562032
0 587 537.170963562032
2 587 537.170963562032
86 836 537.172291562031
0 836 537.172291562031
2 836 537.172291562031
0 887 537.17365856203
2 887 537.17365856203
88 387 537.176405562028
0 387 537.176405562028
2 387 537.176405562028
0 388 537.177811562027
2 388 537.177811562027
88 737 537.180649562025
2 737 537.180649562025
2 888 537.182016562024
49 188 547.763468169654
66 188 547.763468169654
1 348 547.766137172098
49 348 547.766137172098
86 348 547.766137172098
1 647 547.768793302454
49 647 547.768793302454
86 647 547.768793302454
91 847 547.772855432809
49 847 547.772855432809
86 847 547.772855432809
49 787 547.77418356072
66 787 547.77418356072
66 447 547.776917560718
37 638 547.781109560715
1 638 547.781109560715
66 638 547.781109560715
1 648 547.785210560712
66 648 547.785210560712
88 688 548.173296140643
88 738 548.180131140638
33 87 554.658301622254
9 87 554.658301622254
9 338 554.659720622253
60 588 567.476133071664
90 547 570.171844592219
67 547 570.171844592219
90 548 570.173237592218
67 548 570.173237592218
72 537 596.158371426662
19 448 596.165336426657
72 448 596.165336426657
14 238 596.168057426655
72 238 596.168057426655
