65 790 76.656779248949
69 620 78.757022555291
24 770 82.956753353309
77 700 82.958094353308
24 700 82.958094353308
53 780 83.158206349441
94 760 92.384091570032
87 760 92.384091570032
29 760 92.384091570032
82 660 107.163781312284
1 660 107.163781312284
17 660 107.163781312284
82 730 107.165135312283
1 730 107.165135312283
17 730 107.165135312283
0 720 116.758376443315
69 720 116.758376443315
72 740 116.759769443314
0 740 116.759769443314
69 740 116.759769443314
70 750 121.862656323674
79 750 121.862656323674
0 680 122.160425350264
0 681 122.172307611302
16 631 122.173635611301
0 631 122.173635611301
18 701 130.182571818189
5 771 132.687608457314
13 771 132.687608457314
83 721 132.69301145731
5 721 132.69301145731
13 721 132.69301145731
93 651 134.669431521807
97 640 136.656995073114
58 761 142.174322559993
17 711 145.662483238526
22 670 173.175427475331
6 670 173.175427475331
33 661 173.262475478989
6 661 173.262475478989
20 641 173.266524478986
6 641 173.266524478986
19 671 173.267865478985
20 671 173.267865478985
6 671 173.267865478985
66 731 176.671902294127
33 731 176.671902294127
12 741 177.171281679169
38 741 177.171281679169
20 662 181.198440945396
91 781 181.258244944117
54 781 181.258244944117
20 781 181.258244944117
30 682 194.171930553116
30 712 194.173258553115
12 742 194.174664553114
30 742 194.174664553114
22 792 196.397885666782
69 792 196.397885666782
22 722 196.399304666781
69 722 196.399304666781
72 752 196.455577662306
22 752 196.455577662306
69 752 196.455577662306
64 652 208.161039009938
55 772 208.167861009933
64 772 208.167861009933
55 782 208.169267009932
64 782 208.169267009932
39 602 216.694933261009
32 602 216.694933261009
21 732 220.275633611426
50 732 220.275633611426
29 732 220.275633611426
21 692 220.277013611425
50 692 220.277013611425
29 692 220.277013611425
29 672 220.286621611418
29 622 233.378799546131
15 622 233.378799546131
15 603 233.388420546124
91 702 234.663742894856
73 702 234.663742894856
73 612 234.667856894853
74 601 235.15558037406
29 621 235.16923737405
43 621 235.16923737405
74 621 235.16923737405
3 693 239.256937863053
29 623 242.358084299093
10 762 242.359503299092
77 762 242.359503299092
29 762 242.359503299092
29 773 242.365062299088
91 673 251.365197207435
17 673 251.365197207435
78 683 256.672397020548
56 683 256.672397020548
98 643 265.763657311615
32 643 265.763657311615
10 643 265.763657311615
43 713 277.261794722585
64 653 278.257016251445
65 723 278.269423251436
6 723 278.269423251436
64 723 278.269423251436
10 753 286.6983226273
32 753 286.6983226273
9 753 286.6983226273
92 714 299.285561623314
14 714 299.285561623314
51 674 300.255548387767
9 613 300.269143403285
32 613 300.269143403285
51 613 300.269143403285
9 763 300.270484403284
32 763 300.270484403284
51 763 300.270484403284
83 664 302.98747802592
8 664 302.98747802592
64 632 302.998427025912
8 632 302.998427025912
67 783 307.690455201556
52 783 307.690455201556
32 783 307.690455201556
17 774 312.667812210605
17 793 312.669218210604
17 794 312.671939210602
78 634 312.684203210593
8 634 312.684203210593
17 634 312.684203210593
8 784 312.685583210592
17 784 312.685583210592
82 663 312.689736210589
8 663 312.689736210589
17 663 312.689736210589
82 633 312.691090210588
8 633 312.691090210588
17 633 312.691090210588
46 734 343.291756506733
35 734 343.291756506733
46 654 343.293084506732
35 654 343.293084506732
4 624 350.395722545493
27 624 350.395722545493
73 684 350.397063545492
4 684 350.397063545492
27 684 350.397063545492
7 744 350.456945546119
27 744 350.456945546119
89 604 352.280267353625
90 604 352.280267353625
74 604 352.280267353625
94 675 377.165274173905
94 775 377.166615173904
33 614 377.169362173902
94 614 377.169362173902
43 724 377.177590173896
94 724 377.177590173896
43 795 377.178970173895
94 795 377.178970173895
94 765 377.180298173894
76 704 377.183045173892
94 704 377.183045173892
76 755 377.184451173891
94 755 377.184451173891
56 725 377.187159173889
33 725 377.187159173889
94 725 377.187159173889
97 694 382.164902881732
62 694 382.164902881732
21 694 382.164902881732
23 605 382.170396881728
29 605 382.170396881728
21 605 382.170396881728
60 715 382.175929881724
21 715 382.175929881724
8 625 388.167870228841
52 625 388.167870228841
46 685 393.666117528888
36 685 393.666117528888
97 705 407.791074588179
56 705 407.791074588179
59 705 407.791074588179
23 655 407.795266588176
59 655 407.795266588176
1 695 415.166375919481
1 696 415.184263919468
1 676 415.185669919467
77 786 434.985545642368
64 635 435.165313245865
78 635 435.165313245865
77 646 435.167995245863
78 646 435.167995245863
97 645 435.190218245847
15 645 435.190218245847
78 645 435.190218245847
97 776 435.191572245846
15 776 435.191572245846
78 776 435.191572245846
64 665 459.177220998294
77 665 459.177220998294
1 665 459.177220998294
34 716 474.158114320823
68 636 474.178882257419
12 796 474.256728255317
33 796 474.256728255317
68 796 474.256728255317
5 706 474.266284701336
9 706 474.266284701336
40 706 474.266284701336
32 746 497.263753359114
51 746 497.263753359114
46 615 498.158124977507
72 615 498.158124977507
46 616 498.159465977506
72 616 498.159465977506
72 736 498.160871977505
35 666 498.186691768146
73 666 498.186691768146
72 666 498.186691768146
24 707 533.656753389545
2 657 542.666072672211
49 787 542.66746567221
2 787 542.66746567221
26 757 542.668819672209
2 757 542.668819672209
40 737 542.671553672207
0 737 542.671553672207
2 737 542.671553672207
7 607 542.672946672206
2 607 542.672946672206
29 656 543.262494682485
66 656 543.262494682485
3 637 543.287308682467
65 637 543.287308682467
66 637 543.287308682467
61 747 543.288727682466
65 747 543.288727682466
66 747 543.288727682466
65 618 543.290120682465
66 618 543.290120682465
66 658 543.291513682464
1 698 543.294286682462
66 698 543.294286682462
1 778 543.295653682461
66 778 543.295653682461
88 677 550.158131722515
88 738 550.166437722509
16 718 550.167830722508
67 718 550.167830722508
88 718 550.167830722508
67 717 563.756724560627
67 688 563.759471560625
67 798 563.762244560623
39 697 563.76639756062
67 697 563.76639756062
67 608 563.769144560618
60 667 563.770498560617
67 667 563.770498560617
60 638 563.774651560614
67 638 563.774651560614
39 748 563.775979560613
60 748 563.775979560613
67 748 563.775979560613
48 758 568.684532637526
39 758 568.684532637526
53 647 604.156810091998
72 647 604.156810091998
53 627 604.158216091997
72 627 604.158216091997
