38 380 41.15553592968
8 80 48.157510571186
63 630 53.655461068768
39 390 63.655631561878
49 490 63.657011561877
3 30 68.659733340938
8 81 70.15959596743
69 690 78.755444705933
79 790 78.760886705929
53 530 78.765039705926
18 180 78.766445705925
24 240 78.767786705924
9 90 78.769179705923
14 140 78.770520705922
58 580 78.771926705921
24 241 78.77330670592
29 290 80.656696464984
19 190 80.662088043752
48 480 80.664757833136
44 440 97.671944001382
94 940 97.673285001381
73 730 102.658240532418
78 780 111.686519622119
28 281 111.691935907191
54 540 111.69328990719
34 340 111.698680192262
4 41 111.755431530895
74 740 111.75945467181
9 91 111.762175812726
54 541 111.763594812725
69 691 111.764922812724
3 31 114.176998267077
33 330 114.179810267075
59 590 114.181138267074
28 280 114.182505267073
4 40 114.187986267069
79 791 121.855460898674
29 291 121.858194898672
38 381 121.859548898671
84 840 124.167049664368
18 181 124.168403664367
39 391 124.172556664364
68 681 124.17801166436
43 430 124.182112664357
14 141 124.184898664355
43 431 124.186265664354
63 631 124.19179866435
89 890 124.193139664349
68 680 124.195873664347
13 130 124.200013664344
13 131 124.255400661643
98 980 124.256754661642
58 581 124.258121661641
64 640 124.25952766164
64 641 124.260907661639
93 930 134.655418852143
83 830 134.658152852141
34 341 134.663607852137
93 931 134.664948852136
99 990 134.666367852135
19 191 134.674506399529
73 731 134.678556173226
99 991 134.681264946924
83 831 142.194517434901
53 531 142.197316434899
59 591 142.198696434898
74 741 142.200089434897
88 880 166.757780316054
78 781 171.168458051289
33 331 171.189132051274
23 231 171.19463905127
3 32 171.256884048429
94 941 176.695861473033
53 532 176.697202473032
14 142 181.680176276841
43 432 181.68151727684
38 382 181.684290276838
4 42 181.688378276835
23 232 181.696580276829
59 592 181.697947276828
99 992 181.699314276827
89 891 200.16115024724
68 682 200.163832247238
9 92 200.177951390931
39 392 202.673096442076
98 981 202.678590442072
74 742 202.68133744207
69 692 210.766364606798
58 582 210.770452606795
19 192 222.17397012357
63 632 222.176769123568
93 932 222.18774412356
88 881 222.189111123559
88 882 222.190530123558
84 841 222.193290123556
84 842 222.197352123553
83 832 222.198771123552
98 982 222.256819571154
29 292 224.965924203126
64 642 236.666665912568
94 942 236.670857912565
89 892 236.681845912557
79 792 242.160250027232
88 883 242.171139378866
4 43 247.667925001205
19 193 247.670646001203
59 593 247.672065001202
39 393 247.673406001201
23 233 256.168944109656
63 633 256.171652490528
34 342 258.668428025218
54 542 258.674039025214
28 282 262.180603513352
98 983 262.18340251335
28 283 268.690866183856
9 93 268.756968888776
14 143 268.758309888775
8 82 276.163018835387
43 433 276.171979071269
84 843 276.173359071268
79 793 290.962298804659
43 434 290.966464804656
79 794 290.97469280465
99 993 300.170666192587
69 693 300.174754192584
19 194 300.176095192583
89 893 302.671456103796
78 782 302.672797103795
23 234 303.175897309492
84 844 303.177303309491
34 343 303.18947689856
83 833 305.655565861928
14 144 305.656945861927
63 634 305.662388452875
89 894 328.165635509655
83 834 328.171181509651
78 783 328.179306292246
94 943 328.181988292244
94 944 328.183342292243
69 694 328.186089292241
93 933 328.18745629224
4 44 328.190255292238
34 344 328.191596292237
53 533 328.192989292236
78 784 334.664870762417
93 934 334.67449176241
88 884 334.675910762409
4 45 334.684164762403
23 235 334.685492762402
98 984 335.157397554762
59 594 335.173824994277
59 595 339.186787406762
39 394 356.175579206679
98 985 357.181052959612
34 345 374.190533620541
39 395 377.173274262755
23 236 385.673355632086
84 845 396.690813123562
53 534 396.692154123561
79 795 398.166544537435
99 994 398.270838760107
69 695 422.663484119748
88 885 422.664812119747
39 396 422.670358119743
53 535 422.671751119742
93 935 430.160477569264
4 46 430.168705569258
78 785 435.155412552577
78 786 435.158159552575
99 995 437.663446196319
89 895 462.655391339184
89 896 462.659505339181
93 936 462.663580339178
98 986 462.671899339172
84 846 462.676026339169
34 346 462.677419339168
88 886 464.161448481897
79 796 474.17807287969
69 696 474.179413879689
53 536 474.180767879688
94 946 481.667068563192
83 836 493.68341986763
83 835 493.687481867627
79 797 537.161358576514
88 887 537.162777576513
99 996 537.16685257651
4 47 537.679370849869
88 888 551.671680965948
94 947 552.275061982757
94 948 552.286023982749
53 537 552.287416982748
69 697 552.288809982747
39 397 552.290176982746
84 847 552.291582982745
53 538 552.292949982744
93 937 552.294368982743
69 698 559.183103847939
89 897 559.184457847938
39 398 567.185799393883
99 997 567.1925960291
63 636 572.661962845988
63 637 572.664644845986
63 638 572.666024845985
83 837 596.16110542666
83 838 596.162485426659
93 938 596.183397698439
84 848 596.184790698438
98 988 596.186118698437
49 498 598.694785513279
89 898 598.755559517773
79 798 598.756913517772
99 998 598.758293517771
79 799 598.75971251777
93 939 598.769450517763
