62 250 53.661193902217
63 250 53.661193902217
60 310 74.156883257372
65 260 76.656763288264
69 620 78.756986304482
24 320 78.771984304471
69 320 78.771984304471
26 650 79.156810165537
26 790 79.158177165536
53 780 83.158102349441
53 370 83.162294349438
27 700 101.660148973846
70 300 101.663686259999
27 300 101.663686259999
70 330 101.666381443971
27 330 101.666381443971
30 670 101.667709527191
3 670 101.667709527191
70 350 101.670430627942
27 350 101.670430627942
3 770 101.677187895132
73 660 101.679857079104
56 660 101.679857079104
3 660 101.679857079104
47 730 101.682578263076
56 730 101.682578263076
3 730 101.682578263076
27 351 101.683919363828
75 251 103.671254551868
1 311 105.884040039178
96 311 105.884040039178
61 311 105.884040039178
61 750 105.885381039177
75 760 105.892346039172
61 760 105.892346039172
12 681 116.758249192506
69 681 116.758249192506
88 601 121.856998953003
79 601 121.856998953003
79 701 121.873506952991
68 340 122.161872782755
4 340 122.161872782755
70 291 123.288413187519
52 680 123.688816939837
16 680 123.688816939837
0 720 123.692852939834
16 720 123.692852939834
0 740 123.694271939833
16 740 123.694271939833
16 631 123.696992939831
13 641 123.762459103316
58 641 123.762459103316
16 641 123.762459103316
80 280 124.159059178634
80 281 124.160387178633
80 301 124.187974178613
13 640 142.164234594139
5 771 142.168231594136
13 771 142.168231594136
36 721 142.169572594135
5 721 142.169572594135
13 721 142.169572594135
13 360 142.183203692999
13 361 142.192681989614
5 331 142.195338036879
58 331 142.195338036879
97 331 142.195338036879
22 741 149.771936941676
79 741 149.771936941676
45 741 149.771936941676
22 381 149.773355941675
79 381 149.773355941675
45 381 149.773355941675
29 711 151.689915224973
37 711 151.689915224973
17 711 151.689915224973
57 371 164.659117774413
48 371 164.659117774413
85 341 167.181186374394
38 341 167.181186374394
89 781 167.255470742674
56 781 167.255470742674
38 781 167.255470742674
88 312 167.259520438667
29 710 170.160641370681
88 710 170.160641370681
51 710 170.160641370681
54 761 170.197641370654
93 761 170.197641370654
51 761 170.197641370654
57 621 185.258615164909
41 352 186.677878722538
99 352 186.677878722538
41 362 186.680625722536
99 362 186.680625722536
99 671 186.681979722535
67 262 186.695623722525
80 262 186.695623722525
99 262 186.695623722525
80 672 186.696964722524
99 672 186.696964722524
66 731 187.258215045611
62 292 207.266468796983
12 272 207.281312837252
62 272 207.281312837252
12 602 207.292184857384
62 602 207.292184857384
12 742 207.294970857382
62 742 207.294970857382
12 372 207.296376857381
62 372 207.296376857381
53 792 208.167657140662
95 792 208.167657140662
64 792 208.167657140662
53 722 208.169050140661
95 722 208.169050140661
64 722 208.169050140661
61 342 208.17040414066
72 342 208.17040414066
64 342 208.17040414066
72 612 208.171758140659
64 612 208.171758140659
62 252 212.66081745515
29 252 212.66081745515
29 622 212.662158455149
41 772 214.268990393143
40 772 214.268990393143
41 303 228.180440337758
96 732 230.672897872684
91 702 230.674277872683
96 702 230.674277872683
91 692 230.675618872682
96 692 230.675618872682
68 302 230.69215287267
41 302 230.69215287267
96 302 230.69215287267
41 682 230.693519872669
96 682 230.693519872669
46 322 231.176282288896
46 321 232.186724527793
15 321 232.186724527793
32 632 232.188078527792
46 632 232.188078527792
15 632 232.188078527792
32 391 232.189497527791
46 391 232.189497527791
15 391 232.189497527791
32 392 232.19087752779
46 392 232.19087752779
15 392 232.19087752779
27 253 252.173246577235
27 282 252.177295577232
28 651 252.178675577231
27 651 252.178675577231
28 652 252.18001657723
27 652 252.18001657723
27 283 252.181370577229
87 762 255.265219651293
92 762 255.265219651293
29 762 255.265219651293
92 393 255.266560651292
29 393 255.266560651292
92 383 255.272041651288
29 383 255.272041651288
29 773 255.280282651282
80 363 256.178202122343
50 263 256.194270099835
80 263 256.194270099835
92 623 256.260780103626
75 623 256.260780103626
10 343 256.285127293818
75 343 256.285127293818
56 313 256.666037204223
56 673 256.670980400926
10 753 258.675484025213
55 353 276.159476307663
80 793 278.192815145772
43 713 278.199767145767
80 713 278.199767145767
43 314 278.255679175504
80 314 278.255679175504
9 323 279.162483324263
9 763 279.176283324253
98 643 279.181816324249
76 643 279.181816324249
9 643 279.181816324249
14 644 297.195764715467
82 754 297.36094597707
82 783 297.364994977067
8 712 297.370553977063
78 712 297.370553977063
82 712 297.370553977063
82 784 297.371920977062
83 264 297.373261977061
82 264 297.373261977061
90 653 299.665008535234
65 723 299.666349535233
90 723 299.666349535233
19 693 300.660798098465
34 254 300.66764609846
19 254 300.66764609846
19 344 300.669065098459
19 654 300.684193098448
19 774 300.692330098442
23 354 303.678453111467
50 354 303.678453111467
11 603 303.690834111458
50 603 303.690834111458
52 683 303.694922111455
50 683 303.694922111455
52 684 303.696328111454
50 684 303.696328111454
67 782 303.75543210721
50 782 303.75543210721
50 674 303.759520107207
6 333 303.765079107203
52 333 303.765079107203
50 333 303.765079107203
82 633 305.770769210386
90 633 305.770769210386
17 633 305.770769210386
82 634 305.772097210385
90 634 305.772097210385
17 634 305.772097210385
63 373 319.183383531221
64 373 319.183383531221
14 373 319.183383531221
70 304 321.258143969028
81 274 324.267390670204
92 714 324.296781017982
32 714 324.296781017982
4 624 324.356699610664
23 624 324.356699610664
81 624 324.356699610664
26 663 340.159843895097
98 663 340.159843895097
38 734 340.188797895076
95 734 340.188797895076
98 734 340.188797895076
28 744 341.879584907784
74 604 341.882422907782
28 604 341.882422907782
42 664 346.2624494059
81 664 346.2624494059
82 315 346.269245405895
81 315 346.269245405895
27 385 346.272057405893
81 385 346.272057405893
35 694 347.656973313679
48 724 347.658301313678
35 724 347.658301313678
72 384 347.66926369675
97 384 347.66926369675
35 384 347.66926369675
59 735 347.700187378287
35 735 347.700187378287
82 275 347.758290618914
72 364 366.19235175215
75 364 366.19235175215
75 725 366.196582752147
75 675 366.256789750615
75 705 366.267829750607
59 394 366.273323750603
70 394 366.273323750603
75 394 366.273323750603
70 795 366.274690750602
75 795 366.274690750602
6 345 370.196775630031
7 345 370.196775630031
62 375 385.298315994665
90 375 385.298315994665
94 334 387.759658951987
33 614 387.763708070016
94 614 387.763708070016
94 775 387.767757188045
94 765 387.782612660162
94 365 387.78796377819
31 625 387.796049014248
37 625 387.796049014248
94 625 387.796049014248
29 615 387.798744109113
8 615 387.798744109113
3 615 387.798744109113
17 785 390.19684270607
52 785 390.19684270607
58 785 390.19684270607
61 295 390.271746158735
80 295 390.271746158735
81 295 390.271746158735
46 685 392.163578346164
36 685 392.163578346164
94 335 392.169635757622
36 335 392.169635757622
71 655 404.174758230807
60 655 404.174758230807
48 695 404.191149230795
73 695 404.191149230795
60 695 404.191149230795
47 296 404.196656230791
60 296 404.196656230791
40 265 407.775140293287
59 265 407.775140293287
60 715 407.799811293269
59 715 407.799811293269
54 396 408.175844982708
11 266 433.771482869109
67 266 433.771482869109
28 374 433.772849869108
67 374 433.772849869108
67 286 433.775648869106
67 376 433.777067869105
35 665 433.779827869103
13 665 433.779827869103
67 665 433.779827869103
13 356 433.781233869102
67 356 433.781233869102
77 645 434.966564505668
64 635 434.967983505667
77 635 434.967983505667
77 646 434.973373505663
56 305 434.981653505657
77 305 434.981653505657
40 306 434.985767505654
77 306 434.985767505654
87 256 434.987108505653
77 256 434.987108505653
63 613 434.992511505649
93 613 434.992511505649
77 613 434.992511505649
32 706 457.181048140317
34 706 457.181048140317
84 326 457.182441140316
34 326 457.182441140316
47 276 459.665171809449
19 666 459.666525809448
94 666 459.666525809448
47 666 459.666525809448
40 776 472.19558794411
68 636 472.256813885615
11 636 472.256813885615
40 636 472.256813885615
34 686 479.183272052534
34 687 479.187321052531
14 267 479.18871405253
89 267 479.18871405253
34 267 479.18871405253
14 707 479.190133052529
89 707 479.190133052529
34 707 479.190133052529
51 736 479.658405290474
35 736 479.658405290474
72 656 479.66392529047
54 656 479.66392529047
35 656 479.66392529047
55 317 479.680069986931
35 317 479.680069986931
55 737 479.68139798693
35 737 479.68139798693
17 766 481.677071512919
55 796 481.75952312312
70 796 481.75952312312
17 796 481.75952312312
77 346 481.762231704344
51 716 497.262167359114
30 395 497.268950956567
92 395 497.268950956567
30 336 497.274315216715
92 336 497.274315216715
92 307 497.277023476865
86 607 497.363426302846
51 607 497.363426302846
46 367 497.370197887101
51 367 497.370197887101
34 386 497.383713215191
14 386 497.383713215191
68 257 497.393399215184
1 257 497.393399215184
14 257 497.393399215184
1 347 497.394779215183
14 347 497.394779215183
72 746 498.159625129555
53 696 498.172071129546
55 696 498.172071129546
72 696 498.172071129546
45 626 498.174896129544
55 626 498.174896129544
72 626 498.174896129544
72 797 498.183137129538
73 318 517.68022282441
88 387 539.172071188083
86 387 539.172071188083
99 277 539.177656188079
90 277 539.177656188079
86 277 539.177656188079
99 678 539.178997188078
90 678 539.178997188078
86 678 539.178997188078
86 717 539.187316188072
84 327 539.18998518807
7 327 539.18998518807
86 327 539.18998518807
6 767 539.191352188069
7 767 539.191352188069
86 767 539.191352188069
7 337 539.192732188068
86 337 539.192732188068
55 388 540.176588226363
59 786 541.860776991055
2 786 541.860776991055
7 786 541.860776991055
82 617 544.673067707251
30 617 544.673067707251
88 617 544.673067707251
30 287 544.675892707249
88 287 544.675892707249
2 308 544.678613707247
28 308 544.678613707247
88 308 544.678613707247
2 298 544.679941707246
38 298 544.679941707246
88 298 544.679941707246
2 268 544.681308707245
38 268 544.681308707245
88 268 544.681308707245
2 667 544.682649707244
38 667 544.682649707244
88 667 544.682649707244
28 748 544.686763707241
38 748 544.686763707241
88 748 544.686763707241
12 377 544.963435441989
46 377 544.963435441989
66 278 553.256900041982
66 288 553.258267041981
66 697 553.263709041977
69 378 553.267901041974
66 378 553.267901041974
66 698 553.269242041973
69 608 553.271963041971
66 608 553.271963041971
3 618 553.277483041967
1 618 553.277483041967
66 618 553.277483041967
1 788 553.278824041966
66 788 553.278824041966
87 658 553.280152041965
66 658 553.280152041965
85 787 553.281519041964
1 787 553.281519041964
66 787 553.281519041964
56 338 553.288458041959
46 338 553.288458041959
66 338 553.288458041959
46 728 553.292611041956
66 728 553.292611041956
67 688 560.771692413643
67 798 560.77578041364
90 718 563.873043177971
9 718 563.873043177971
94 718 563.873043177971
93 628 605.26165618747
14 258 605.269754187464
93 258 605.269754187464
14 259 605.271108187463
93 259 605.271108187463
70 297 605.278047187458
74 297 605.278047187458
93 297 605.278047187458
74 348 605.285012187453
93 348 605.285012187453
74 349 605.286405187452
93 349 605.286405187452
