38 380 41.15553592968
61 610 52.755679003237
21 210 52.757085003236
63 630 53.655634902221
25 250 53.661193902217
20 200 54.15752355917
39 390 63.655566561878
60 600 74.155542257373
31 310 74.156922257372
26 260 76.656867288264
69 690 78.755502304483
62 620 78.756856304482
24 240 78.770539304472
32 320 78.771958304471
33 330 78.77328630447
65 650 79.156849165537
79 790 79.158190165536
26 261 79.159609165535
29 290 80.655388724177
78 780 83.158102349441
37 370 83.162229349438
22 220 83.163570349437
27 270 101.656008973849
70 700 101.661477157819
30 300 101.663673360752
67 670 101.667735627944
35 350 101.669102728696
66 660 101.675898995886
77 770 101.677227096638
27 271 101.68132836383
35 351 101.6866925478
73 730 102.659671188843
31 311 102.67726061007
75 750 103.655396844724
25 251 103.669131844714
75 751 103.689558844699
61 611 105.868769039189
76 760 105.896174039169
69 691 116.755528192508
79 791 121.855683953004
60 601 121.857011953003
70 701 121.873428952991
68 680 122.158421736347
29 291 123.288621187519
72 720 123.694165939834
74 740 123.695506939833
63 631 123.75695210332
28 281 123.758319103319
28 280 124.159059178634
34 340 124.165881178629
39 391 124.174083178623
30 301 124.190604178611
64 641 142.16832269301
64 640 142.169676740276
72 721 142.17369979188
36 360 142.192591286236
77 771 142.195312333501
36 361 142.258107757318
73 731 142.663627456217
20 201 143.174231563104
33 331 143.186651563095
74 741 146.767901066886
38 381 146.769229066885
37 371 164.657724774414
71 710 167.171799022214
34 341 167.182658951043
27 272 167.190758527687
78 781 167.200159752143
31 312 167.259519918103
68 681 167.262228263233
71 711 170.16190437068
33 332 170.66222226184
66 661 170.663602261839
23 230 170.669083261835
23 231 170.670424261834
24 241 170.674538261831
76 761 170.678574261828
62 621 173.777603498069
22 221 185.290225164886
22 222 185.294417164883
38 382 186.672319722542
35 352 186.679206722537
36 362 186.680534722536
67 671 186.681901722535
24 242 186.684648722533
26 262 186.692876722527
67 672 186.694243722526
23 232 187.281584045594
66 662 187.284357045592
25 252 207.281442328069
60 602 207.293772857383
74 742 207.296493857381
37 372 207.299175857379
64 642 208.159559140668
72 722 208.169180140661
79 792 208.177434140655
61 612 208.191013140645
29 292 212.658109455152
62 622 212.662210455149
29 293 212.696489455124
76 762 214.263598688679
77 772 214.266255540911
21 211 230.668564872686
21 212 230.669892872685
73 732 230.671246872684
70 702 230.672626872683
69 692 230.674045872682
30 302 230.693222872668
68 682 230.694628872667
30 303 230.697284872665
32 322 232.193572527788
34 342 234.663932376339
73 733 234.672825167589
38 383 236.686634791712
62 623 236.687962791711
78 782 253.181950275563
25 253 256.171665490528
36 363 256.1743348714
26 263 256.185142014014
66 663 256.187837394886
20 202 256.663009167453
20 203 256.664415167452
67 673 256.674787364151
65 651 256.677586364149
31 313 256.680268364147
75 752 257.656790027275
75 753 257.66085286806
34 343 257.692272912765
77 773 257.755396759155
79 793 278.257046175503
71 713 278.259793175501
32 323 279.163837324262
32 324 279.176257324253
23 233 279.184524324247
64 643 279.185904324246
21 213 279.187232324245
31 314 279.659562900147
65 653 279.673466900137
25 254 279.674807900136
60 603 297.289639687671
71 712 297.296565687666
78 784 297.297932687665
79 794 297.856986148661
65 652 299.293965866143
78 783 299.29810586614
67 674 299.299524866139
27 273 299.359453325235
37 373 299.362265325233
23 234 299.363671325232
68 684 299.369217325228
28 283 299.663537535235
72 723 299.666310535233
39 392 300.177969807378
39 393 300.179310807377
34 344 300.186197807372
65 654 300.187551807371
24 243 300.192915807367
33 333 300.194334807366
63 633 300.195662807365
77 774 300.257021193027
76 763 300.258388193026
63 634 300.259742193025
63 632 300.276068193013
21 214 300.277448193012
35 353 303.676852111468
68 683 303.691928111457
66 664 316.166426738186
70 703 321.25542296903
30 304 321.258234969028
70 704 321.259575969027
71 714 321.281162741085
74 744 322.762250969778
76 764 324.168821619793
32 325 324.268770693577
35 354 324.271466089117
26 264 340.158528895098
38 384 340.758098181387
73 734 340.760871181385
20 204 343.175989298706
60 604 343.177330298705
64 644 343.1842172987
61 613 343.186951298698
22 223 343.188318298697
22 224 343.189646298696
30 305 343.19791329869
74 745 343.199293298689
33 334 346.19873740137
31 315 346.261004405901
69 693 347.657012313679
69 694 347.658340313678
35 355 347.659733313677
72 724 347.663821313674
62 624 347.686880229057
24 244 347.692257612133
23 235 347.693585982816
24 245 347.694913995211
39 394 347.697648378289
75 754 365.655448762988
75 755 365.662283762983
73 735 365.672008762976
70 705 365.771853575097
79 795 365.778740575092
61 614 366.265222418795
22 225 370.172234630049
34 345 370.179043630044
38 385 370.181738630042
23 236 385.756929002448
26 265 387.694895827684
67 675 387.700272945836
33 335 387.767744070013
77 775 387.770426188043
76 765 387.775790306071
62 625 387.778459424101
61 615 387.785268636995
28 284 387.794629873052
36 364 388.678397669361
37 375 388.681092669359
28 285 388.689372669353
60 605 388.690778669352
65 655 388.692132669351
22 226 390.359628503627
36 365 392.155538557761
36 366 392.275732963956
71 715 404.181258456066
69 695 404.264862219326
60 606 404.276971832099
72 725 407.77081829329
21 215 407.774945293287
39 396 408.176660913322
68 685 415.695178898014
26 266 415.696597898013
37 376 415.698016898012
67 676 415.699409898011
64 645 427.267456493698
66 665 427.268823493697
35 356 427.270203493696
77 776 434.961057505672
63 635 434.96386950567
32 326 448.183022380474
65 656 448.184363380473
70 706 448.195312380465
78 785 448.196731380464
30 306 448.199491380462
32 327 448.256673384875
34 346 455.182048160827
66 666 455.184769672089
71 716 455.260794773441
64 646 459.686914857561
60 607 474.192683966841
76 766 477.200181508977
73 736 478.759743878258
78 786 478.762399878256
75 756 478.773322878248
72 726 478.776095878246
35 357 479.665201290469
25 256 479.669085929617
25 255 479.676241869477
74 746 479.683770309248
31 316 479.685150309247
38 386 479.686569309246
25 257 481.685311771124
68 687 481.686652771123
79 796 481.693436157785
70 707 481.762216719027
34 347 481.767633105775
30 307 497.265784799103
26 267 497.268493313273
31 317 497.298231819373
68 686 497.355516691103
77 777 497.362416691098
72 727 498.167228243658
73 737 498.168582243657
33 336 498.169923243656
69 696 498.172605243654
62 626 498.17817724365
79 797 498.179531243649
33 337 502.18431174197
76 767 502.185678741969
61 616 517.672120358182
61 617 517.673539358181
31 318 517.677666358178
66 667 517.679033358177
74 747 517.681702358175
75 757 517.684384358173
73 738 517.685803358172
38 387 539.173184505628
71 717 539.175918505626
38 388 540.180066594062
68 688 544.671562707256
30 308 544.683995707247
26 268 544.689424707243
36 367 544.959388441991
37 377 544.962161441989
72 728 544.967681441985
62 628 544.984124441973
66 668 553.26019704198
27 278 553.262892041978
27 277 553.264246041977
69 697 553.267006041975
63 637 553.268360041974
34 348 553.269779041973
69 698 553.271172041972
60 608 553.27395804197
78 787 553.276692041968
65 657 553.278085041967
24 247 553.279491041966
62 627 553.288470225822
24 246 553.289811225821
74 748 553.292558225819
37 378 553.293899225818
65 658 553.295266225817
61 618 553.296633225816
23 237 561.271612301072
79 798 561.283850301063
67 678 561.285269301062
33 338 561.683959920201
35 358 563.896017101561
