61 610 52.755529514132
63 630 53.655397030483
71 710 57.655420373488
95 950 69.955648189699
60 600 74.155568257373
85 850 74.156896257372
65 650 76.65543824895
79 790 76.656779248949
87 870 76.658159248948
69 690 78.755564555292
62 620 78.756983555291
77 770 82.956753353309
70 700 82.958172353308
78 780 83.158206349441
84 840 83.162255349438
92 920 83.163648349437
96 960 92.355509985079
94 940 92.382789570033
76 760 92.384130570032
81 810 103.659861563051
75 751 103.672073563042
61 611 105.880883550075
73 730 107.165187312283
86 860 107.16932731228
83 830 107.170707312279
69 691 116.755551443317
72 720 116.759626443314
74 740 116.761045443313
82 820 116.762425443312
89 890 116.763766443311
98 980 116.76515944331
90 900 116.780352443299
79 791 121.855691323679
88 880 121.857045323678
88 881 121.861211323675
68 680 122.160347350264
68 681 122.171924745702
63 631 122.173265745701
80 800 122.1746197457
75 750 122.176012745699
91 910 122.177340745698
80 801 122.181402745695
76 761 132.684683620944
84 841 132.687391620942
77 771 132.69016462094
83 831 132.695580620936
72 721 132.696921620935
66 660 132.756939564569
93 930 134.656227388959
93 931 134.66913293648
65 651 134.670512936479
99 990 134.673311936477
99 991 134.680198936472
97 970 136.655680073115
64 640 136.657086073114
97 971 142.197756559976
86 861 155.694318224106
96 961 164.659065774413
71 711 167.666075466819
91 911 167.671634466815
81 811 167.75825646253
67 670 167.763776462526
93 932 167.769257462522
85 851 173.186376475323
66 661 173.258309478992
94 941 173.26114747899
64 641 173.262540478989
67 671 173.263959478988
73 731 176.671889294127
74 741 177.173885679167
78 781 177.177934679164
66 662 181.196917945397
89 891 194.163780553122
90 901 194.167894553119
68 682 194.169287553118
71 712 194.170615553117
85 852 194.184402553107
97 972 194.185769553106
73 732 196.374204666799
60 601 196.375558666798
72 722 196.393394666785
64 642 208.160961009938
65 652 208.162380009937
78 782 208.167926009933
75 752 208.176089009927
67 672 209.756828766006
95 951 216.67726360277
60 602 216.692028931885
82 821 216.693356931884
82 822 216.698721817964
90 902 216.766243551058
84 842 216.767571551057
98 982 216.781113290991
80 802 216.78244129099
63 632 217.167787176091
74 742 217.177460176084
94 942 219.668003388097
62 621 220.172142335003
62 622 220.17616614358
81 812 220.184343760734
92 921 220.192519760728
98 981 220.195253760726
77 772 220.283965740409
96 962 233.290674543514
87 871 233.297496543509
60 603 233.382835546128
69 692 239.186157859157
69 693 239.197262859149
89 892 239.200048859147
62 623 242.356674257505
76 762 242.359447257503
77 773 242.362168257501
91 912 243.655661246695
87 872 243.692091093932
92 922 252.180462577228
67 673 256.664260020554
61 612 256.673790020547
78 783 256.675131020546
68 683 256.677878020544
80 803 260.179237356245
76 763 260.180643356244
98 983 269.16961387245
64 643 269.170954872449
84 843 269.172308872448
89 893 286.692672627304
75 753 286.696747627301
92 923 286.755567631827
67 674 286.758262631825
71 713 290.671877158257
71 714 299.288334623312
92 924 299.289662623311
70 702 300.267775649404
83 832 300.275951649398
61 613 300.278724649396
83 833 300.281458649394
85 853 300.282812649393
65 653 300.659537098465
83 834 302.988845025919
96 963 302.991631025917
87 873 303.055469021901
76 764 303.0568360219
66 664 303.059570021898
63 634 309.692451094463
82 823 309.695146782849
66 663 309.696474782848
63 633 309.699183471234
82 824 309.758097205799
78 784 312.791294556797
72 723 312.863938559435
90 903 312.865305559434
77 774 312.866672559433
98 984 331.686420038233
94 944 331.687787038232
72 724 343.398175502223
68 684 343.458366497753
65 654 343.461126497751
62 624 343.46245449775
85 854 354.265617776998
69 694 365.458301496438
80 804 371.659775630058
89 894 375.660863811134
60 604 375.670549811127
90 904 375.673361811125
74 743 375.674728811124
61 615 382.166338881731
60 605 382.171923881727
71 715 382.176076881724
68 685 393.671754528884
67 675 393.674488528882
77 775 393.675816528881
85 855 393.67719652888
94 945 393.678589528879
96 964 393.684096528875
75 754 393.685463528874
78 785 393.686817528873
72 725 393.688236528872
97 973 398.165124481583
97 974 398.171985481578
60 606 398.173378481577
61 614 415.173249919476
69 696 415.183065919469
67 676 415.185773919467
86 865 415.187153919466
64 644 422.76300869423
97 975 430.175184502948
71 716 459.1688759983
68 686 474.156643259037
85 856 474.160692517422
64 645 474.166057034194
64 646 474.170119354366
89 895 474.175574809351
63 636 474.17698080935
89 896 474.178399809349
97 976 474.181120809347
68 687 474.182474809346
62 626 474.186562809343
65 655 481.163589962737
62 625 481.184094962722
66 665 481.668385214075
66 666 481.669752214074
72 726 481.673905214071
65 658 543.279067682473
65 656 544.959388441991
88 887 550.155423722517
67 677 550.156777722516
71 717 550.158196722515
72 727 550.159615722514
67 678 550.161021722513
68 688 550.162388722512
88 888 550.163742722511
64 647 561.274802545061
60 608 561.27622154506
66 667 561.277627545059
66 668 561.278981545058
63 637 561.280387545057
63 638 561.281715545056
94 948 562.760381348285
62 627 562.761748348284
62 628 562.763102348283
65 657 562.764456348282
97 977 562.765875348281
97 978 562.768674348279
94 947 562.770028348278
60 607 568.666605637539
85 858 568.682983637527
60 609 574.165306220893
86 867 605.769315666745
