6 60 25.155575443551
38 380 41.15548392968
15 150 51.655456547092
8 80 51.656797547091
20 200 51.65819054709
25 250 56.655634737022
14 140 56.656988737021
39 390 63.655592561878
7 70 63.656972561877
0 0 63.658391561876
16 160 63.659745561875
23 230 63.661086561874
31 310 63.662453561873
10 100 63.665135561871
8 81 70.168449202681
3 30 71.169251027611
32 320 71.17064402761
12 120 72.158668681142
18 180 72.160009681141
11 110 75.664084131404
26 260 75.665412131403
37 370 75.686047131388
26 261 79.186546534611
21 210 80.656781724176
5 50 80.658200724175
29 291 80.67046712788
7 71 80.677172929113
17 171 80.679907730349
17 170 96.655589239259
29 290 96.661096239255
38 381 96.679010239242
1 10 96.680390239241
9 90 96.68180923924
22 220 96.684543239238
1 11 96.685936239237
4 40 96.687264239236
4 41 96.688644239235
0 1 96.689998239234
16 161 96.691378239233
31 311 96.692758239232
27 270 101.655552568656
30 300 101.660268752627
35 350 101.663002752625
24 240 101.664330752624
27 271 101.665684752623
14 141 101.667051752622
13 130 101.668444752621
35 351 101.66986375262
34 340 101.671256752619
2 20 105.684417197186
12 121 105.688492197183
3 31 105.689885197182
15 151 111.655378557699
30 301 111.694491341881
28 280 124.158961348871
28 281 124.16036734887
32 321 124.171316348862
18 181 124.176810348858
19 191 124.197419348843
13 131 124.198799348842
10 101 124.255464346139
20 201 124.256870346138
33 331 138.69381912318
13 132 138.697881123177
36 361 138.755494367111
9 91 138.758228367109
5 51 138.760975367107
22 221 138.762381367106
16 162 140.285112311474
33 330 142.17239243492
0 2 142.273538162759
36 360 142.278980162755
4 42 142.284487162751
24 241 142.684445431676
37 371 149.183595771156
34 341 149.691461221277
11 111 149.762294225848
33 332 170.66237826184
3 32 170.664292677363
6 61 170.665685677362
6 62 170.667091677361
23 231 170.66843267736
18 182 170.67255606398
22 222 170.679335781278
19 190 170.680676781277
20 202 170.68289906727
15 152 170.684253067269
31 312 172.766208744707
35 352 172.770271276586
14 142 172.786429945342
17 172 172.858297762897
2 21 172.867698826774
38 382 173.175702997081
7 72 173.18501210567
2 22 173.199880268553
27 272 173.271654707793
12 122 184.268847435206
24 242 184.289055803981
11 112 184.299798699005
36 362 184.36087850248
9 92 184.36358698602
5 52 184.370448469557
29 292 193.166487963921
37 372 193.18152496391
26 262 203.162994386448
34 342 203.190334386428
23 232 203.191662386427
1 12 204.675184908411
12 123 209.277435554038
25 251 212.658148455152
25 252 212.659567455151
39 391 212.663746455148
39 392 212.67485145514
5 53 212.685995455132
29 293 212.758161455989
32 322 214.155371353584
19 192 214.169054353574
28 282 214.170395353573
10 102 214.171762353572
32 323 214.181292353565
3 33 225.676074469914
8 82 225.680201469911
15 153 225.682974469909
11 113 225.684328469908
16 163 225.685682469907
2 23 225.687036469906
1 13 225.689705469904
30 302 225.691046469903
30 303 225.6951474699
6 63 226.17992490459
21 211 228.161807141712
21 212 228.163226141711
8 83 228.175425141702
35 353 232.369230528494
26 263 233.756797287276
27 273 242.167087782274
25 253 242.169860782272
20 203 242.667195098308
18 183 242.682427098297
17 173 250.655537188119
31 313 250.663804188113
13 133 250.665210188112
17 174 250.676354188104
10 103 253.266350474319
28 283 256.155363722554
36 363 256.1742178714
37 373 256.19304591214
4 43 256.26480012905
0 3 256.268849502285
28 284 256.278250385557
39 393 256.28099762199
10 104 257.192081160778
1 14 275.179691800246
32 324 275.181058800245
31 314 277.675402347773
9 93 280.180237313739
21 214 292.671044855113
19 194 292.677944855108
34 344 292.680769855106
19 193 292.682149855105
24 244 292.684961855103
12 124 292.686341855102
38 383 292.6891278551
18 184 292.691861855098
29 294 295.190623324752
20 204 295.200076070829
11 114 298.663763371158
24 243 298.678852371147
25 254 298.680245371146
23 233 298.681586371145
34 343 300.19120119257
23 234 303.677713019306
30 304 309.169113141408
16 164 309.173188141405
22 223 309.175857141403
14 144 309.177263141402
13 134 309.178643141401
26 264 309.1800231414
8 84 309.181429141399
5 54 309.182757141398
27 274 309.184111141397
36 364 311.688754475078
37 374 311.690108475077
39 394 312.690894763005
0 4 312.694931008142
33 333 315.156753531237
14 145 315.259526531235
14 143 317.678654850706
19 195 317.688210850699
21 213 323.195536549947
27 275 332.259728466432
23 235 332.261147466431
11 115 332.26251446643
9 94 335.160936041698
10 105 335.166456041694
21 215 340.17290299284
32 325 341.685704867957
7 74 353.666105822634
7 75 353.674178209938
7 73 353.678201597245
28 285 353.691782146475
30 305 353.69848753378
35 354 361.264875312563
15 154 362.19099901244
38 385 362.195139012437
22 224 381.161773568789
29 295 381.171381568782
38 384 381.172800568781
20 205 381.175469568779
34 345 381.176810568778
1 15 381.178138568777
15 155 381.179557568776
37 375 381.180885568775
35 355 381.185012568772
12 125 382.674725599678
33 334 382.690100599667
22 225 382.698380599661
21 216 384.684188308303
2 25 384.685594308302
17 175 391.694111400991
25 255 391.696819400989
36 365 392.15690555776
14 146 392.165146557754
33 335 392.172467025553
36 366 392.175279025551
22 226 396.696181037829
16 165 396.698915037827
18 185 396.757092033795
4 44 407.174353540753
26 265 407.178376792342
13 135 407.182387043931
39 395 407.187077276687
2 26 407.188405276686
16 166 407.189785276685
29 296 407.191152276684
11 116 423.175772385612
28 286 423.180016385609
37 376 423.181383385608
1 16 423.189598385602
39 396 423.190965385601
17 176 423.1923193856
2 24 426.675715519674
18 186 426.677108519673
13 137 426.685388519667
30 306 441.167874370464
32 326 448.158105380472
20 206 448.159498380471
10 106 452.66791635393
13 136 452.669283353929
34 346 452.671978353927
38 386 452.673358353926
26 266 452.677511353923
19 196 459.674282686092
35 357 459.681221686087
25 256 463.173697790391
15 156 463.187393790381
11 117 463.194319790376
15 157 463.195660790375
12 126 470.192680369301
5 57 470.195349369299
14 147 479.189946187889
19 197 479.191313187888
5 55 479.192706187887
2 27 479.194099187886
35 356 487.655697199073
27 276 487.658392199071
31 315 487.661165199069
31 316 487.662506199068
17 177 487.669380199063
12 127 487.672075199061
22 227 487.677465199057
30 307 493.198775575504
28 287 493.255485148918
24 246 493.261122148914
31 317 493.262541148913
24 247 493.26672014891
18 187 493.276406148903
33 336 514.167391912402
20 207 514.171427912399
27 277 514.189380912386
29 297 517.17024858719
26 267 517.172943587188
2 28 529.159513893008
29 298 529.166400893003
30 308 529.169238893001
26 268 529.170605893
28 288 529.171985892999
27 278 529.173378892998
38 387 529.174732892997
38 388 529.176073892996
11 118 536.170799352371
15 158 536.17214035237
22 228 536.174861352368
32 328 536.176189352367
17 178 536.177595352366
5 56 536.180303352364
37 377 536.183024352362
12 128 536.18570635236
33 338 536.187112352359
23 238 536.192567352355
16 167 536.193947352354
16 168 536.195366352353
33 337 538.669408491496
18 188 547.685347241976
7 78 553.6575154395
23 237 553.666663971122
7 79 553.674891971116
39 397 559.163483636658
19 198 559.167636636655
20 208 559.168977636654
23 236 559.170318636653
31 318 568.169421886892
21 217 568.17219488689
21 218 568.173587886889
5 58 573.180207772401
39 398 573.185753772397
37 378 573.187107772396
16 169 573.199540772387
31 319 573.255685696993
21 219 573.268040696984
39 399 573.269420696983
13 138 573.272167696981
19 199 596.166282993277
35 358 596.17595599327
34 348 596.177348993269
