46 460 45.155371437709
61 610 52.755529514132
63 630 53.655462030483
45 450 53.658144030481
57 570 53.65951103048
71 710 57.655485373488
47 470 57.656878373487
49 490 57.658284373486
60 600 74.155633257373
44 440 74.157026257372
65 650 76.65547724895
79 790 76.656857248949
48 480 76.658198248948
69 690 78.755590555292
78 780 78.763870555286
53 530 83.859766259553
62 620 83.86377625955
58 580 95.156896383918
40 400 95.158237383917
43 430 95.159604383916
52 520 95.160971383915
55 550 95.162351383914
70 700 95.163731383913
50 500 95.165098383912
59 590 95.166491383911
77 770 95.16791038391
56 560 95.169329383909
66 660 95.170670383908
73 730 95.174745383905
67 670 101.268987754181
40 401 101.271695754179
75 750 103.655656563054
51 510 103.657075563053
76 760 103.672229563042
48 481 103.68871156303
75 751 103.690104563029
68 680 104.99942561726
72 720 105.059574588581
54 541 105.062243697601
69 691 105.0635976976
42 421 105.06627980662
61 611 105.872707550081
74 740 109.676220203498
79 791 121.855665323679
44 441 121.870728323668
70 701 121.872082323667
60 601 121.873501323666
54 540 125.170036194517
43 431 125.17959219451
45 451 125.185060194506
53 531 125.186401194505
73 731 125.187755194504
41 410 130.657959869366
42 420 130.660706869364
56 561 130.672853869355
68 681 130.678308869351
50 501 130.681068869349
58 581 132.28257713109
55 551 132.285233131088
64 641 132.286561131087
66 661 132.782815871255
77 771 135.167839170895
46 461 135.169180170894
52 521 135.170547170893
72 721 135.176015170889
76 761 139.285149224011
64 640 139.662893362092
78 781 159.167933908395
71 711 159.169287908394
54 542 159.170667908393
50 502 159.173492908391
65 651 176.766248563966
74 741 176.768956563964
56 562 176.790984563948
43 432 176.792377563947
67 671 176.793705563946
59 591 179.165145402135
51 511 179.184037613158
41 411 179.196225227837
51 512 179.197553227836
57 571 182.655586943084
62 621 182.656966943083
57 572 182.658320943082
42 422 186.176489904059
40 402 187.266543352235
66 662 187.269290352233
64 642 208.156938009941
55 552 208.15833100994
53 532 208.17210500993
79 792 208.173446009929
77 772 208.174826009928
78 782 208.176180009927
65 652 208.177586009926
72 722 208.178914009925
61 612 208.187168009919
59 592 208.188548009918
52 522 208.189941009917
67 672 209.758130766005
62 622 211.268844414348
71 712 211.270237414347
68 682 211.271565414346
74 742 211.285300414336
73 732 211.289453414333
44 442 211.290872414332
69 692 211.296250284082
41 412 219.662874181929
46 462 219.665608181927
47 472 219.668303181925
58 582 224.961904480613
70 702 224.968726480608
63 632 229.289893639964
73 733 234.669301894852
42 423 234.674860894848
74 743 235.168000374051
75 752 245.680740057433
56 563 256.193844130154
78 783 256.196578130152
68 683 256.197945130151
57 573 262.662632744149
50 503 262.679218744137
76 763 262.680572744136
55 553 262.681913744135
52 523 262.684647744133
59 593 262.686027744132
60 603 263.675936740972
43 433 268.96080856632
64 643 268.971758221652
63 633 269.060787897117
61 613 269.071647535451
76 762 269.074317081563
75 753 269.085137719897
77 773 269.089226266008
67 673 269.095919358231
60 602 269.665726774979
69 693 269.683510774966
55 554 269.686218774964
56 564 291.173631414392
65 653 291.174959414391
72 723 291.181885414386
50 504 291.199669414373
51 513 296.664563269546
47 473 296.681032269534
65 654 296.682373269533
64 644 296.683779269532
66 663 296.687906269529
68 684 296.692033269526
77 774 296.693400269525
47 474 296.696199269523
58 584 296.697553269522
66 664 296.698920269521
79 793 297.855717519337
71 713 300.674894615128
58 583 300.676313615127
42 424 300.677719615126
78 784 300.679060615125
62 623 301.767431553887
67 674 301.768798553886
51 514 301.771545553884
43 434 301.785254553874
52 524 311.188903933954
70 703 312.294215223815
54 543 312.298264385827
59 594 312.366183162653
71 714 312.999099253371
54 544 313.085030999597
70 704 313.086423999596
53 533 313.091788259504
76 764 324.156858974955
53 534 324.187101974933
62 624 337.699490144721
74 744 344.690584354048
60 604 344.691938354047
61 614 344.693357354046
73 734 351.672403408639
72 724 351.673744408638
58 585 351.690252408626
74 745 355.189452316773
69 694 359.675861016779
75 754 365.655708481318
63 634 365.658416481316
75 755 365.663780481312
72 725 365.670641481307
59 595 365.676057481303
56 565 365.677463481302
67 675 365.685717481296
76 765 365.691224481292
46 464 365.692617481291
70 705 365.69397148129
46 465 376.356715535169
41 414 377.759527673825
41 415 377.760907673824
51 515 377.762300673823
78 785 377.763719673822
52 525 377.765125673821
62 625 378.196186738466
42 425 378.259384094495
60 605 378.262066854525
66 665 380.177819068816
52 526 392.177272073499
55 555 395.174078157567
45 455 395.175471157566
73 735 395.18373815756
69 695 395.193255157553
68 685 395.194609157552
54 545 397.760651440357
79 795 397.775753440346
47 475 397.779880440343
53 535 397.786806440338
77 775 398.278066389882
43 435 398.28081338988
49 494 398.282141389879
49 495 398.284901389877
54 546 401.183048924207
59 596 403.684416227988
65 655 404.161088230817
71 715 404.162494230816
47 476 407.859870863165
75 756 409.670464523063
64 645 409.671844523062
57 574 423.171726773797
57 575 423.173067773796
40 404 423.185292773787
40 405 423.186633773786
67 676 423.188013773785
50 506 434.960848642386
57 576 434.963556642384
50 505 434.964949642383
77 776 434.966368642382
56 566 434.974687642376
40 406 434.976080642375
58 586 434.981587642371
63 635 434.988409642366
64 646 434.992588642363
78 786 434.993929642362
41 416 435.27762924204
74 746 444.260800234779
55 556 444.262193234778
70 706 444.277516234767
71 716 465.765047873284
62 626 465.767769027471
77 777 465.770581027469
68 686 474.156067259037
66 666 482.669000472045
51 516 482.671760472043
73 736 482.678673472038
53 536 488.969856646957
72 726 490.69726000363
55 557 490.756956477564
62 627 491.758289514961
70 707 491.761023514959
72 727 498.162355977504
69 696 498.169294977499
61 616 498.170622977498
61 617 498.171963977497
73 737 516.665127872736
79 796 516.674709872729
73 738 516.677508872727
65 657 527.696909552233
52 527 541.269693384734
76 766 541.271060384733
67 677 541.273859384731
54 547 541.27523938473
52 528 541.282061384725
68 688 541.283467384724
59 597 541.28906538472
78 787 541.290406384719
79 797 541.293179384717
67 678 541.294507384716
66 667 543.25560768249
75 757 543.258276682488
74 747 543.259682682487
63 636 543.265163682483
66 668 543.267962682481
69 697 543.274927682476
63 637 543.276268682475
68 687 543.280460682472
60 607 543.281788682471
60 608 543.28311668247
53 537 543.284535682469
56 567 543.285915682468
64 647 543.288662682466
53 538 543.290068682465
65 658 543.294169682462
61 618 543.29686468246
55 558 552.258667421296
51 517 552.26693442129
49 498 552.656932039725
62 628 552.681428040512
71 717 552.692403040504
54 548 555.262215209909
51 518 563.777463560612
74 748 563.78014556061
63 638 563.781551560609
69 698 563.782892560608
76 767 570.172919399232
71 718 570.17564039923
60 609 583.882170338947
