46 460 45.155371437709
61 610 52.755529514132
63 630 53.655462030483
45 450 53.658144030481
57 570 53.65951103048
71 710 57.655485373488
47 470 57.656878373487
49 490 57.658284373486
60 600 68.658272894108
44 440 74.156909257372
65 650 76.65541224895
79 790 76.656779248949
48 480 76.658146248948
69 690 78.755551555292
62 620 78.759665555289
78 780 78.769195555282
53 530 83.865338259549
56 560 90.664307499706
66 660 90.665648499705
58 580 95.156896383918
40 400 95.158237383917
43 430 95.159656383916
52 520 95.161010383915
55 550 95.162351383914
70 700 95.163744383913
50 500 95.165098383912
59 590 95.166426383911
77 770 95.16781938391
73 730 95.174745383905
67 670 101.269065754181
40 401 101.271890754179
75 750 103.655669563054
51 510 103.657088563053
76 760 103.672190563042
48 481 103.687448563031
75 751 103.68886756303
72 720 109.676181203498
54 541 109.677509203497
79 791 121.855639323679
44 441 121.870741323668
70 701 121.872121323667
60 601 121.873540323666
74 740 125.157772194526
54 540 125.168760194518
68 680 125.170114194517
43 431 125.17986519451
73 731 125.186661194505
41 410 130.657959869366
42 420 130.660732869364
42 421 130.667606869359
56 561 130.673087869355
68 681 130.678542869351
50 501 130.683984869347
64 640 132.274231444384
55 551 132.276913673286
64 641 132.278280673285
47 471 132.782607871255
66 661 132.783948871254
45 451 132.790835871249
77 771 135.167813170895
46 461 135.169193170894
52 521 135.170547170893
72 721 135.17460917089
53 531 135.177369170888
58 581 139.165214664259
76 761 139.274490009901
71 711 154.174643002617
44 442 154.18436800261
78 781 154.192674002604
41 411 154.79646495447
49 491 156.256920880206
48 482 156.258326880205
65 651 176.764803563967
59 591 176.766209563966
74 741 176.767550563965
43 432 176.789526563949
56 562 176.792286563947
67 671 176.795007563945
51 511 179.184063613158
61 611 186.176543025172
40 402 186.177910025171
42 422 186.17931602517
66 662 186.180709025169
62 621 211.263560357263
57 571 211.266242357261
62 622 211.26759635726
71 712 211.268924357259
68 682 211.270265357258
74 742 211.284000357248
51 512 211.286734357246
61 612 218.160953827044
79 792 218.162372827043
72 722 218.163778827042
52 522 218.167905827039
49 492 218.169324827038
54 542 218.172084827036
59 592 218.176302827033
64 642 218.177656827032
40 403 218.179049827031
60 602 218.181731827029
41 412 218.183085827028
67 672 218.185858827026
77 772 218.188605827024
55 552 218.189959827023
78 782 218.191365827022
41 413 218.682710432007
63 632 219.66152018193
46 462 219.664241181928
47 472 219.665660181927
46 463 224.168737926785
73 732 234.678347181758
58 582 234.679727181757
45 452 240.698021734198
62 623 240.755401729714
51 513 240.756794729713
77 773 240.76081772971
63 631 242.768949014698
57 572 245.674335620109
58 583 245.679765224445
48 483 245.687876930224
75 752 245.694569534559
42 423 245.695936735283
70 702 245.70002503745
44 443 245.756799260408
53 532 262.664876749293
76 763 262.683797938189
75 753 262.691859246926
55 553 263.763691865165
49 493 263.766464865163
52 523 263.774679865157
59 593 263.776033865156
50 502 263.778806865154
50 503 263.780173865153
65 652 263.781514865152
43 433 268.974388618187
76 762 268.979766025415
63 633 269.067627382268
40 404 269.070323170696
45 453 284.774392516769
44 444 284.781292516764
71 713 285.658353650819
43 434 285.672088650809
78 783 285.677582650805
72 723 296.669979269542
52 524 296.676879269537
65 653 296.678220269536
47 473 296.679639269535
65 654 296.682308269533
77 774 296.683701269532
60 603 300.676170615127
42 424 300.68579161512
78 784 300.688551615118
47 474 300.694058615114
76 764 300.695412615113
66 663 300.696831615112
58 584 303.163912844287
66 664 303.169445844283
75 754 303.188518844269
64 644 304.686307963318
68 683 306.769106433786
79 793 306.770447433785
74 743 312.978112424092
71 714 312.987733424085
45 454 312.991782424082
54 543 336.159046731696
54 544 336.160426731695
42 425 336.185149731677
53 533 337.18949716595
53 534 337.190838165949
46 464 337.196345165945
48 484 337.197712165944
62 624 337.255489161679
46 465 337.258210161677
74 744 344.756848358583
60 604 344.758202358582
64 643 344.759595358581
49 494 351.686612570682
72 724 351.687992570681
41 415 374.759314811646
63 635 374.764886811642
59 594 374.771747811637
59 595 374.773127811636
43 435 374.777306811633
63 634 376.27947253951
61 613 376.280852539509
61 614 376.282193539508
51 514 376.283547539507
77 775 376.284927539506
41 414 376.286346539505
53 535 376.287700539504
78 785 376.289054539503
47 475 376.294626539499
62 625 378.192252736423
65 655 382.185459099485
71 715 382.189482789886
40 405 397.766000535809
49 495 397.767380535808
48 485 407.791476867456
47 476 407.792856867455
46 466 442.676329205165
49 496 442.68308620516
72 725 442.684479205159
45 455 442.685859205158
48 486 442.687200205157
45 456 442.691301205154
65 656 442.692668205153
40 406 462.159338414716
77 776 462.164741414712
40 407 462.16750141471
47 477 463.756821774426
72 726 463.760883774423
42 426 463.76494577442
44 446 463.766364774419
62 626 463.767692774418
71 716 463.7822189152
53 536 491.184359549439
42 427 491.187158549437
44 447 491.188512549436
53 537 491.191272549434
45 457 491.192639549433
48 488 544.982817419421
40 408 544.98421041942
71 717 544.986957419418
63 636 544.989691419416
43 438 544.991084419415
43 437 552.257248421297
48 487 552.258589421296
72 727 552.259969421295
71 718 552.268171421289
49 497 554.19138940847
73 737 554.195568408467
73 738 554.198328408465
63 637 570.163276399239
63 638 570.170033399234
46 467 570.172819399232
53 538 570.174225399231
62 628 570.17556639923
47 478 605.783561858582
42 429 605.78637385858
