62 450 53.658144030481
63 450 53.658144030481
71 470 57.656878373487
71 490 57.658284373486
0 440 74.156909257372
60 440 74.156909257372
79 480 76.658146248948
65 480 76.658146248948
58 400 95.158237383917
24 400 95.158237383917
58 430 95.159656383916
24 430 95.159656383916
3 401 101.271890754179
15 481 103.687448563031
75 481 103.687448563031
88 441 121.870741323668
70 441 121.870741323668
79 441 121.870741323668
0 431 125.17986519451
4 431 125.17986519451
80 410 130.657959869366
80 420 130.660732869364
84 421 130.667606869359
80 421 130.667606869359
66 471 132.782607871255
93 471 132.782607871255
93 451 132.790835871249
36 461 135.169193170894
50 461 135.169193170894
44 411 154.79646495447
45 411 154.79646495447
48 491 156.256920880206
4 432 176.789526563949
99 432 176.789526563949
66 402 186.177910025171
20 402 186.177910025171
66 422 186.17931602517
20 422 186.17931602517
52 492 218.169324827038
40 492 218.169324827038
60 412 218.183085827028
40 412 218.183085827028
32 462 219.664241181928
46 472 219.665660181927
32 472 219.665660181927
54 452 240.698021734198
88 452 240.698021734198
29 452 240.698021734198
88 483 245.687876930224
17 423 245.695936735283
17 443 245.756799260408
55 493 263.766464865163
80 493 263.766464865163
84 433 268.974388618187
40 433 268.974388618187
33 453 284.774392516769
9 453 284.774392516769
32 453 284.774392516769
79 444 284.781292516764
32 444 284.781292516764
94 473 296.679639269535
65 473 296.679639269535
90 473 296.679639269535
78 424 300.68579161512
82 424 300.68579161512
98 474 300.694058615114
96 474 300.694058615114
82 474 300.694058615114
92 454 312.991782424082
81 425 336.185149731677
11 464 337.196345165945
53 464 337.196345165945
98 464 337.196345165945
4 484 337.197712165944
53 484 337.197712165944
98 484 337.197712165944
98 465 337.258210161677
15 494 351.686612570682
38 494 351.686612570682
27 494 351.686612570682
13 415 374.759314811646
3 415 374.759314811646
35 435 374.777306811633
3 435 374.777306811633
33 414 376.286346539505
77 414 376.286346539505
94 414 376.286346539505
43 475 376.294626539499
49 475 376.294626539499
94 475 376.294626539499
46 405 397.766000535809
36 405 397.766000535809
36 495 397.767380535808
92 485 407.791476867456
47 485 407.791476867456
22 485 407.791476867456
22 476 407.792856867455
32 466 442.676329205165
32 496 442.68308620516
42 455 442.685859205158
32 455 442.685859205158
32 486 442.687200205157
65 456 442.691301205154
32 456 442.691301205154
97 406 462.159338414716
97 407 462.16750141471
88 426 463.76494577442
47 426 463.76494577442
88 446 463.766364774419
47 446 463.766364774419
92 427 491.187158549437
92 447 491.188512549436
44 457 491.192639549433
92 457 491.192639549433
99 488 544.982817419421
97 488 544.982817419421
38 408 544.98421041942
99 408 544.98421041942
97 408 544.98421041942
7 438 544.991084419415
97 438 544.991084419415
11 437 552.257248421297
99 487 552.258589421296
11 487 552.258589421296
26 497 554.19138940847
28 497 554.19138940847
88 497 554.19138940847
80 467 570.172819399232
63 467 570.172819399232
39 467 570.172819399232
43 478 605.783561858582
93 478 605.783561858582
36 429 605.78637385858
93 429 605.78637385858
