38 380 41.15553592968
8 80 48.157510571186
63 630 53.655461068768
39 390 63.655631561878
49 490 63.657011561877
8 81 70.15951796743
69 690 78.755418705933
3 30 78.756824705932
53 530 78.763685705927
18 180 78.765013705926
24 240 78.766354705925
9 90 78.767773705924
58 580 78.769153705923
29 290 80.656748464984
19 190 80.662140043752
48 480 80.663520043751
79 790 83.855486834551
4 40 89.66644407327
59 590 89.67184833063
44 440 97.671918001382
94 940 97.673298001381
14 140 111.673264962382
4 41 111.677327365082
24 241 111.678655491602
38 381 111.692494629683
53 531 111.695306629681
33 330 112.170514432272
78 780 112.184228234123
28 280 112.185556234122
28 281 112.190927256623
54 540 112.193674514209
68 680 112.197904855922
34 340 112.199245855921
73 730 112.255470533433
74 740 112.258191533431
9 91 112.25953253343
54 541 112.260873533429
69 691 112.262266533428
3 31 114.998391293045
79 791 121.855538898674
29 291 121.858337898672
84 840 124.167062664368
18 181 124.168481664367
68 681 124.172543664364
43 430 124.176644664361
14 141 124.17797266436
43 431 124.180745664358
63 631 124.188947664352
13 131 124.194389664348
89 890 124.195730664347
98 980 124.197149664346
13 130 124.198477664345
64 640 124.199883664344
64 641 124.255426661643
93 930 134.655444852143
83 830 134.658191852141
34 341 134.663737852137
93 931 134.665078852136
99 990 134.666458852135
19 191 134.670572852132
73 731 134.671913852131
99 991 134.67330685213
13 132 138.687039368086
83 831 138.688406368085
59 591 138.691127368083
74 741 138.692533368082
58 581 139.164861718007
54 542 159.169103232996
33 331 159.170470232995
48 481 159.19118323298
48 482 159.193969232978
94 941 163.763868692931
88 880 166.757780316054
98 981 166.789659808205
89 891 166.790987808204
14 142 166.792406808203
23 231 166.795192808201
18 182 166.797913808199
93 932 166.862345100146
78 781 171.191786051273
84 841 171.193192051272
53 532 176.697435756221
38 382 178.676827679316
4 42 178.682373679312
39 391 178.689299679307
43 432 178.6990376793
39 392 178.755509679332
9 92 192.766436700322
68 682 200.162517247239
74 742 200.166644247236
69 692 210.766312606798
58 582 210.770400606795
84 842 221.68785200535
98 982 221.693398005346
23 232 221.697590005343
59 592 221.698931005342
24 242 221.756960338577
64 642 222.193242570844
3 33 222.194648570843
3 32 224.970077203123
29 292 224.976899203118
28 282 224.983708203113
63 632 224.986481203111
8 82 230.262397497403
8 83 230.273489497395
19 192 230.284529497387
33 332 230.292809497381
78 782 231.659697757231
94 942 231.667990757225
38 383 231.670815757223
89 892 231.673640757221
73 732 234.655406838012
88 882 236.659791912573
49 491 236.670792912565
49 492 236.672198912564
88 881 236.673591912563
58 583 236.759570549175
73 733 236.760989549174
48 483 242.175235063617
88 883 242.183554063611
39 393 247.680410001196
89 893 247.689992001189
28 283 256.156782722553
59 593 256.178319252271
28 284 256.182381388652
34 342 258.667035025219
19 193 258.668441025218
9 93 268.766446888769
98 983 276.175425835378
43 433 276.176831835377
84 843 276.178172835376
13 133 278.179456660382
3 34 278.183609660379
43 434 285.672062650809
18 184 300.165139192588
19 194 300.170646192584
18 183 300.172039192583
78 783 303.263410189099
83 833 305.655513861928
23 233 305.691986771421
68 683 306.166512536759
23 234 307.758144389031
38 384 307.75955038903
68 684 307.762258389028
83 834 310.359440043416
89 894 310.366340043411
83 832 310.36766804341
8 84 329.760891460955
63 634 329.762284460954
9 94 329.763612460953
78 784 329.769067460949
14 143 329.773194460946
8 85 329.774600460945
14 144 329.778623460942
13 134 329.779951460941
58 584 329.78134446094
39 394 329.785458460937
23 235 329.786799460936
63 633 334.662032762419
54 543 334.680050762406
59 594 334.685440762402
73 734 334.686833762401
93 934 334.693772762396
53 533 334.695100762395
53 534 334.696454762394
34 343 334.697782762393
98 984 335.158660554761
94 944 335.164598343135
88 884 343.698313488764
59 595 343.755697484319
43 435 343.757038484318
38 385 343.758366484317
69 694 357.176590286623
98 985 357.188893286614
93 933 357.198553286607
39 395 357.199894286606
34 345 357.255366218583
28 285 358.155363946191
94 943 358.171910946179
69 693 358.173329946178
48 484 361.678323596437
3 35 365.761100509922
89 895 365.762467509921
3 36 365.76388650992
8 86 371.771616871839
34 344 381.176722884281
58 585 381.186252884274
83 835 381.187580884273
68 685 398.16768415075
33 335 398.173143682206
94 945 398.174510682205
13 135 407.682845810626
54 544 407.695174810617
54 545 407.696502810616
69 695 422.66075011975
88 885 422.662117119749
39 396 422.667650119745
13 137 428.25963445774
53 535 430.163198569262
93 935 430.164565569261
58 586 430.170176569257
33 334 430.178417569251
78 785 430.17975856925
78 786 430.181151569249
13 136 430.182557569248
28 286 434.666333518791
63 635 434.675928518784
98 986 471.674980389945
23 236 471.676321389944
43 436 471.677662389943
43 437 471.679068389942
93 936 471.680461389941
68 686 474.158078407382
63 636 474.162153407379
8 87 474.164123092004
89 896 474.173757091997
68 687 474.179225091993
34 346 475.660962466168
73 735 475.662342466167
73 736 475.663683466166
88 886 481.659818197634
3 37 481.661211197633
53 536 489.163250876009
18 186 494.166615845283
33 336 494.176314845276
28 287 537.161381562039
18 187 537.164141562037
28 288 537.166927562035
38 386 537.171028562032
38 387 537.172421562031
88 887 537.17384056203
83 836 537.175207562029
38 388 537.176548562028
73 737 537.177915562027
73 738 537.179321562026
98 987 538.176232827477
8 88 538.177612827476
43 438 538.178979827475
23 237 545.26394700474
23 238 545.265353004739
58 587 545.266746004738
33 337 547.755499778586
69 698 547.756840781031
53 538 547.762244041743
93 937 547.763637169654
49 498 547.780015169642
94 947 553.155373414791
94 948 553.164825414784
53 537 574.267249792599
39 397 574.268668792598
69 697 574.270074792597
63 637 574.274227792594
63 638 574.275594792593
39 398 574.277000792592
68 688 574.278406792591
69 696 574.27982579259
33 338 596.162472426659
83 837 596.163813426658
83 838 596.165141426657
43 439 596.180792698435
98 988 596.182159698434
