38 380 41.15553592968
8 80 48.157510571186
63 630 53.655461068768
39 390 63.655631561878
49 490 63.657011561877
3 30 68.659733340938
8 81 70.15959596743
69 690 78.755379705933
79 790 78.760964705929
53 530 78.765078705926
18 180 78.766419705925
29 290 80.656748464984
29 291 80.658089464983
48 480 80.663441254365
24 240 89.662419815909
59 590 89.665141444589
19 190 97.665070001387
44 440 97.672009001382
94 940 97.673376001381
58 580 111.656924777425
33 330 111.666364421148
78 780 111.674411071739
4 40 111.677080346664
48 481 111.679788567059
28 280 111.683825045918
14 140 111.685166227967
4 41 111.687835366056
28 281 111.689163414717
24 241 111.690517596766
68 680 111.693212783517
9 91 111.694566877392
54 541 111.695907877391
34 340 111.697261926052
73 730 111.698589926051
74 740 111.758074671811
9 90 111.760743812727
69 691 111.768880953639
3 31 114.177089267077
79 791 121.855512898674
38 381 121.863610898668
84 840 124.167049664368
68 681 124.174040664363
43 430 124.180888664358
14 141 124.183622664356
43 431 124.185015664355
89 890 124.187801664353
33 331 124.189129664352
54 540 124.194649664348
13 131 124.196055664347
58 581 124.197435664346
13 130 124.198828664345
64 640 124.255374661643
98 980 124.256780661642
64 641 124.258121661641
93 930 134.655431852143
83 830 134.658139852141
34 341 134.663750852137
93 931 134.665117852136
99 990 134.666445852135
19 191 134.67325562583
73 731 134.674635625829
13 132 138.687299368086
53 531 138.690085368084
59 591 138.691413368083
74 741 138.692806368082
99 991 138.69552736808
44 441 154.158177063602
44 442 156.762528232154
18 181 159.162281233001
54 542 159.174688232992
83 831 159.178776232989
88 880 166.757780316054
23 231 166.798009808203
18 182 166.855406100151
93 932 166.864936100144
3 32 170.76094650885
63 631 170.783991546383
94 941 170.785397546382
53 532 176.697332473032
89 891 200.16109824724
78 781 200.162517247239
68 682 200.165264247237
39 392 200.166631247236
4 42 200.170667247233
9 92 200.172021247232
38 382 200.175023173777
24 242 202.676272442074
39 391 202.683094442069
74 742 202.685841442067
69 692 210.766351606798
73 732 210.770452606795
58 582 210.773108606793
88 881 210.774462606792
43 432 221.683256334081
98 982 221.688789334077
23 232 221.692812334074
59 592 221.694166334073
19 192 222.173909294837
63 632 222.179299294833
84 842 222.186186294828
83 832 222.187592294827
28 282 224.700075629898
29 292 224.967408203125
89 892 224.978409203117
94 942 229.679541089623
78 782 229.680934089622
3 33 229.682301089621
14 142 229.686402089618
98 981 229.687730089617
84 841 230.271367497403
49 492 230.279608497397
34 342 230.283683497394
8 83 230.286430497392
8 82 230.358218496076
64 642 231.656924757233
19 193 247.681634001195
59 593 247.689914001189
89 893 247.691320001188
23 233 256.166378728784
28 283 256.174451490526
63 633 256.181183252269
49 493 256.186612633139
34 343 256.187992633138
39 393 256.190687633136
24 243 256.193434633134
4 43 258.664236025221
49 491 258.666983025219
88 882 258.680926025209
9 93 268.766602888769
98 983 276.174752071267
43 433 276.176119071266
84 843 276.177460071265
18 183 276.193929071253
18 184 298.797775050451
24 244 298.79911605045
69 693 298.859657053856
23 234 298.860998053855
9 94 298.865034053852
34 344 300.167806192587
19 194 300.17751819258
44 443 306.165197145846
8 85 312.187564807976
43 434 312.191756807973
13 133 315.155503531238
13 134 315.160946523434
8 84 315.163616019532
3 34 315.274552552608
89 894 315.275880552607
14 145 315.277286552606
19 195 317.670413850712
14 144 317.67318685071
78 784 320.193908312937
98 984 328.256822158898
94 944 328.262316158894
4 44 328.263670158893
69 694 328.265024158892
49 494 328.266430158891
53 533 328.26779715889
24 245 328.269190158889
53 534 328.270570158888
63 634 334.662071762419
78 783 334.666211762416
54 543 334.678683762407
54 544 334.680037762406
39 394 334.684190762403
59 594 334.685583762402
4 45 334.692379762397
23 235 334.693798762396
14 143 337.184167492788
59 595 354.265175200628
9 95 354.27600720062
3 35 373.661013020067
34 345 373.6814150862
39 395 373.682821086199
8 86 378.760845925136
23 236 385.670907632088
44 445 385.677807632083
3 36 395.656885810719
78 785 395.697376311089
54 545 398.162469537438
69 695 398.167950537434
49 495 398.169343537433
94 945 398.170723537432
9 96 398.17348353743
18 186 405.179352781914
44 444 422.664812119747
39 396 422.67439411974
53 535 422.677167119738
49 496 427.677022448489
13 136 428.261617457743
13 135 430.163107569262
78 786 430.17935556925
63 635 471.669752863194
89 896 471.673866863191
9 97 471.67520786319
4 46 471.676600863189
44 446 474.180545737485
3 37 474.181938737484
69 696 474.183305737483
63 636 474.185987737481
14 147 491.660001513862
19 197 491.661368513861
53 536 491.664128513859
14 148 491.669570513855
14 146 493.689913600123
24 246 493.69404060012
24 247 493.695394600119
34 346 494.26823301569
89 895 526.171667788897
44 447 537.15997556204
18 185 537.162709562038
49 497 537.164063562037
4 47 537.174871409063
19 196 544.677490247733
23 237 544.683010247729
23 238 544.684364247728
18 188 550.687853608019
69 697 550.689194608018
8 88 550.698776608011
9 98 554.656947622255
9 99 554.658314622254
53 538 581.163026836315
39 397 581.164419836314
3 38 581.167179836312
69 698 581.168598836311
49 498 581.171384836309
63 637 581.172751836308
63 638 581.174144836307
39 398 581.175498836306
19 198 596.158371426662
19 199 596.162485426659
