15 200 51.65819054709
24 140 56.656988737021
3 140 56.656988737021
25 140 56.656988737021
7 160 63.659745561875
39 160 63.659745561875
7 230 63.661086561874
39 230 63.661086561874
7 310 63.662453561873
39 310 63.662453561873
8 100 63.665135561871
39 100 63.665135561871
3 320 71.17064402761
62 320 71.17064402761
49 320 71.17064402761
69 120 72.158668681142
53 180 72.160009681141
69 180 72.160009681141
48 110 75.664084131404
79 110 75.664084131404
79 260 75.665412131403
53 370 75.686047131388
79 370 75.686047131388
29 210 80.656781724176
86 171 80.679907730349
29 171 80.679907730349
17 290 96.661096239255
17 381 96.679010239242
1 220 96.684543239238
17 220 96.684543239238
31 161 96.691378239233
1 161 96.691378239233
17 161 96.691378239233
1 311 96.692758239232
17 311 96.692758239232
27 300 101.660268752627
30 350 101.663002752625
27 350 101.663002752625
32 240 101.664330752624
27 240 101.664330752624
77 141 101.667051752622
27 141 101.667051752622
35 130 101.668444752621
27 130 101.668444752621
27 351 101.66986375262
54 340 101.671256752619
35 340 101.671256752619
27 340 101.671256752619
35 121 105.688492197183
3 301 111.694491341881
80 280 124.158961348871
80 281 124.16036734887
80 321 124.171316348862
92 181 124.176810348858
80 181 124.176810348858
63 191 124.197419348843
14 191 124.197419348843
80 191 124.197419348843
14 131 124.198799348842
80 131 124.198799348842
13 101 124.255464346139
14 101 124.255464346139
80 101 124.255464346139
13 201 124.256870346138
14 201 124.256870346138
80 201 124.256870346138
5 331 138.69381912318
13 331 138.69381912318
13 361 138.755494367111
36 221 138.762381367106
13 221 138.762381367106
10 330 142.17239243492
13 330 142.17239243492
97 330 142.17239243492
27 360 142.278980162755
2 360 142.278980162755
97 360 142.278980162755
86 241 142.684445431676
71 371 149.183595771156
54 371 149.183595771156
93 341 149.691461221277
61 341 149.691461221277
50 341 149.691461221277
71 111 149.762294225848
54 111 149.762294225848
50 111 149.762294225848
34 231 170.66843267736
6 231 170.66843267736
33 231 170.66843267736
45 182 170.67255606398
6 182 170.67255606398
33 182 170.67255606398
6 222 170.679335781278
33 222 170.679335781278
20 190 170.680676781277
33 190 170.680676781277
33 202 170.68289906727
20 152 170.684253067269
33 152 170.684253067269
88 312 172.766208744707
31 352 172.770271276586
88 352 172.770271276586
31 142 172.786429945342
37 142 172.786429945342
51 142 172.786429945342
88 172 172.858297762897
38 272 173.271654707793
27 122 184.268847435206
99 122 184.268847435206
99 242 184.289055803981
60 112 184.299798699005
99 112 184.299798699005
60 362 184.36087850248
99 362 184.36087850248
30 292 193.166487963921
68 292 193.166487963921
31 372 193.18152496391
50 372 193.18152496391
68 372 193.18152496391
67 262 203.162994386448
66 342 203.190334386428
67 342 203.190334386428
42 232 203.191662386427
66 232 203.191662386427
67 232 203.191662386427
81 123 209.277435554038
62 251 212.658148455152
29 251 212.658148455152
62 252 212.659567455151
29 252 212.659567455151
81 391 212.663746455148
29 391 212.663746455148
5 392 212.67485145514
14 392 212.67485145514
29 392 212.67485145514
82 192 214.169054353574
32 192 214.169054353574
82 282 214.170395353573
32 282 214.170395353573
46 102 214.171762353572
32 102 214.171762353572
52 153 225.682974469909
41 153 225.682974469909
41 113 225.684328469908
11 163 225.685682469907
41 163 225.685682469907
41 302 225.691046469903
41 303 225.6951474699
73 211 228.161807141712
73 212 228.163226141711
77 353 232.369230528494
48 353 232.369230528494
15 353 232.369230528494
74 263 233.756797287276
27 253 242.169860782272
88 203 242.667195098308
51 183 242.682427098297
88 183 242.682427098297
91 313 250.663804188113
17 313 250.663804188113
31 133 250.665210188112
91 133 250.665210188112
17 133 250.665210188112
29 103 253.266350474319
80 363 256.1742178714
63 373 256.19304591214
50 373 256.19304591214
28 373 256.19304591214
92 393 256.28099762199
55 393 256.28099762199
80 393 256.28099762199
75 104 257.192081160778
40 324 275.181058800245
43 314 277.675402347773
64 214 292.671044855113
64 194 292.677944855108
19 344 292.680769855106
64 344 292.680769855106
24 193 292.682149855105
64 193 292.682149855105
64 244 292.684961855103
95 124 292.686341855102
24 124 292.686341855102
64 124 292.686341855102
65 383 292.6891278551
64 383 292.6891278551
65 184 292.691861855098
64 184 292.691861855098
51 294 295.190623324752
51 204 295.200076070829
29 114 298.663763371158
84 114 298.663763371158
52 243 298.678852371147
84 243 298.678852371147
52 254 298.680245371146
84 254 298.680245371146
52 233 298.681586371145
84 233 298.681586371145
19 343 300.19120119257
17 343 300.19120119257
68 234 303.677713019306
50 234 303.677713019306
92 304 309.169113141408
30 164 309.173188141405
92 164 309.173188141405
33 223 309.175857141403
14 223 309.175857141403
92 223 309.175857141403
92 144 309.177263141402
14 134 309.178643141401
92 134 309.178643141401
42 264 309.1800231414
14 264 309.1800231414
92 264 309.1800231414
14 274 309.184111141397
92 274 309.184111141397
87 364 311.688754475078
96 364 311.688754475078
83 364 311.688754475078
87 374 311.690108475077
96 374 311.690108475077
83 374 311.690108475077
70 394 312.690894763005
32 394 312.690894763005
14 333 315.156753531237
83 143 317.678654850706
66 143 317.678654850706
19 143 317.678654850706
82 213 323.195536549947
70 213 323.195536549947
82 275 332.259728466432
82 235 332.261147466431
23 115 332.26251446643
82 115 332.26251446643
98 215 340.17290299284
27 325 341.685704867957
74 285 353.691782146475
7 305 353.69848753378
74 305 353.69848753378
97 154 362.19099901244
35 154 362.19099901244
98 154 362.19099901244
43 385 362.195139012437
35 385 362.195139012437
98 385 362.195139012437
80 224 381.161773568789
80 295 381.171381568782
80 384 381.172800568781
38 205 381.175469568779
80 205 381.175469568779
38 345 381.176810568778
80 345 381.176810568778
37 155 381.179557568776
62 155 381.179557568776
80 155 381.179557568776
62 375 381.180885568775
80 375 381.180885568775
21 355 381.185012568772
61 355 381.185012568772
80 355 381.185012568772
55 125 382.674725599678
58 125 382.674725599678
61 334 382.690100599667
29 334 382.690100599667
58 334 382.690100599667
60 225 382.698380599661
42 225 382.698380599661
58 225 382.698380599661
52 175 391.694111400991
17 255 391.696819400989
52 255 391.696819400989
36 146 392.165146557754
67 335 392.172467025553
49 335 392.172467025553
36 335 392.172467025553
98 226 396.696181037829
2 165 396.698915037827
65 165 396.698915037827
98 165 396.698915037827
12 185 396.757092033795
65 185 396.757092033795
98 185 396.757092033795
97 265 407.178376792342
59 265 407.178376792342
85 135 407.182387043931
59 135 407.182387043931
2 395 407.187077276687
47 395 407.187077276687
22 395 407.187077276687
2 166 407.189785276685
47 166 407.189785276685
22 166 407.189785276685
47 296 407.191152276684
22 296 407.191152276684
68 116 423.175772385612
67 116 423.175772385612
67 286 423.180016385609
67 376 423.181383385608
2 396 423.190965385601
67 396 423.190965385601
91 176 423.1923193856
67 176 423.1923193856
83 186 426.677108519673
13 186 426.677108519673
97 306 441.167874370464
90 306 441.167874370464
78 306 441.167874370464
32 206 448.159498380471
83 106 452.66791635393
84 106 452.66791635393
10 136 452.669283353929
83 136 452.669283353929
84 136 452.669283353929
84 346 452.671978353927
34 386 452.673358353926
84 386 452.673358353926
32 266 452.677511353923
84 266 452.677511353923
94 196 459.674282686092
47 196 459.674282686092
96 357 459.681221686087
47 357 459.681221686087
89 256 463.173697790391
11 156 463.187393790381
89 156 463.187393790381
89 117 463.194319790376
89 157 463.195660790375
43 126 470.192680369301
97 126 470.192680369301
34 147 479.189946187889
14 197 479.191313187888
34 197 479.191313187888
96 276 487.658392199071
35 276 487.658392199071
88 315 487.661165199069
35 315 487.661165199069
88 316 487.662506199068
35 316 487.662506199068
35 177 487.669380199063
17 127 487.672075199061
35 127 487.672075199061
17 227 487.677465199057
35 227 487.677465199057
92 307 493.198775575504
92 287 493.255485148918
42 246 493.261122148914
2 246 493.261122148914
92 246 493.261122148914
44 317 493.262541148913
92 317 493.262541148913
13 247 493.26672014891
92 247 493.26672014891
82 187 493.276406148903
19 187 493.276406148903
92 187 493.276406148903
31 336 514.167391912402
79 336 514.167391912402
73 336 514.167391912402
79 207 514.171427912399
73 207 514.171427912399
94 277 514.189380912386
73 277 514.189380912386
74 297 517.17024858719
94 297 517.17024858719
74 267 517.172943587188
94 267 517.172943587188
2 298 529.166400893003
2 308 529.169238893001
2 268 529.170605893
2 288 529.171985892999
66 278 529.173378892998
2 278 529.173378892998
2 387 529.174732892997
2 388 529.176073892996
56 118 536.170799352371
46 118 536.170799352371
56 158 536.17214035237
46 158 536.17214035237
32 228 536.174861352368
46 228 536.174861352368
46 328 536.176189352367
46 178 536.177595352366
12 377 536.183024352362
46 377 536.183024352362
46 128 536.18570635236
56 338 536.187112352359
46 338 536.187112352359
55 238 536.192567352355
46 238 536.192567352355
23 167 536.193947352354
55 167 536.193947352354
46 167 536.193947352354
23 168 536.195366352353
55 168 536.195366352353
46 168 536.195366352353
43 337 538.669408491496
23 337 538.669408491496
86 337 538.669408491496
49 188 547.685347241976
66 188 547.685347241976
7 237 553.666663971122
69 397 559.163483636658
53 397 559.163483636658
94 397 559.163483636658
53 198 559.167636636655
94 198 559.167636636655
62 208 559.168977636654
53 208 559.168977636654
94 208 559.168977636654
57 236 559.170318636653
43 236 559.170318636653
94 236 559.170318636653
99 318 568.169421886892
90 318 568.169421886892
90 217 568.17219488689
90 218 568.173587886889
5 398 573.185753772397
60 398 573.185753772397
63 378 573.187107772396
60 378 573.187107772396
31 169 573.199540772387
60 169 573.199540772387
60 319 573.255685696993
60 219 573.268040696984
60 399 573.269420696983
82 138 573.272167696981
89 138 573.272167696981
60 138 573.272167696981
72 199 596.166282993277
49 358 596.17595599327
72 358 596.17595599327
35 348 596.177348993269
49 348 596.177348993269
72 348 596.177348993269
