38 380 41.15553592968
8 80 48.157510571186
63 630 53.655461068768
39 390 63.655631561878
49 490 63.657011561877
8 81 70.15951796743
69 690 78.755418705933
3 30 78.756824705932
53 530 78.763685705927
18 180 78.765013705926
24 240 78.766354705925
9 90 78.767773705924
58 580 78.769153705923
29 290 80.656748464984
19 190 80.662140043752
48 480 80.663520043751
79 790 83.855486834551
4 40 89.66644407327
59 590 89.67184833063
44 440 97.671983001382
94 940 97.673324001381
73 730 102.658279532418
24 241 111.682574226987
53 531 111.685243491597
4 41 112.1570464419
33 330 112.169311517875
3 31 112.173335961321
78 780 112.185537355072
28 281 112.189900424218
68 680 112.197801678188
34 340 112.255405533433
74 740 112.260860781625
9 91 112.262201781624
54 541 112.263620781623
69 691 112.264987781622
14 140 114.982143293057
28 280 114.983523293056
54 540 115.061126296598
88 880 115.062454296597
29 291 115.065292296595
79 791 121.855538898674
84 840 124.167114664368
18 181 124.168520664367
68 681 124.174079664363
14 141 124.17824566436
43 431 124.179664664359
38 381 124.186473664354
63 631 124.187853664353
13 130 124.19191566435
13 131 124.194675664348
89 890 124.196003664347
98 980 124.197409664346
58 581 124.198815664345
64 640 124.255374661643
64 641 124.256702661642
43 430 132.166387652805
93 930 134.655392852143
83 830 134.658074852141
34 341 134.663672852137
93 931 134.665065852136
99 990 134.666445852135
19 191 134.670533852132
73 731 134.671900852131
99 991 134.67326785213
13 132 138.690007368084
83 831 138.692689368082
59 591 138.69538436808
74 741 138.696712368079
33 331 154.195990202004
54 542 159.173113232993
44 441 159.196495232976
44 442 159.197888232975
94 941 163.762280692932
84 841 171.169838051288
98 981 171.19466505127
89 891 171.195993051269
14 142 171.197347051268
88 881 171.25553004843
3 32 171.295524048401
23 231 171.2968910484
53 532 176.691807272058
93 932 178.790428362952
24 242 181.677416276843
39 391 181.678809276842
43 432 181.68156927684
39 392 181.682936276839
38 382 181.689914276834
4 42 181.69543427683
9 92 181.696853276829
99 992 181.759710277188
68 682 200.166631247236
23 232 208.166549475543
64 642 208.167968475542
34 342 208.172017475539
73 732 210.769033606796
58 582 210.770374606795
29 292 212.655414455154
78 781 212.664983455147
89 892 212.67474745514
84 842 212.676088455139
33 332 212.681595455135
29 293 212.699849151736
74 742 212.765061455984
98 982 212.767860455982
59 592 212.776140455976
19 192 222.168475294837
63 632 222.172576294834
69 692 222.198861294815
94 942 232.189468197768
74 743 235.187026291818
49 492 235.189786291816
49 491 236.662564912571
4 43 247.669331001204
34 343 247.673419001201
19 193 247.676192001199
49 493 247.677520001198
59 593 247.678913001197
39 393 247.680241001196
8 82 251.77084222098
8 83 251.773563220978
43 433 262.185410832715
84 843 262.186816832714
28 282 262.189524832712
23 233 262.19219383271
98 983 262.193521832709
64 643 262.194875832708
79 792 268.685631481232
78 782 268.689771481229
63 633 268.76522288877
28 283 268.768008888768
4 44 268.769349888767
9 93 268.781743888758
33 333 278.267955717046
64 644 278.270767717044
24 244 288.277905849284
79 793 290.962415804659
13 133 290.970682804653
43 434 290.972088804652
79 794 290.978975804647
78 784 290.987268804641
9 94 290.98862280464
19 194 295.662260787953
99 993 295.697658288426
89 893 303.256746806423
54 543 303.263660091611
83 832 303.271901270821
58 583 303.280116270815
14 143 303.281509270814
14 144 303.284269270812
83 833 303.285662270811
13 134 303.28708127081
58 584 303.291169270807
83 834 303.292510270806
84 844 304.156096997228
29 294 304.158040134373
63 634 305.677206816672
44 443 306.167067708931
44 444 306.16839570893
14 145 315.187256589169
24 243 328.198224163125
94 943 328.256757158898
94 944 328.258111158897
98 984 328.259465158896
23 234 328.260871158895
69 693 328.262199158894
69 694 328.263579158893
49 494 328.264946158892
53 533 328.266365158891
24 245 328.269112158889
53 534 328.270492158888
78 783 334.669974753965
39 394 334.682407753956
59 594 334.685141753954
4 45 334.689229753951
23 235 334.69064875395
34 344 343.688432488771
54 544 353.688891645533
74 744 357.674825081485
74 745 357.681518613496
9 95 357.6980541455
39 395 361.674048039605
34 345 361.675428039604
59 595 371.693237653828
94 945 377.16637426276
49 495 377.175982262753
89 894 378.67570159364
29 295 378.677094593639
23 236 385.676219632084
44 445 385.683145632079
54 545 385.684473632078
84 845 388.687217087556
79 795 398.170762537432
13 135 403.172577629916
53 535 403.666667786549
59 596 403.667995786548
69 695 422.663549119748
29 296 422.67448511974
39 396 422.677206119738
64 645 430.171569569256
63 635 430.172936569255
89 895 430.175605569253
64 646 430.176972569252
13 136 434.66487566399
83 835 434.670790978936
13 137 434.676194468136
4 46 456.677707802439
84 846 456.680454802437
83 836 456.687328802432
34 346 456.688669802431
89 896 462.658164339182
9 97 462.667733339175
78 785 471.666979412954
94 946 471.678582787906
19 196 475.662199466167
14 147 491.660066513862
19 197 491.666992513857
24 247 491.668959228362
74 746 491.670378228361
69 696 491.673125228359
79 796 491.675094825498
53 536 491.676487825497
53 537 491.677867825496
44 447 491.679234825495
14 148 491.680653825494
93 936 493.673940867631
14 146 493.679434867627
44 446 503.68928835852
4 47 508.158371652317
94 947 517.158133121114
24 246 517.170358121105
79 797 517.173144121103
49 497 517.175891121101
59 597 517.180083121098
29 297 517.181489121097
29 298 517.182843121096
24 248 520.161450305046
99 994 537.162735562038
99 995 537.164102562037
99 996 537.165469562036
19 198 537.176418562028
83 837 545.290699153214
88 887 550.155507539795
88 888 550.166417539787
9 98 554.655606622256
39 398 563.655631856162
63 637 563.657011856161
63 638 563.659797856159
59 598 563.661203856158
74 747 563.663950856156
99 997 563.676253856147
54 548 563.677620856146
89 897 563.679000856145
44 448 563.681760856143
53 538 563.683127856142
69 698 563.684468856141
39 399 563.68580985614
49 498 568.6555286554
69 697 568.659655655397
54 547 570.177067592227
94 948 572.694835845964
84 847 572.696202845963
9 99 576.657012628561
83 838 596.16110542666
39 397 596.162472426659
64 647 598.762368517768
79 798 598.763774517767
99 998 598.765128517766
79 799 598.766521517765
