62 570 53.65951103048
63 570 53.65951103048
65 790 76.656857248949
53 780 78.763870555286
69 780 78.763870555286
79 530 83.859766259553
69 620 83.86377625955
53 620 83.86377625955
79 620 83.86377625955
24 580 95.156896383918
58 520 95.160971383915
24 520 95.160971383915
58 550 95.162351383914
24 550 95.162351383914
24 700 95.163731383913
70 500 95.165098383912
24 500 95.165098383912
70 590 95.166491383911
24 590 95.166491383911
24 770 95.16791038391
24 560 95.169329383909
56 660 95.170670383908
24 660 95.170670383908
56 730 95.174745383905
24 730 95.174745383905
30 670 101.268987754181
3 670 101.268987754181
75 510 103.657075563053
75 760 103.672229563042
54 680 104.99942561726
69 680 104.99942561726
74 720 105.059574588581
54 720 105.059574588581
69 720 105.059574588581
69 541 105.062243697601
72 740 109.676220203498
54 740 109.676220203498
35 740 109.676220203498
79 701 121.872082323667
70 601 121.873501323666
79 601 121.873501323666
4 540 125.170036194517
73 531 125.186401194505
99 531 125.186401194505
4 531 125.186401194505
45 731 125.187755194504
4 731 125.187755194504
80 561 130.672853869355
80 681 130.678308869351
43 501 130.681068869349
80 501 130.681068869349
16 581 132.28257713109
13 551 132.285233131088
26 551 132.285233131088
16 551 132.285233131088
13 641 132.286561131087
26 641 132.286561131087
16 641 132.286561131087
93 661 132.782815871255
40 771 135.167839170895
50 771 135.167839170895
38 521 135.170547170893
50 521 135.170547170893
36 721 135.176015170889
50 721 135.176015170889
58 761 139.285149224011
13 640 139.662893362092
91 781 159.167933908395
54 781 159.167933908395
25 711 159.169287908394
37 711 159.169287908394
54 711 159.169287908394
88 502 159.173492908391
54 502 159.173492908391
99 651 176.766248563966
22 741 176.768956563964
99 741 176.768956563964
99 562 176.790984563948
99 671 176.793705563946
22 591 179.165145402135
6 591 179.165145402135
33 591 179.165145402135
93 511 179.184037613158
93 512 179.197553227836
57 621 182.656966943083
64 552 208.15833100994
54 532 208.17210500993
64 532 208.17210500993
53 792 208.173446009929
54 792 208.173446009929
64 792 208.173446009929
55 772 208.174826009928
64 772 208.174826009928
55 782 208.176180009927
64 782 208.176180009927
78 652 208.177586009926
55 652 208.177586009926
64 652 208.177586009926
53 722 208.178914009925
95 722 208.178914009925
64 722 208.178914009925
40 612 208.187168009919
72 612 208.187168009919
64 612 208.187168009919
95 592 208.188548009918
72 592 208.188548009918
64 592 208.188548009918
40 522 208.189941009917
64 522 208.189941009917
29 622 211.268844414348
29 712 211.270237414347
71 682 211.271565414346
29 682 211.271565414346
12 742 211.285300414336
29 742 211.285300414336
21 732 211.289453414333
50 732 211.289453414333
29 732 211.289453414333
96 582 224.961904480613
91 702 224.968726480608
96 702 224.968726480608
39 632 229.289893639964
76 632 229.289893639964
3 632 229.289893639964
18 752 245.680740057433
51 752 245.680740057433
88 752 245.680740057433
91 563 256.193844130154
56 783 256.196578130152
91 783 256.196578130152
78 683 256.197945130151
56 683 256.197945130151
91 683 256.197945130151
28 573 262.662632744149
80 503 262.679218744137
28 503 262.679218744137
80 763 262.680572744136
28 763 262.680572744136
80 553 262.681913744135
28 553 262.681913744135
55 523 262.684647744133
80 523 262.684647744133
28 523 262.684647744133
55 593 262.686027744132
80 593 262.686027744132
28 593 262.686027744132
30 603 263.675936740972
78 603 263.675936740972
31 603 263.675936740972
98 643 268.971758221652
84 643 268.971758221652
1 633 269.060787897117
76 633 269.060787897117
32 633 269.060787897117
9 613 269.071647535451
32 613 269.071647535451
9 762 269.074317081563
32 762 269.074317081563
32 753 269.085137719897
75 773 269.089226266008
32 773 269.089226266008
91 673 269.095919358231
75 673 269.095919358231
32 673 269.095919358231
52 602 269.665726774979
55 602 269.665726774979
97 693 269.683510774966
55 693 269.683510774966
17 564 291.173631414392
17 653 291.174959414391
65 723 291.181885414386
17 723 291.181885414386
77 504 291.199669414373
17 504 291.199669414373
18 513 296.664563269546
90 513 296.664563269546
90 654 296.682373269533
90 644 296.683779269532
6 663 296.687906269529
77 663 296.687906269529
90 663 296.687906269529
6 684 296.692033269526
77 684 296.692033269526
90 684 296.692033269526
90 774 296.693400269525
83 584 296.697553269522
8 584 296.697553269522
90 584 296.697553269522
83 664 296.698920269521
8 664 296.698920269521
90 664 296.698920269521
78 713 300.674894615128
82 713 300.674894615128
42 583 300.676313615127
78 583 300.676313615127
82 583 300.676313615127
82 784 300.679060615125
29 623 301.767431553887
67 623 301.767431553887
84 623 301.767431553887
84 674 301.768798553886
18 514 301.771545553884
67 514 301.771545553884
84 514 301.771545553884
50 524 311.188903933954
52 703 312.294215223815
70 543 312.298264385827
52 543 312.298264385827
39 594 312.366183162653
70 594 312.366183162653
52 594 312.366183162653
92 714 312.999099253371
70 544 313.085030999597
32 544 313.085030999597
32 704 313.086423999596
39 533 313.091788259504
70 533 313.091788259504
32 533 313.091788259504
10 534 324.187101974933
76 534 324.187101974933
4 624 337.699490144721
53 624 337.699490144721
98 624 337.699490144721
28 744 344.690584354048
10 744 344.690584354048
74 604 344.691938354047
28 604 344.691938354047
10 604 344.691938354047
28 614 344.693357354046
10 614 344.693357354046
38 734 351.672403408639
27 734 351.672403408639
38 724 351.673744408638
27 724 351.673744408638
6 585 351.690252408626
27 585 351.690252408626
86 694 359.675861016779
98 694 359.675861016779
85 634 365.658416481316
75 634 365.658416481316
75 725 365.670641481307
72 595 365.676057481303
75 595 365.676057481303
73 565 365.677463481302
72 565 365.677463481302
75 565 365.677463481302
75 675 365.685717481296
75 765 365.691224481292
75 705 365.69397148129
84 515 377.762300673823
84 785 377.763719673822
84 525 377.765125673821
80 625 378.196186738466
42 605 378.262066854525
81 605 378.262066854525
63 665 380.177819068816
3 665 380.177819068816
65 555 395.174078157567
60 555 395.174078157567
98 555 395.174078157567
98 735 395.18373815756
73 695 395.193255157553
98 695 395.193255157553
69 685 395.194609157552
73 685 395.194609157552
98 685 395.194609157552
36 545 397.760651440357
36 795 397.775753440346
49 535 397.786806440338
36 535 397.786806440338
94 775 398.278066389882
60 655 404.161088230817
65 715 404.162494230816
60 715 404.162494230816
63 645 409.671844523062
10 645 409.671844523062
75 645 409.671844523062
53 574 423.171726773797
26 574 423.171726773797
1 574 423.171726773797
53 575 423.173067773796
26 575 423.173067773796
1 575 423.173067773796
1 676 423.188013773785
77 506 434.960848642386
77 576 434.963556642384
85 505 434.964949642383
77 505 434.964949642383
77 566 434.974687642376
97 586 434.981587642371
77 586 434.981587642371
64 635 434.988409642366
77 635 434.988409642366
77 646 434.992588642363
77 786 434.993929642362
32 746 444.260800234779
20 556 444.262193234778
32 556 444.262193234778
32 706 444.277516234767
34 716 465.765047873284
84 716 465.765047873284
47 626 465.767769027471
84 626 465.767769027471
77 626 465.767769027471
96 666 482.669000472045
96 516 482.671760472043
35 736 482.678673472038
96 736 482.678673472038
31 536 488.969856646957
92 536 488.969856646957
19 726 490.69726000363
70 726 490.69726000363
17 726 490.69726000363
70 557 490.756956477564
17 557 490.756956477564
3 627 491.758289514961
14 627 491.758289514961
14 707 491.761023514959
53 696 498.169294977499
31 696 498.169294977499
72 696 498.169294977499
82 616 498.170622977498
31 616 498.170622977498
72 616 498.170622977498
82 617 498.171963977497
31 617 498.171963977497
72 617 498.171963977497
73 796 516.674709872729
85 657 527.696909552233
24 657 527.696909552233
88 766 541.271060384733
52 766 541.271060384733
88 677 541.273859384731
52 677 541.273859384731
16 547 541.27523938473
52 547 541.27523938473
52 688 541.283467384724
2 597 541.28906538472
52 597 541.28906538472
59 787 541.290406384719
2 787 541.290406384719
52 787 541.290406384719
88 797 541.293179384717
52 797 541.293179384717
88 678 541.294507384716
52 678 541.294507384716
66 757 543.258276682488
27 747 543.259682682487
66 747 543.259682682487
87 636 543.265163682483
66 636 543.265163682483
66 697 543.274927682476
69 637 543.276268682475
66 637 543.276268682475
77 687 543.280460682472
69 687 543.280460682472
66 687 543.280460682472
69 607 543.281788682471
66 607 543.281788682471
69 608 543.28311668247
66 608 543.28311668247
60 537 543.284535682469
69 537 543.284535682469
66 537 543.284535682469
57 567 543.285915682468
8 567 543.285915682468
66 567 543.285915682468
53 647 543.288662682466
8 647 543.288662682466
66 647 543.288662682466
8 538 543.290068682465
66 538 543.290068682465
66 658 543.294169682462
65 618 543.29686468246
66 618 543.29686468246
97 558 552.258667421296
11 558 552.258667421296
71 517 552.26693442129
99 517 552.26693442129
11 517 552.26693442129
57 628 552.681428040512
8 628 552.681428040512
49 628 552.681428040512
16 717 552.692403040504
55 717 552.692403040504
49 717 552.692403040504
67 548 555.262215209909
88 548 555.262215209909
39 518 563.777463560612
67 518 563.777463560612
39 748 563.78014556061
67 748 563.78014556061
39 638 563.781551560609
67 638 563.781551560609
60 698 563.782892560608
39 698 563.782892560608
67 698 563.782892560608
21 767 570.172919399232
39 767 570.172919399232
16 718 570.17564039923
21 718 570.17564039923
39 718 570.17564039923
