61 610 52.755529514132
63 630 53.655397030483
71 710 57.655420373488
95 950 69.955648189699
60 600 74.155568257373
85 850 74.156896257372
65 650 76.65543824895
79 790 76.656779248949
87 870 76.658159248948
69 690 78.755616555292
62 620 78.757022555291
77 770 82.956753353309
70 700 82.958094353308
78 780 83.158206349441
84 840 83.162307349438
92 920 83.163674349437
96 960 92.355457985079
94 940 92.382685570033
76 760 92.384065570032
81 810 103.659874563051
75 751 103.672242563042
61 611 105.879451550076
86 860 107.16927531228
83 830 107.170681312279
69 691 116.755616443317
72 720 116.759756443314
74 740 116.761097443313
82 820 116.762464443312
89 890 116.763844443311
98 980 116.76519844331
90 900 116.780443443299
79 791 121.855665323679
88 880 121.857032323678
88 881 121.862591323674
68 680 122.160425350264
68 681 122.172949006748
63 631 122.174316006747
80 800 122.175657006746
75 750 122.177063006745
91 910 122.178456006744
80 801 122.182583006741
70 701 130.182415818189
73 730 131.263848517701
66 660 131.2651895177
99 990 131.269394517697
73 731 131.272102517695
86 861 131.273495517694
91 911 132.686297620943
77 771 132.689057620941
83 831 132.694525620937
87 871 132.697246620935
72 721 132.756822564569
85 851 132.760936564566
93 931 134.669735214686
65 651 134.671141214685
99 991 134.680788214678
97 970 136.655654073115
64 640 136.657060073114
67 670 136.66254107311
97 971 136.665236073108
76 761 136.678841073098
71 711 145.662444238526
78 781 146.179265207077
96 961 164.659117774413
93 930 173.183785475325
82 821 173.187834475322
66 661 173.263725478988
94 941 173.266511478986
64 641 173.267891478985
67 671 173.269219478984
81 811 175.76234438241
66 662 181.196943945397
84 841 181.256773944118
60 602 181.68717033325
99 992 181.688511333249
95 951 187.281788352224
95 952 187.291448352217
88 882 187.35559435499
62 621 187.356974354989
89 891 194.16642355312
90 901 194.170602553117
68 682 194.171930553116
71 712 194.174651553114
85 852 194.176057553113
97 972 194.177450553112
96 962 196.3728766668
73 732 196.374204666799
60 601 196.375610666798
70 702 196.381078666794
72 722 196.382419666793
61 612 196.383773666792
86 862 196.385179666791
62 622 207.256773502394
64 642 208.159594009939
79 792 208.173264009929
67 672 209.756789766006
81 812 216.657082003639
98 981 216.68011477579
84 842 216.68279721883
63 632 216.684151488849
83 832 216.698981990986
82 822 216.758105681092
74 741 216.766178286208
90 902 216.767506286207
98 982 216.774238156174
74 742 216.779576591156
91 912 216.783586591153
94 942 219.666558388098
78 782 219.667925388097
87 872 219.669305388096
77 772 219.673471388093
75 752 219.69143738808
76 762 233.360937546144
69 692 233.370597546137
60 603 233.381793546129
73 733 234.673454894849
74 743 235.177738374044
69 693 239.263850863048
96 963 240.384438147296
62 623 242.294427072937
88 883 242.36207737202
95 953 242.363418898612
77 773 251.375915298048
65 652 251.390825598767
92 923 251.456891651219
91 913 251.474831867011
67 673 251.47615986701
80 802 252.168133577237
92 922 252.181855577227
68 683 256.67251765844
84 843 265.781350311602
80 803 265.782743311601
66 663 265.7840713116
98 983 265.785425311599
64 643 265.786779311598
89 892 268.670150309879
76 763 268.678235430181
64 644 278.255558251446
75 753 286.756895631826
67 674 286.763795631821
79 793 295.27118740287
87 873 295.288880402857
77 774 295.290299402856
90 904 295.291653402855
89 893 297.78697230284
65 653 297.788326302839
78 783 297.860990304913
61 613 297.872004304905
71 713 297.874725304903
92 924 299.289519623311
66 664 303.065103021894
83 833 305.257093873714
85 853 305.258486873713
71 714 305.265885674418
82 823 305.665140709231
78 784 305.671988709226
83 834 305.673342709225
63 633 305.674696709224
94 943 305.683015709218
76 764 305.684382709217
96 964 305.685749709216
75 754 305.687129709215
84 844 306.179192690397
68 684 306.187420690391
63 634 306.199840690382
82 824 307.697224941248
72 723 312.659779210611
90 903 312.667890210605
79 794 312.673462210601
99 993 324.170216974945
86 864 324.171583974944
81 813 330.655701974138
81 814 330.659789974135
98 984 335.15811040429
86 863 335.166468404284
94 944 335.174761404278
91 914 335.182898404272
95 954 335.184265404271
65 654 335.18564540427
73 734 335.187051404269
93 933 335.188457404268
93 934 335.189824404267
70 703 335.194042404264
70 704 335.195422404263
74 744 339.284024024608
61 614 339.290911024603
97 974 351.699173617292
65 655 351.756919573808
61 615 351.759718573806
80 805 351.761124573805
80 804 351.762478573804
74 745 352.285450353627
85 854 352.286817353626
98 985 357.262211191351
88 884 365.300126992722
89 894 368.158185035537
60 604 368.162221035534
62 624 368.196305035509
62 625 368.197659035508
97 973 368.199013035507
87 874 375.765010068936
75 755 375.770413334594
67 675 375.790711131565
69 694 375.794786131562
72 724 375.79755913156
72 725 375.798939131559
79 795 375.855695650934
82 825 375.858455650932
70 705 375.86122865093
73 735 375.862647650929
77 775 377.174804173898
94 945 377.176210173897
85 855 377.181691173893
81 815 382.179887881721
83 835 382.193622881711
60 605 382.197762881708
71 715 382.255533404782
84 845 385.863564637126
78 785 385.864918637125
68 685 393.667640528887
76 765 393.69103552887
95 955 393.695149528867
60 606 398.263848477094
99 994 407.764033009092
86 865 407.790931871411
69 695 410.256001612822
88 885 415.174408919475
69 696 415.19521291946
67 676 415.199326919457
75 756 419.779498463951
87 875 426.166806541645
83 836 426.181921541634
64 646 434.98282464237
87 876 434.993838642362
78 786 435.163959245866
97 975 435.166693245864
81 816 435.17222624586
93 936 435.174908245858
63 635 435.176262245857
64 645 435.177668245856
93 935 435.179074245855
77 776 435.19967024584
89 895 435.257020242055
99 995 439.687687182142
65 656 439.689093182141
80 806 459.194744998281
89 896 462.65811410118
95 956 462.677317101166
97 976 462.678736101165
70 706 462.689698101157
85 856 463.198812970367
68 686 474.156578259037
68 687 474.262203194812
84 846 474.26496319481
77 777 480.955510430532
98 986 481.195355962714
76 766 481.196761962713
71 716 492.264635326438
72 726 492.266002326437
88 886 492.267408326436
96 966 492.268788326435
73 736 492.271509326433
96 967 492.272889326432
96 965 498.156874977508
66 666 498.159634977506
92 926 508.255453985284
74 746 508.256833985283
92 927 508.258252985282
62 627 508.259645985281
94 946 509.155627358958
61 616 509.159858358955
74 747 509.170989358947
82 827 509.172369358946
75 757 509.173710358945
61 617 509.176457358943
80 807 509.179243358941
73 737 510.758339887718
82 826 510.765252887713
99 996 510.774899887706
72 727 510.776318887705
79 796 510.779091887703
95 957 510.781838887701
78 787 510.7832188877
79 797 510.784637887699
62 626 510.785991887698
81 817 543.664401648958
71 717 543.667161648956
86 867 543.671301648953
88 887 543.67540264895
67 678 543.690439648939
99 998 543.691793648938
65 657 543.694553648936
66 667 543.697300648934
86 866 543.698654648933
88 888 543.700047648932
92 925 546.759577671617
73 738 546.762337671615
79 798 546.763743671614
66 668 550.284527385666
87 877 550.288615385663
69 697 550.291388385661
63 637 550.29278138566
63 636 550.294148385659
89 897 550.296895385657
61 618 550.298314385656
65 658 550.299655385655
63 638 550.355685382381
85 858 550.35706538238
69 698 550.358393382379
74 748 550.359734382378
86 868 550.369264382371
94 947 553.155588325935
94 948 553.159676325932
84 847 553.165079325928
60 607 553.169180325925
97 977 553.171901325923
76 768 553.17608032592
97 978 556.663920936877
99 997 556.674726936869
67 677 556.676054936868
68 688 556.677447936867
60 608 563.774690560614
75 758 568.69287763752
90 907 573.155444786608
76 767 574.156987220899
60 609 574.180135220882
