60 850 74.156896257372
65 790 76.656779248949
65 870 76.658159248948
69 620 78.757022555291
24 770 82.956753353309
77 700 82.958094353308
24 700 82.958094353308
53 780 83.158206349441
53 840 83.162307349438
94 760 92.384065570032
87 760 92.384065570032
29 760 92.384065570032
70 810 103.659874563051
75 810 103.659874563051
17 860 107.16927531228
86 830 107.170681312279
17 830 107.170681312279
0 720 116.759756443314
69 720 116.759756443314
72 740 116.761097443313
0 740 116.761097443313
69 740 116.761097443313
72 820 116.762464443312
0 820 116.762464443312
69 820 116.762464443312
33 890 116.763844443311
0 890 116.763844443311
69 890 116.763844443311
33 980 116.76519844331
0 980 116.76519844331
69 980 116.76519844331
11 880 121.857032323678
79 880 121.857032323678
79 881 121.862591323674
0 680 122.160425350264
0 681 122.172949006748
43 631 122.174316006747
16 631 122.174316006747
0 631 122.174316006747
0 800 122.175657006746
80 750 122.177063006745
0 750 122.177063006745
0 801 122.182583006741
18 701 130.182415818189
86 730 131.263848517701
73 660 131.2651895177
86 660 131.2651895177
86 990 131.269394517697
86 731 131.272102517695
5 771 132.689057620941
13 771 132.689057620941
5 831 132.694525620937
13 831 132.694525620937
5 871 132.697246620935
13 871 132.697246620935
36 721 132.756822564569
13 721 132.756822564569
33 851 132.760936564566
83 851 132.760936564566
13 851 132.760936564566
93 651 134.671141214685
93 991 134.680788214678
97 640 136.657060073114
89 670 136.66254107311
97 670 136.66254107311
97 761 136.678841073098
17 711 145.662444238526
91 781 146.179265207077
54 781 146.179265207077
48 961 164.659117774413
85 821 173.187834475322
22 821 173.187834475322
6 821 173.187834475322
33 661 173.263725478988
6 661 173.263725478988
20 641 173.267891478985
6 641 173.267891478985
55 671 173.269219478984
20 671 173.269219478984
6 671 173.269219478984
44 811 175.76234438241
97 811 175.76234438241
51 811 175.76234438241
20 662 181.196943945397
91 841 181.256773944118
54 841 181.256773944118
20 841 181.256773944118
11 602 181.68717033325
43 602 181.68717033325
99 602 181.68717033325
15 951 187.281788352224
66 951 187.281788352224
66 952 187.291448352217
66 882 187.35559435499
57 621 187.356974354989
88 621 187.356974354989
66 621 187.356974354989
30 891 194.16642355312
30 682 194.171930553116
30 712 194.174651553114
90 852 194.176057553113
12 852 194.176057553113
30 852 194.176057553113
12 972 194.177450553112
30 972 194.177450553112
69 962 196.3728766668
96 732 196.374204666799
69 732 196.374204666799
11 601 196.375610666798
44 601 196.375610666798
69 601 196.375610666798
69 702 196.381078666794
22 722 196.382419666793
69 722 196.382419666793
72 612 196.383773666792
22 612 196.383773666792
69 612 196.383773666792
22 862 196.385179666791
69 862 196.385179666791
53 792 208.173264009929
56 792 208.173264009929
64 792 208.173264009929
84 981 216.68011477579
81 981 216.68011477579
81 842 216.68279721883
32 632 216.684151488849
84 832 216.698981990986
81 832 216.698981990986
46 822 216.758105681092
32 822 216.758105681092
9 741 216.766178286208
84 741 216.766178286208
81 741 216.766178286208
84 982 216.774238156174
81 982 216.774238156174
98 742 216.779576591156
84 742 216.779576591156
81 742 216.779576591156
2 782 219.667925388097
41 782 219.667925388097
19 872 219.669305388096
41 872 219.669305388096
41 772 219.673471388093
40 752 219.69143738808
68 752 219.69143738808
41 752 219.69143738808
19 762 233.360937546144
11 762 233.360937546144
15 762 233.360937546144
70 692 233.370597546137
88 692 233.370597546137
15 692 233.370597546137
15 603 233.381793546129
3 693 239.263850863048
29 623 242.294427072937
29 953 242.363418898612
75 773 251.375915298048
92 652 251.390825598767
75 652 251.390825598767
91 673 251.47615986701
17 673 251.47615986701
25 802 252.168133577237
27 802 252.168133577237
78 683 256.67251765844
56 683 256.67251765844
10 843 265.781350311602
98 803 265.782743311601
84 803 265.782743311601
10 803 265.782743311601
98 663 265.7840713116
84 663 265.7840713116
10 663 265.7840713116
84 983 265.785425311599
10 983 265.785425311599
98 643 265.786779311598
84 643 265.786779311598
10 643 265.786779311598
36 892 268.670150309879
80 892 268.670150309879
80 763 268.678235430181
10 753 286.756895631826
32 753 286.756895631826
9 753 286.756895631826
20 674 286.763795631821
32 674 286.763795631821
9 674 286.763795631821
19 873 295.288880402857
90 873 295.288880402857
79 873 295.288880402857
90 774 295.290299402856
79 774 295.290299402856
51 893 297.78697230284
48 653 297.788326302839
51 653 297.788326302839
67 783 297.860990304913
51 783 297.860990304913
9 613 297.872004304905
51 613 297.872004304905
43 713 297.874725304903
9 713 297.874725304903
51 713 297.874725304903
58 664 303.065103021894
8 664 303.065103021894
13 833 305.257093873714
14 833 305.257093873714
82 833 305.257093873714
13 853 305.258486873713
14 853 305.258486873713
82 853 305.258486873713
92 714 305.265885674418
14 714 305.265885674418
82 714 305.265885674418
66 823 305.665140709231
83 823 305.665140709231
83 784 305.671988709226
6 633 305.674696709224
96 633 305.674696709224
83 633 305.674696709224
96 764 305.684382709217
83 764 305.684382709217
83 964 305.685749709216
66 754 305.687129709215
83 754 305.687129709215
52 684 306.187420690391
50 684 306.187420690391
84 684 306.187420690391
78 634 306.199840690382
83 634 306.199840690382
84 634 306.199840690382
32 824 307.697224941248
65 723 312.659779210611
17 723 312.659779210611
17 794 312.673462210601
24 993 324.170216974945
1 993 324.170216974945
76 993 324.170216974945
10 864 324.171583974944
76 864 324.171583974944
98 863 335.166468404284
98 954 335.184265404271
95 654 335.18564540427
98 654 335.18564540427
4 734 335.187051404269
95 734 335.187051404269
98 734 335.187051404269
98 703 335.194042404264
98 704 335.195422404263
28 744 339.284024024608
64 614 339.290911024603
74 614 339.290911024603
28 614 339.290911024603
15 974 351.699173617292
38 974 351.699173617292
27 974 351.699173617292
34 655 351.756919573808
6 655 351.756919573808
27 655 351.756919573808
80 615 351.759718573806
6 615 351.759718573806
27 615 351.759718573806
6 805 351.761124573805
27 805 351.761124573805
7 804 351.762478573804
27 804 351.762478573804
7 854 352.286817353626
74 854 352.286817353626
43 884 365.300126992722
35 884 365.300126992722
3 894 368.158185035537
80 894 368.158185035537
89 604 368.162221035534
80 604 368.162221035534
21 624 368.196305035509
80 624 368.196305035509
31 625 368.197659035508
21 625 368.197659035508
80 625 368.197659035508
62 973 368.199013035507
80 973 368.199013035507
75 874 375.765010068936
75 675 375.790711131565
73 694 375.794786131562
56 694 375.794786131562
75 694 375.794786131562
56 724 375.79755913156
75 724 375.79755913156
56 725 375.798939131559
75 725 375.798939131559
56 795 375.855695650934
75 795 375.855695650934
75 825 375.858455650932
75 705 375.86122865093
76 735 375.862647650929
75 735 375.862647650929
94 775 377.174804173898
94 855 377.181691173893
62 815 382.179887881721
21 815 382.179887881721
58 835 382.193622881711
21 835 382.193622881711
23 605 382.197762881708
29 605 382.197762881708
21 605 382.197762881708
60 715 382.255533404782
21 715 382.255533404782
84 785 385.864918637125
46 685 393.667640528887
36 685 393.667640528887
82 765 393.69103552887
36 765 393.69103552887
49 955 393.695149528867
36 955 393.695149528867
60 994 407.764033009092
22 994 407.764033009092
93 865 407.790931871411
59 865 407.790931871411
2 695 410.256001612822
54 695 410.256001612822
69 885 415.174408919475
1 885 415.174408919475
1 696 415.19521291946
1 676 415.199326919457
13 875 426.166806541645
13 836 426.181921541634
77 646 434.98282464237
77 876 434.993838642362
64 975 435.166693245864
78 975 435.166693245864
64 816 435.17222624586
78 816 435.17222624586
87 635 435.176262245857
78 635 435.176262245857
63 645 435.177668245856
87 645 435.177668245856
78 645 435.177668245856
56 776 435.19967024584
78 776 435.19967024584
78 895 435.257020242055
48 995 439.687687182142
32 995 439.687687182142
45 656 439.689093182141
32 656 439.689093182141
34 806 459.194744998281
1 806 459.194744998281
15 956 462.677317101166
89 956 462.677317101166
15 976 462.678736101165
89 976 462.678736101165
5 706 462.689698101157
9 706 462.689698101157
89 706 462.689698101157
43 856 463.198812970367
40 856 463.198812970367
47 846 474.26496319481
68 846 474.26496319481
85 986 481.195355962714
17 986 481.195355962714
1 986 481.195355962714
22 766 481.196761962713
17 766 481.196761962713
1 766 481.196761962713
51 716 492.264635326438
46 726 492.266002326437
51 726 492.266002326437
46 886 492.267408326436
51 886 492.267408326436
51 966 492.268788326435
96 736 492.271509326433
51 736 492.271509326433
51 967 492.272889326432
72 965 498.156874977508
96 666 498.159634977506
72 666 498.159634977506
92 746 508.256833985283
24 627 508.259645985281
92 627 508.259645985281
0 616 509.159858358955
94 616 509.159858358955
27 747 509.170989358947
94 747 509.170989358947
74 827 509.172369358946
27 827 509.172369358946
94 827 509.172369358946
74 757 509.173710358945
27 757 509.173710358945
94 757 509.173710358945
26 617 509.176457358943
74 617 509.176457358943
94 617 509.176457358943
4 807 509.179243358941
74 807 509.179243358941
94 807 509.179243358941
55 826 510.765252887713
73 826 510.765252887713
49 996 510.774899887706
55 996 510.774899887706
73 996 510.774899887706
55 727 510.776318887705
73 727 510.776318887705
31 796 510.779091887703
95 796 510.779091887703
73 796 510.779091887703
73 957 510.781838887701
95 787 510.7832188877
73 787 510.7832188877
95 797 510.784637887699
73 797 510.784637887699
45 626 510.785991887698
31 626 510.785991887698
73 626 510.785991887698
43 817 543.664401648958
23 817 543.664401648958
7 817 543.664401648958
16 717 543.667161648956
23 717 543.667161648956
7 717 543.667161648956
7 867 543.671301648953
38 887 543.67540264895
86 887 543.67540264895
7 887 543.67540264895
99 678 543.690439648939
97 678 543.690439648939
7 678 543.690439648939
97 998 543.691793648938
7 998 543.691793648938
28 657 543.694553648936
2 657 543.694553648936
7 657 543.694553648936
26 667 543.697300648934
2 667 543.697300648934
7 667 543.697300648934
52 866 543.698654648933
2 866 543.698654648933
7 866 543.698654648933
2 888 543.700047648932
7 888 543.700047648932
88 738 546.762337671615
67 798 546.763743671614
88 798 546.763743671614
35 877 550.288615385663
66 877 550.288615385663
39 697 550.291388385661
65 697 550.291388385661
66 697 550.291388385661
39 637 550.29278138566
65 637 550.29278138566
66 637 550.29278138566
3 636 550.294148385659
65 636 550.294148385659
66 636 550.294148385659
65 897 550.296895385657
66 897 550.296895385657
65 618 550.298314385656
66 618 550.298314385656
66 658 550.299655385655
59 638 550.355685382381
65 638 550.355685382381
66 638 550.355685382381
1 858 550.35706538238
66 858 550.35706538238
1 698 550.358393382379
66 698 550.358393382379
87 748 550.359734382378
1 748 550.359734382378
66 748 550.359734382378
55 868 550.369264382371
66 868 550.369264382371
6 847 553.165079325928
53 847 553.165079325928
94 847 553.165079325928
43 607 553.169180325925
94 607 553.169180325925
81 977 553.171901325923
43 977 553.171901325923
94 977 553.171901325923
43 768 553.17608032592
94 768 553.17608032592
97 997 556.674726936869
99 677 556.676054936868
97 677 556.676054936868
99 688 556.677447936867
97 688 556.677447936867
67 608 563.774690560614
48 758 568.69287763752
39 758 568.69287763752
60 767 574.156987220899
