60 310 74.156922257372
69 620 78.756856304482
24 320 78.771958304471
69 320 78.771958304471
70 330 78.77328630447
24 330 78.77328630447
69 330 78.77328630447
26 650 79.156849165537
26 790 79.158190165536
53 780 83.158102349441
53 370 83.162229349438
27 700 101.661477157819
70 300 101.663673360752
27 300 101.663673360752
30 670 101.667735627944
3 670 101.667735627944
70 350 101.669102728696
27 350 101.669102728696
73 660 101.675898995886
56 660 101.675898995886
3 660 101.675898995886
27 770 101.677227096638
3 351 101.6866925478
17 730 102.659671188843
1 311 102.67726061007
17 311 102.67726061007
75 760 105.896174039169
61 760 105.896174039169
88 601 121.857011953003
79 601 121.857011953003
79 701 121.873428952991
4 680 122.158421736347
0 720 123.694165939834
16 720 123.694165939834
0 740 123.695506939833
16 740 123.695506939833
14 631 123.75695210332
31 631 123.75695210332
16 631 123.75695210332
68 340 124.165881178629
54 340 124.165881178629
80 340 124.165881178629
80 391 124.174083178623
80 301 124.190604178611
13 641 142.16832269301
13 640 142.169676740276
97 640 142.169676740276
83 721 142.17369979188
5 721 142.17369979188
13 721 142.17369979188
13 360 142.192591286236
50 771 142.195312333501
43 771 142.195312333501
97 771 142.195312333501
13 361 142.258107757318
86 731 142.663627456217
36 331 143.186651563095
58 331 143.186651563095
22 741 146.767901066886
79 741 146.767901066886
45 741 146.767901066886
22 381 146.769229066885
79 381 146.769229066885
45 381 146.769229066885
57 371 164.657724774414
48 371 164.657724774414
29 710 167.171799022214
88 710 167.171799022214
85 341 167.182658951043
38 341 167.182658951043
89 781 167.200159752143
91 781 167.200159752143
88 781 167.200159752143
88 312 167.259519918103
56 681 167.262228263233
85 681 167.262228263233
38 681 167.262228263233
29 711 170.16190437068
88 711 170.16190437068
51 711 170.16190437068
33 661 170.663602261839
54 761 170.678574261828
33 761 170.678574261828
57 621 173.777603498069
54 621 173.777603498069
6 621 173.777603498069
76 382 186.672319722542
99 382 186.672319722542
41 352 186.679206722537
99 352 186.679206722537
41 362 186.680534722536
99 362 186.680534722536
99 671 186.681901722535
80 672 186.694243722526
99 672 186.694243722526
12 602 207.293772857383
62 602 207.293772857383
12 742 207.296493857381
62 742 207.296493857381
12 372 207.299175857379
62 372 207.299175857379
53 722 208.169180140661
95 722 208.169180140661
64 722 208.169180140661
72 792 208.177434140655
64 792 208.177434140655
40 612 208.191013140645
64 612 208.191013140645
29 622 212.662210455149
19 762 214.263598688679
60 762 214.263598688679
40 762 214.263598688679
41 772 214.266255540911
40 772 214.266255540911
96 732 230.671246872684
91 702 230.672626872683
96 702 230.672626872683
91 692 230.674045872682
96 692 230.674045872682
68 302 230.693222872668
41 302 230.693222872668
96 302 230.693222872668
41 682 230.694628872667
96 682 230.694628872667
41 303 230.697284872665
96 303 230.697284872665
46 322 232.193572527788
15 322 232.193572527788
61 342 234.663932376339
8 342 234.663932376339
73 342 234.663932376339
92 383 236.686634791712
88 383 236.686634791712
92 623 236.687962791711
88 623 236.687962791711
3 782 253.181950275563
17 782 253.181950275563
80 363 256.1743348714
50 663 256.187837394886
80 663 256.187837394886
56 673 256.674787364151
78 651 256.677586364149
56 651 256.677586364149
44 313 256.680268364147
56 313 256.680268364147
10 343 257.692272912765
75 343 257.692272912765
75 773 257.755396759155
80 793 278.257046175503
43 713 278.259793175501
80 713 278.259793175501
9 323 279.163837324262
9 324 279.176257324253
63 643 279.185904324246
76 643 279.185904324246
9 643 279.185904324246
18 653 279.673466900137
84 653 279.673466900137
31 653 279.673466900137
11 603 297.289639687671
78 603 297.289639687671
82 603 297.289639687671
8 712 297.296565687666
78 712 297.296565687666
82 712 297.296565687666
82 784 297.297932687665
78 652 299.293965866143
67 652 299.293965866143
84 652 299.293965866143
67 783 299.29810586614
84 783 299.29810586614
84 674 299.299524866139
23 373 299.362265325233
50 373 299.362265325233
84 373 299.362265325233
52 684 299.369217325228
50 684 299.369217325228
84 684 299.369217325228
65 723 299.666310535233
90 723 299.666310535233
38 392 300.177969807378
65 392 300.177969807378
17 392 300.177969807378
38 393 300.179310807377
65 393 300.179310807377
17 393 300.179310807377
65 344 300.186197807372
17 344 300.186197807372
17 654 300.187551807371
6 333 300.194334807366
19 333 300.194334807366
17 333 300.194334807366
6 633 300.195662807365
19 633 300.195662807365
17 633 300.195662807365
17 774 300.257021193027
63 763 300.258388193026
82 763 300.258388193026
17 763 300.258388193026
82 634 300.259742193025
17 634 300.259742193025
82 632 300.276068193013
90 632 300.276068193013
17 632 300.276068193013
23 353 303.676852111468
50 353 303.676852111468
92 683 303.691928111457
11 683 303.691928111457
50 683 303.691928111457
58 664 316.166426738186
83 664 316.166426738186
70 304 321.258234969028
92 714 321.281162741085
92 744 322.762250969778
19 744 322.762250969778
23 354 324.271466089117
81 354 324.271466089117
57 384 340.758098181387
95 384 340.758098181387
10 384 340.758098181387
38 734 340.760871181385
95 734 340.760871181385
10 734 340.760871181385
74 604 343.177330298705
74 644 343.1842172987
90 613 343.186951298698
74 613 343.186951298698
7 305 343.19791329869
74 305 343.19791329869
96 334 346.19873740137
42 334 346.19873740137
81 334 346.19873740137
82 315 346.261004405901
81 315 346.261004405901
35 693 347.657012313679
35 694 347.658340313678
36 724 347.663821313674
97 724 347.663821313674
35 724 347.663821313674
4 624 347.686880229057
46 624 347.686880229057
35 624 347.686880229057
59 394 347.697648378289
35 394 347.697648378289
59 735 365.672008762976
75 735 365.672008762976
75 705 365.771853575097
70 795 365.778740575092
75 795 365.778740575092
80 614 366.265222418795
6 345 370.179043630044
7 345 370.179043630044
4 385 370.181738630042
6 385 370.181738630042
7 385 370.181738630042
94 675 387.700272945836
94 335 387.767744070013
94 775 387.770426188043
94 765 387.775790306071
31 625 387.778459424101
37 625 387.778459424101
94 625 387.778459424101
8 615 387.785268636995
3 615 387.785268636995
62 364 388.678397669361
58 364 388.678397669361
62 375 388.681092669359
58 375 388.681092669359
4 605 388.690778669352
42 605 388.690778669352
58 605 388.690778669352
45 655 388.692132669351
42 655 388.692132669351
58 655 388.692132669351
60 715 404.181258456066
48 695 404.264862219326
73 695 404.264862219326
60 695 404.264862219326
56 725 407.77081829329
59 725 407.77081829329
54 396 408.176660913322
67 685 415.695178898014
1 685 415.695178898014
67 376 415.698016898012
1 376 415.698016898012
1 676 415.699409898011
10 645 427.267456493698
13 645 427.267456493698
35 665 427.268823493697
13 665 427.268823493697
13 356 427.270203493696
64 635 434.96386950567
77 635 434.96386950567
48 656 448.184363380473
32 656 448.184363380473
32 706 448.195312380465
17 785 448.196731380464
70 785 448.196731380464
32 785 448.196731380464
70 306 448.199491380462
32 306 448.199491380462
19 346 455.182048160827
84 346 455.182048160827
19 666 455.184769672089
84 666 455.184769672089
34 716 455.260794773441
84 716 455.260794773441
56 646 459.686914857561
77 646 459.686914857561
1 646 459.686914857561
6 607 474.192683966841
68 607 474.192683966841
17 766 477.200181508977
89 766 477.200181508977
35 736 478.759743878258
96 736 478.759743878258
96 786 478.762399878256
72 756 478.773322878248
35 756 478.773322878248
96 756 478.773322878248
88 726 478.776095878246
35 726 478.776095878246
96 726 478.776095878246
72 746 479.683770309248
35 746 479.683770309248
88 316 479.685150309247
72 316 479.685150309247
35 316 479.685150309247
34 386 479.686569309246
80 386 479.686569309246
35 386 479.686569309246
77 687 481.686652771123
12 796 481.693436157785
17 796 481.693436157785
1 796 481.693436157785
17 707 481.762216719027
34 707 481.762216719027
77 707 481.762216719027
1 347 481.767633105775
92 307 497.265784799103
70 317 497.298231819373
14 317 497.298231819373
34 686 497.355516691103
14 686 497.355516691103
14 777 497.362416691098
72 737 498.168582243657
53 336 498.169923243656
55 336 498.169923243656
72 336 498.169923243656
79 696 498.172605243654
55 696 498.172605243654
72 696 498.172605243654
45 626 498.17817724365
79 626 498.17817724365
72 626 498.17817724365
72 797 498.179531243649
76 337 502.18431174197
91 337 502.18431174197
7 337 502.18431174197
91 767 502.185678741969
7 767 502.185678741969
31 616 517.672120358182
95 616 517.672120358182
73 616 517.672120358182
31 617 517.673539358181
95 617 517.673539358181
73 617 517.673539358181
73 318 517.677666358178
94 667 517.679033358177
73 667 517.679033358177
94 747 517.681702358175
73 747 517.681702358175
74 757 517.684384358173
94 757 517.684384358173
73 757 517.684384358173
88 387 539.173184505628
86 387 539.173184505628
16 717 539.175918505626
86 717 539.175918505626
55 388 540.180066594062
88 688 544.671562707256
88 308 544.683995707247
46 367 544.959388441991
12 377 544.962161441989
46 377 544.962161441989
19 728 544.967681441985
46 728 544.967681441985
91 628 544.984124441973
24 628 544.984124441973
46 628 544.984124441973
66 697 553.267006041975
69 637 553.268360041974
66 637 553.268360041974
69 348 553.269779041973
66 348 553.269779041973
66 698 553.271172041972
69 608 553.27395804197
66 608 553.27395804197
49 787 553.276692041968
87 787 553.276692041968
66 787 553.276692041968
66 657 553.278085041967
91 627 553.288470225822
66 627 553.288470225822
87 748 553.292558225819
57 748 553.292558225819
66 748 553.292558225819
65 378 553.293899225818
57 378 553.293899225818
66 378 553.293899225818
57 658 553.295266225817
66 658 553.295266225817
65 618 553.296633225816
57 618 553.296633225816
66 618 553.296633225816
99 798 561.283850301063
11 798 561.283850301063
31 678 561.285269301062
99 678 561.285269301062
11 678 561.285269301062
9 338 561.683959920201
92 338 561.683959920201
90 338 561.683959920201
49 358 563.896017101561
67 358 563.896017101561
