7 310 63.662505561873
39 310 63.662505561873
3 320 71.17070902761
62 320 71.17070902761
49 320 71.17070902761
53 370 75.684667131389
79 370 75.684667131389
27 300 101.660268752627
30 350 101.662989752625
27 350 101.662989752625
27 351 101.66979875262
96 381 102.679664605982
54 340 105.673793197194
35 340 105.673793197194
3 301 111.681054283443
80 321 124.172605348861
0 311 124.197211348843
80 311 124.197211348843
50 330 124.199880348841
13 330 124.199880348841
80 330 124.199880348841
97 361 138.861157212531
85 341 138.868031212526
36 341 138.868031212526
97 341 138.868031212526
5 331 139.690376528893
58 331 139.690376528893
71 371 149.186056771154
54 371 149.186056771154
51 312 169.278984393785
31 352 169.281679393783
51 352 169.281679393783
51 372 169.295648393773
66 360 173.657825438241
68 302 193.156746838872
60 362 193.757003597082
16 362 193.757003597082
67 362 193.757003597082
3 342 205.759648862949
64 342 205.759648862949
32 392 214.165148353577
41 303 225.686460022282
77 353 238.687934218029
48 353 238.687934218029
88 353 238.687934218029
80 363 256.175844871399
1 383 256.196053156628
76 383 256.196053156628
80 383 256.196053156628
63 373 256.274425079119
50 373 256.274425079119
80 373 256.274425079119
9 324 271.683009174509
55 324 271.683009174509
44 313 277.669895347777
43 313 277.669895347777
43 314 277.685036347766
63 391 293.757018887307
64 391 293.757018887307
88 343 293.765415887301
64 343 293.765415887301
88 344 293.7668218873
64 344 293.7668218873
19 393 293.770896887297
64 393 293.770896887297
23 384 303.675005019308
52 384 303.675005019308
50 384 303.675005019308
92 304 309.167733141409
87 364 311.679120475085
96 364 311.679120475085
83 364 311.679120475085
87 374 311.680526475084
96 374 311.680526475084
83 374 311.680526475084
70 394 312.694809556892
52 394 312.694809556892
86 354 340.166314992845
98 354 340.166314992845
7 305 348.69423535131
74 305 348.69423535131
43 385 361.276267312548
35 385 361.276267312548
94 365 374.193664388162
94 375 374.19637238816
38 325 381.179528817443
80 325 381.179528817443
38 345 381.180869817442
80 345 381.180869817442
84 335 383.159766239455
25 334 383.165273239451
78 334 383.165273239451
84 334 383.165273239451
41 333 383.168020239449
78 333 383.168020239449
84 333 383.168020239449
2 395 393.759722162929
65 395 393.759722162929
98 395 393.759722162929
2 396 423.178599385609
67 396 423.178599385609
2 336 423.179940385608
67 336 423.179940385608
97 306 441.163209898183
57 306 441.163209898183
78 306 441.163209898183
88 315 459.668801686096
72 315 459.668801686096
47 315 459.668801686096
88 316 459.670142686095
72 316 459.670142686095
47 316 459.670142686095
96 357 459.671561686094
47 357 459.671561686094
34 386 459.684183969835
84 386 459.684183969835
84 327 459.698022969825
53 317 499.180713066317
92 317 499.180713066317
92 307 499.187535066312
2 308 529.160854893007
88 388 529.164890893004
2 388 529.164890893004
46 328 529.174711734613
56 338 529.176117734612
46 338 529.176117734612
35 348 547.664738241991
66 348 547.664738241991
69 397 547.66609224199
66 397 547.66609224199
69 377 547.667446241989
66 377 547.667446241989
87 358 547.670128241987
66 358 547.670128241987
65 378 547.671456241986
66 378 547.671456241986
88 387 547.672823241985
55 387 547.672823241985
66 387 547.672823241985
99 318 555.669826367643
97 318 555.669826367643
87 337 559.664572035861
49 337 559.664572035861
5 398 578.667458674258
60 398 578.667458674258
60 319 578.67842067425
60 399 578.679800674249
96 367 596.16223399328
47 367 596.16223399328
72 367 596.16223399328
96 368 596.164164281613
47 368 596.164164281613
72 368 596.164164281613
59 347 596.169736281609
93 347 596.169736281609
72 347 596.169736281609
88 339 596.172431281607
93 339 596.172431281607
72 339 596.172431281607
