15 200 51.65819054709
24 140 56.656988737021
3 140 56.656988737021
25 140 56.656988737021
7 0 63.658391561876
39 0 63.658391561876
7 160 63.659745561875
39 160 63.659745561875
7 230 63.661086561874
39 230 63.661086561874
7 310 63.662453561873
39 310 63.662453561873
8 100 63.665135561871
39 100 63.665135561871
62 30 71.169251027611
49 30 71.169251027611
3 320 71.17064402761
62 320 71.17064402761
49 320 71.17064402761
69 120 72.158668681142
53 180 72.160048681141
69 180 72.160048681141
48 110 75.664071131404
79 110 75.664071131404
79 260 75.665412131403
29 210 80.656820724176
17 290 96.661031239255
17 381 96.679579519418
17 10 96.680998519417
1 220 96.685151519414
17 220 96.685151519414
17 11 96.686505519413
1 40 96.687924519412
17 40 96.687924519412
1 41 96.689343519411
17 41 96.689343519411
16 1 96.69067151941
1 1 96.69067151941
17 1 96.69067151941
31 161 96.691999519409
1 161 96.691999519409
17 161 96.691999519409
1 311 96.693379519408
17 311 96.693379519408
40 370 101.658932857311
27 370 101.658932857311
27 300 101.66032585731
30 350 101.663072857308
27 350 101.663072857308
32 240 101.664400857307
27 240 101.664400857307
77 141 101.667121857305
27 141 101.667121857305
35 130 101.668488857304
27 130 101.668488857304
27 351 101.669868857303
54 340 101.671209857302
35 340 101.671209857302
27 340 101.671209857302
35 121 105.685888197185
78 20 105.687268197184
12 20 105.687268197184
35 20 105.687268197184
12 31 105.688661197183
35 31 105.688661197183
3 301 111.689178812661
15 241 111.69455620379
80 280 124.158961348871
80 281 124.16034134887
80 321 124.172631348861
92 181 124.178073348857
80 181 124.178073348857
80 131 124.195844348844
10 330 124.197250348843
13 330 124.197250348843
80 330 124.197250348843
13 101 124.198669348842
80 101 124.198669348842
13 201 124.255425346139
80 201 124.255425346139
63 191 124.256766346138
14 191 124.256766346138
80 191 124.256766346138
5 331 138.783760663042
13 331 138.783760663042
13 361 138.791936987024
36 221 138.856939366218
13 221 138.856939366218
97 42 138.877159133778
71 371 149.183348771156
54 371 149.183348771156
93 341 149.692737221276
61 341 149.692737221276
50 341 149.692737221276
71 111 149.761044225849
54 111 149.761044225849
50 111 149.761044225849
48 172 163.676235862049
93 312 163.694047719136
17 312 163.694047719136
48 312 163.694047719136
93 372 163.696714862034
17 372 163.696714862034
48 372 163.696714862034
33 32 170.663719261839
34 231 170.66836767736
6 231 170.66836767736
33 231 170.66836767736
6 222 170.676670063977
33 222 170.676670063977
20 190 170.679391063975
33 190 170.679391063975
33 202 170.680758063974
31 352 172.764919611285
37 352 172.764919611285
51 352 172.764919611285
31 142 172.783657844331
88 142 172.783657844331
83 360 173.166315834194
38 360 173.166315834194
85 122 173.186535105669
38 122 173.186535105669
76 21 173.195987268556
38 21 173.195987268556
38 272 173.256863671859
27 22 185.676260494762
99 22 185.676260494762
27 382 185.684553494756
99 382 185.684553494756
99 242 185.69274249475
60 362 185.755490494928
99 362 185.755490494928
35 112 185.758198494926
60 112 185.758198494926
99 112 185.758198494926
0 232 185.763757494922
99 232 185.763757494922
68 302 193.158139838871
30 292 193.166185838865
68 292 193.166185838865
67 262 203.164322386447
66 342 203.184801386432
67 342 203.184801386432
53 12 205.75824286295
64 12 205.75824286295
81 123 209.273438554041
81 391 212.662314455149
29 391 212.662314455149
81 251 212.663655455148
29 251 212.663655455148
81 252 212.664996455147
29 252 212.664996455147
5 392 212.67446145514
14 392 212.67446145514
29 392 212.67446145514
82 282 214.167856353575
32 282 214.167856353575
3 3 214.177477353568
32 3 214.177477353568
46 192 224.659781646424
46 322 224.667970646418
41 102 225.664341022298
41 33 225.672543022292
52 153 225.680784022286
41 153 225.680784022286
41 113 225.682203022285
41 303 225.68899902228
73 211 228.161768141712
73 212 228.163135141711
73 132 228.165804141709
2 152 231.666584757226
3 152 231.666584757226
3 13 231.676257757219
1 23 231.680345757216
3 23 231.680345757216
1 353 231.683027757214
3 353 231.683027757214
1 383 231.684446757213
3 383 231.684446757213
74 263 233.755391287277
88 203 238.676754158275
27 253 242.170029782272
61 223 247.187562096939
17 223 247.187562096939
91 223 247.187562096939
91 133 250.66787918811
17 133 250.66787918811
91 313 250.669272188109
17 313 250.669272188109
80 363 256.177043252272
63 373 256.18787653127
80 373 256.18787653127
28 373 256.18787653127
63 233 256.268735332647
50 233 256.268735332647
80 233 256.268735332647
55 103 256.276859705879
80 103 256.276859705879
75 182 257.163062160799
0 43 257.168452160795
75 43 257.168452160795
92 193 257.178099160788
75 193 257.178099160788
75 104 257.187707160781
97 44 271.671982174517
55 44 271.671982174517
76 14 275.180915800245
98 14 275.180915800245
40 14 275.180915800245
40 324 275.183662800243
9 213 275.193348800236
10 213 275.193348800236
40 213 275.193348800236
43 34 277.674165347774
43 314 277.675571347773
21 143 280.193284944695
9 143 280.193284944695
32 143 280.193284944695
64 194 293.763905887302
19 343 293.7666788873
64 343 293.7666788873
34 163 293.768058887299
19 163 293.768058887299
64 163 293.768058887299
19 344 293.769477887298
64 344 293.769477887298
64 244 293.776312887293
62 183 293.777705887292
24 183 293.777705887292
64 183 293.777705887292
62 184 293.779111887291
24 184 293.779111887291
64 184 293.779111887291
46 124 293.78049188729
24 124 293.78049188729
64 124 293.78049188729
87 243 293.783212887288
65 243 293.783212887288
64 243 293.783212887288
38 393 293.788576887284
65 393 293.788576887284
64 393 293.788576887284
77 254 293.789917887283
17 254 293.789917887283
64 254 293.789917887283
14 333 293.797976887277
64 333 293.797976887277
64 144 293.857005890697
14 134 293.858424890696
64 134 293.858424890696
42 264 293.859817890695
14 264 293.859817890695
64 264 293.859817890695
14 274 293.863905890692
64 274 293.863905890692
64 214 300.178761475682
17 214 300.178761475682
23 384 303.678989019305
50 384 303.678989019305
51 114 309.259456139542
66 114 309.259456139542
92 114 309.259456139542
87 364 311.690017475077
96 364 311.690017475077
83 364 311.690017475077
87 374 311.691436475076
96 374 311.691436475076
83 374 311.691436475076
51 204 311.759611478866
83 204 311.759611478866
92 304 311.769193478859
83 304 311.769193478859
30 164 311.770547478858
92 164 311.770547478858
83 164 311.770547478858
45 224 311.773242478856
92 224 311.773242478856
83 224 311.773242478856
52 234 312.679242137644
70 394 323.179093549959
23 115 332.195840054535
82 115 332.195840054535
81 4 332.197207054534
27 4 332.197207054534
82 4 332.197207054534
82 275 332.198561054533
57 15 335.171120754049
10 15 335.171120754049
10 245 335.179387754043
98 215 340.170350992842
81 235 341.182250303131
27 45 341.694580002098
4 385 341.695921002097
27 385 341.695921002097
38 205 341.697327002096
4 205 341.697327002096
27 205 341.697327002096
27 325 341.698720002095
7 305 343.770532528424
74 305 343.770532528424
74 285 343.771925528423
7 354 377.663854630053
7 355 377.666614630051
31 5 378.162290919951
8 5 378.162290919951
31 165 378.16365791995
8 165 378.16365791995
8 315 378.164998919949
8 125 378.167745919947
12 185 378.169086919946
8 185 378.169086919946
80 295 378.170466919945
8 295 378.170466919945
38 345 378.175921919941
80 345 378.175921919941
8 345 378.175921919941
5 135 378.180061919938
21 135 378.180061919938
8 135 378.180061919938
21 375 378.184149919935
62 375 378.184149919935
8 375 378.184149919935
84 335 383.159727239455
17 255 383.163828239452
84 255 383.163828239452
25 175 383.165234239451
52 175 383.165234239451
84 175 383.165234239451
41 35 383.16660123945
78 35 383.16660123945
84 35 383.16660123945
86 154 383.168020239449
78 154 383.168020239449
84 154 383.168020239449
60 225 385.689138322549
42 225 385.689138322549
23 225 385.689138322549
45 46 385.693278322546
23 46 385.693278322546
36 155 392.155590557761
94 334 392.17669787835
49 334 392.17669787835
36 334 392.17669787835
5 265 393.163192612124
94 265 393.163192612124
98 296 393.773535162919
98 226 393.783078162912
12 24 393.789978162907
65 24 393.789978162907
98 24 393.789978162907
1 166 409.25839375351
73 166 409.25839375351
60 166 409.25839375351
16 395 418.673322783713
1 395 418.673322783713
16 25 418.674676783712
1 25 418.674676783712
1 26 418.67746278371
1 396 418.678842783709
68 116 423.178823385614
67 116 423.178823385614
67 286 423.185749385609
2 336 423.196750385601
67 336 423.196750385601
40 306 430.167854750713
77 306 430.167854750713
93 276 430.17190375071
40 276 430.17190375071
77 276 430.17190375071
27 176 430.182995750702
64 176 430.182995750702
77 176 430.182995750702
32 6 448.158014380472
32 206 448.16068338047
32 266 448.171801380462
54 146 448.180081380456
22 146 448.180081380456
32 146 448.180081380456
32 37 448.182802380454
83 186 459.672759686093
27 186 459.672759686093
47 186 459.672759686093
83 106 459.674139686092
27 106 459.674139686092
47 106 459.674139686092
96 196 459.681013686087
47 196 459.681013686087
89 256 463.173697790391
89 156 463.187406790381
89 157 463.198277790373
40 117 463.199618790372
89 117 463.199618790372
34 356 464.666501216731
80 356 464.666501216731
1 356 464.666501216731
80 346 464.66919640309
77 346 464.66919640309
33 316 468.687021029346
43 316 468.687021029346
40 316 468.687021029346
17 126 484.669347365176
76 267 484.676169365171
17 267 484.676169365171
17 227 484.681611365167
22 27 484.683004365166
17 27 484.683004365166
72 7 508.158068218938
88 357 508.163497218934
72 357 508.163497218934
79 297 508.167637218931
55 297 508.167637218931
72 297 508.167637218931
74 197 508.16901721893
55 197 508.16901721893
72 197 508.16901721893
55 147 508.170436218929
72 147 508.170436218929
95 136 508.178807218923
55 136 508.178807218923
72 136 508.178807218923
95 246 508.180161218922
55 246 508.180161218922
72 246 508.180161218922
82 187 508.18290821892
31 187 508.18290821892
72 187 508.18290821892
3 247 508.187061218917
95 247 508.187061218917
72 247 508.187061218917
44 207 518.166675384171
24 207 518.166675384171
44 317 518.16802938417
24 317 518.16802938417
34 386 518.176231384164
1 386 518.176231384164
24 386 518.176231384164
24 18 518.178939384162
87 376 518.185774384157
34 376 518.185774384157
24 376 518.185774384157
24 348 518.187193384156
73 367 522.167805962979
94 277 522.176085962973
73 277 522.176085962973
66 167 522.177426962972
94 167 522.177426962972
73 167 522.177426962972
2 307 529.15683189301
2 287 529.158250893009
86 8 538.662495491501
86 387 538.667963491497
86 237 538.671999491494
86 238 538.673340491493
43 337 538.676113491491
23 337 538.676113491491
86 337 538.676113491491
23 168 538.678860491489
86 168 538.678860491489
43 228 538.680253491488
14 228 538.680253491488
86 228 538.680253491488
21 107 538.681659491487
86 107 538.681659491487
86 218 538.683039491486
97 118 538.688442491482
21 118 538.688442491482
86 118 538.688442491482
33 127 538.692543491479
7 127 538.692543491479
86 127 538.692543491479
66 278 547.657825241996
28 308 547.66610524199
66 308 547.66610524199
49 28 547.670336241987
66 28 547.670336241987
69 397 547.67997024198
66 397 547.67997024198
49 188 547.685425241976
66 188 547.685425241976
2 268 551.18812196081
30 268 551.18812196081
52 268 551.18812196081
2 288 551.189514960809
30 288 551.189514960809
52 288 551.189514960809
68 217 551.193564776662
52 217 551.193564776662
85 138 551.658432199601
49 138 551.658432199601
27 47 551.670852199592
49 47 551.670852199592
65 38 551.683116199583
49 38 551.683116199583
65 378 551.685889199581
49 378 551.685889199581
9 158 554.656947622255
7 148 555.661079831464
94 198 555.685314098058
11 198 555.685314098058
43 338 555.690731784322
94 338 555.690731784322
11 338 555.690731784322
43 128 555.692059784321
94 128 555.692059784321
11 128 555.692059784321
86 388 568.162545886896
90 388 568.162545886896
94 29 589.371937327017
21 29 589.371937327017
85 347 589.377444327013
89 347 589.377444327013
21 347 589.377444327013
70 298 589.38158432701
89 298 589.38158432701
21 298 589.38158432701
89 139 589.384305327008
21 139 589.384305327008
89 319 589.387052327006
21 319 589.387052327006
72 199 597.688158967016
0 398 597.693548967012
60 398 597.693548967012
72 398 597.693548967012
14 259 598.688472841907
93 259 598.688472841907
