39 490 63.657011561877
69 240 78.766354705925
14 90 78.767773705924
24 90 78.767773705924
69 90 78.767773705924
29 190 80.662140043752
30 40 89.66644407327
40 40 89.66644407327
27 40 89.66644407327
70 590 89.67184833063
40 590 89.67184833063
27 590 89.67184833063
87 440 97.671983001382
61 440 97.671983001382
87 940 97.673324001381
61 940 97.673324001381
15 241 111.682574226987
68 340 112.255405533433
54 340 112.255405533433
69 340 112.255405533433
72 740 112.260860781625
54 740 112.260860781625
69 740 112.260860781625
54 91 112.262201781624
69 91 112.262201781624
69 541 112.263620781623
40 140 114.982143293057
12 140 114.982143293057
35 140 114.982143293057
69 540 115.061126296598
35 540 115.061126296598
70 291 115.065292296595
35 291 115.065292296595
80 840 124.167114664368
43 141 124.17824566436
31 141 124.17824566436
80 141 124.17824566436
20 890 124.196003664347
58 890 124.196003664347
80 890 124.196003664347
13 640 124.255374661643
58 640 124.255374661643
80 640 124.255374661643
13 641 124.256702661642
58 641 124.256702661642
80 641 124.256702661642
93 341 134.663672852137
93 990 134.666445852135
45 191 134.670533852132
99 191 134.670533852132
93 191 134.670533852132
93 991 134.67326785213
22 591 138.69538436808
83 591 138.69538436808
13 591 138.69538436808
22 741 138.696712368079
83 741 138.696712368079
13 741 138.696712368079
54 441 159.196495232976
54 442 159.197888232975
6 941 163.762280692932
91 841 171.169838051288
51 841 171.169838051288
98 891 171.195993051269
31 891 171.195993051269
51 891 171.195993051269
31 142 171.197347051268
51 142 171.197347051268
80 242 181.677416276843
27 242 181.677416276843
99 242 181.677416276843
56 391 181.678809276842
27 391 181.678809276842
99 391 181.678809276842
43 392 181.682936276839
27 392 181.682936276839
99 392 181.682936276839
38 42 181.69543427683
99 42 181.69543427683
60 92 181.696853276829
99 92 181.696853276829
61 342 208.172017475539
86 342 208.172017475539
64 342 208.172017475539
14 892 212.67474745514
29 892 212.67474745514
36 842 212.676088455139
14 842 212.676088455139
29 842 212.676088455139
85 742 212.765061455984
84 742 212.765061455984
29 742 212.765061455984
23 592 212.776140455976
84 592 212.776140455976
29 592 212.776140455976
46 192 222.168475294837
46 692 222.198861294815
41 942 232.189468197768
32 942 232.189468197768
52 492 235.189786291816
40 492 235.189786291816
74 492 235.189786291816
52 491 236.662564912571
15 491 236.662564912571
0 43 247.669331001204
75 43 247.669331001204
10 343 247.673419001201
75 343 247.673419001201
92 193 247.676192001199
75 193 247.676192001199
55 493 247.677520001198
92 493 247.677520001198
75 493 247.677520001198
92 593 247.678913001197
75 593 247.678913001197
59 393 247.680241001196
92 393 247.680241001196
75 393 247.680241001196
40 843 262.186816832714
98 643 262.194875832708
40 643 262.194875832708
49 792 268.685631481232
55 792 268.685631481232
97 44 268.769349888767
55 44 268.769349888767
55 93 268.781743888758
90 244 288.277905849284
10 94 290.98862280464
82 94 290.98862280464
79 94 290.98862280464
17 194 295.662260787953
90 993 295.697658288426
17 993 295.697658288426
51 893 303.256746806423
78 543 303.263660091611
8 543 303.263660091611
58 543 303.263660091611
58 143 303.281509270814
51 143 303.281509270814
58 144 303.284269270812
51 144 303.284269270812
20 294 304.158040134373
84 294 304.158040134373
30 443 306.167067708931
92 443 306.167067708931
30 444 306.16839570893
92 444 306.16839570893
10 243 328.198224163125
87 943 328.256757158898
21 943 328.256757158898
10 943 328.256757158898
21 944 328.258111158897
10 944 328.258111158897
36 693 328.262199158894
86 693 328.262199158894
10 693 328.262199158894
86 694 328.263579158893
10 694 328.263579158893
86 494 328.264946158892
10 494 328.264946158892
10 245 328.269112158889
70 394 334.682407753956
82 394 334.682407753956
39 594 334.685141753954
70 594 334.685141753954
82 594 334.685141753954
23 45 334.689229753951
82 45 334.689229753951
59 344 343.688432488771
35 344 343.688432488771
59 544 353.688891645533
4 544 353.688891645533
27 544 353.688891645533
31 95 357.6980541455
27 95 357.6980541455
74 95 357.6980541455
6 395 361.674048039605
6 345 361.675428039604
35 595 371.693237653828
7 595 371.693237653828
94 495 377.175982262753
80 894 378.67570159364
81 894 378.67570159364
80 295 378.677094593639
81 295 378.677094593639
60 445 385.683145632079
45 445 385.683145632079
23 445 385.683145632079
62 545 385.684473632078
45 545 385.684473632078
23 545 385.684473632078
52 845 388.687217087556
21 845 388.687217087556
36 795 398.170762537432
1 695 422.663549119748
1 296 422.67448511974
69 396 422.677206119738
1 396 422.677206119738
77 645 430.171569569256
86 895 430.175605569253
64 895 430.175605569253
77 895 430.175605569253
77 646 430.176972569252
84 46 456.677707802439
84 346 456.688669802431
89 97 462.667733339175
47 946 471.678582787906
40 946 471.678582787906
66 196 475.662199466167
35 196 475.662199466167
14 197 491.666992513857
31 247 491.668959228362
70 247 491.668959228362
14 247 491.668959228362
29 746 491.670378228361
92 746 491.670378228361
14 746 491.670378228361
53 696 491.673125228359
92 696 491.673125228359
14 696 491.673125228359
53 796 491.675094825498
92 796 491.675094825498
14 796 491.675094825498
53 447 491.679234825495
92 447 491.679234825495
14 447 491.679234825495
76 146 493.679434867627
60 146 493.679434867627
7 146 493.679434867627
76 446 503.68928835852
17 446 503.68928835852
51 446 503.68928835852
0 47 508.158371652317
72 47 508.158371652317
31 246 517.170358121105
79 246 517.170358121105
94 246 517.170358121105
94 797 517.173144121103
55 497 517.175891121101
79 497 517.175891121101
94 497 517.175891121101
30 597 517.180083121098
94 597 517.180083121098
30 297 517.181489121097
94 297 517.181489121097
30 298 517.182843121096
94 298 517.182843121096
49 994 537.162735562038
2 994 537.162735562038
49 995 537.164102562037
2 995 537.164102562037
49 996 537.165469562036
2 996 537.165469562036
87 198 537.176418562028
2 198 537.176418562028
63 598 563.661203856158
39 598 563.661203856158
39 747 563.663950856156
54 997 563.676253856147
67 997 563.676253856147
39 997 563.676253856147
67 548 563.677620856146
39 548 563.677620856146
44 897 563.679000856145
60 897 563.679000856145
39 897 563.679000856145
60 448 563.681760856143
39 448 563.681760856143
60 698 563.684468856141
39 698 563.684468856141
66 697 568.659655655397
49 697 568.659655655397
67 547 570.177067592227
60 948 572.694835845964
19 847 572.696202845963
94 847 572.696202845963
60 847 572.696202845963
53 397 596.162472426659
72 397 596.162472426659
1 647 598.762368517768
89 647 598.762368517768
21 647 598.762368517768
21 798 598.763774517767
79 998 598.765128517766
21 998 598.765128517766
21 799 598.766521517765
