6 60 25.155575443551
38 380 41.15548392968
15 150 51.655456547092
8 80 51.656797547091
20 200 51.65819054709
25 250 56.655634737022
14 140 56.656988737021
39 390 63.655592561878
7 70 63.656972561877
0 0 63.658391561876
16 160 63.659745561875
23 230 63.661086561874
31 310 63.662453561873
10 100 63.665135561871
8 81 70.168449202681
3 30 71.169251027611
32 320 71.17064402761
12 120 72.158668681142
18 180 72.160048681141
11 110 75.664071131404
26 260 75.665412131403
26 261 79.189176596125
21 210 80.656820724176
5 50 80.658187724175
29 291 80.668944127881
17 170 96.655602239259
29 290 96.661031239255
17 171 96.662398239254
7 71 96.673347239246
38 381 96.679579519418
1 10 96.680998519417
9 90 96.682391519416
22 220 96.685151519414
1 11 96.686505519413
4 40 96.687924519412
4 41 96.689343519411
0 1 96.69067151941
16 161 96.691999519409
31 311 96.693379519408
27 270 101.656211857313
37 370 101.658932857311
30 300 101.66032585731
35 350 101.663072857308
24 240 101.664400857307
27 271 101.665741857306
14 141 101.667121857305
13 130 101.668488857304
35 351 101.669868857303
34 340 101.671209857302
12 121 105.685888197185
2 20 105.687268197184
3 31 105.688661197183
15 151 111.655430557699
30 301 111.689178812661
24 241 111.69455620379
9 91 112.167852441892
28 280 124.158961348871
28 281 124.16034134887
32 321 124.172631348861
18 181 124.178073348857
13 131 124.195844348844
33 330 124.197250348843
10 101 124.198669348842
20 201 124.255425346139
19 191 124.256766346138
0 2 132.193045782418
33 331 138.783760663042
36 361 138.791936987024
5 51 138.798603311007
22 221 138.856939366218
4 42 138.877159133778
16 162 140.27171335213
37 371 149.183348771156
34 341 149.692737221276
11 111 149.761044225849
17 172 163.676235862049
31 312 163.694047719136
37 372 163.696714862034
33 332 170.66233926184
3 32 170.663719261839
6 61 170.665646677362
6 62 170.667013677361
23 231 170.66836767736
22 222 170.676670063977
19 190 170.679391063975
20 202 170.680758063974
35 352 172.764919611285
14 142 172.783657844331
36 360 173.166315834194
7 72 173.182499051374
12 122 173.186535105669
2 21 173.195987268556
27 272 173.256863671859
2 22 185.676260494762
38 382 185.684553494756
24 242 185.69274249475
36 362 185.755490494928
9 92 185.756844494927
11 112 185.758198494926
5 52 185.759578494925
23 232 185.763757494922
30 302 193.158139838871
29 292 193.166185838865
26 262 203.164322386447
34 342 203.184801386432
1 12 205.75824286295
12 123 209.273438554041
39 391 212.662314455149
25 251 212.663655455148
25 252 212.664996455147
39 392 212.67446145514
29 293 212.695304455125
28 282 214.167856353575
32 323 214.17469135357
0 3 214.177477353568
8 82 214.178857353567
19 192 224.659781646424
32 322 224.667970646418
10 102 225.664341022298
3 33 225.672543022292
15 153 225.680784022286
11 113 225.682203022285
30 303 225.68899902228
6 63 226.1799178839
21 211 228.161768141712
21 212 228.163135141711
13 132 228.165804141709
8 83 228.169996141706
15 152 231.666584757226
1 13 231.676257757219
2 23 231.680345757216
35 353 231.683027757214
38 383 231.684446757213
26 263 233.755391287277
20 203 238.676754158275
27 273 242.167230782274
5 53 242.168636782273
25 253 242.170029782272
22 223 247.187562096939
17 173 250.656982188118
13 133 250.66787918811
31 313 250.669272188109
17 174 250.678867188102
28 283 256.155389722554
36 363 256.177043252272
37 373 256.18787653127
23 233 256.268735332647
10 103 256.276859705879
18 182 257.163062160799
4 43 257.168452160795
19 193 257.178099160788
10 104 257.187707160781
4 44 271.671982174517
1 14 275.180915800245
32 324 275.183662800243
7 73 275.191968800237
21 213 275.193348800236
9 94 275.194702800235
3 34 277.674165347774
31 314 277.675571347773
14 143 280.193284944695
19 194 293.763905887302
34 343 293.7666788873
16 163 293.768058887299
34 344 293.769477887298
24 244 293.776312887293
18 183 293.777705887292
18 184 293.779111887291
12 124 293.78049188729
24 243 293.783212887288
39 393 293.788576887284
25 254 293.789917887283
33 333 293.797976887277
14 144 293.857005890697
13 134 293.858424890696
26 264 293.859817890695
8 84 293.861171890694
5 54 293.862564890693
27 274 293.863905890692
21 214 300.178761475682
38 384 303.678989019305
11 114 309.259456139542
36 364 311.690017475077
37 374 311.691436475076
20 204 311.759611478866
30 304 311.769193478859
16 164 311.770547478858
22 224 311.773242478856
23 234 312.679242137644
14 145 315.264981531231
19 195 317.692545850696
39 394 323.179093549959
11 115 332.195840054535
0 4 332.197207054534
27 275 332.198561054533
9 93 335.160949041698
10 105 335.16976675405
1 15 335.171120754049
24 245 335.179387754043
21 215 340.170350992842
23 235 341.182250303131
4 45 341.694580002098
38 385 341.695921002097
20 205 341.697327002096
32 325 341.698720002095
30 305 343.770532528424
28 285 343.771925528423
7 75 355.674545727591
35 354 377.663854630053
35 355 377.666614630051
7 76 377.674959630045
6 65 377.676300630044
8 85 378.155442919956
0 5 378.162290919951
16 165 378.16365791995
31 315 378.164998919949
12 125 378.167745919947
18 185 378.169086919946
29 295 378.170466919945
34 345 378.175921919941
13 135 378.180061919938
37 375 378.184149919935
8 86 378.186870919933
33 335 383.159727239455
25 255 383.163828239452
17 175 383.165234239451
3 35 383.16660123945
15 154 383.168020239449
21 216 384.678798308307
23 236 385.68779732255
22 225 385.689138322549
4 46 385.693278322546
3 36 387.693287810791
7 74 387.776244810778
15 155 392.155590557761
36 365 392.15691855776
5 55 392.175343878351
33 334 392.17669787835
36 366 392.182165878346
26 265 393.163192612124
29 296 393.773535162919
22 226 393.783078162912
2 24 393.789978162907
5 56 407.17886691882
16 166 409.25839375351
1 16 418.662451783721
39 395 418.673322783713
2 25 418.674676783712
2 26 418.67746278371
39 396 418.678842783709
11 116 423.178823385614
28 286 423.185749385609
33 336 423.196750385601
30 306 430.167854750713
27 276 430.17190375071
17 176 430.182995750702
0 6 448.158014380472
32 326 448.159355380471
20 206 448.16068338047
26 266 448.171801380462
14 146 448.180081380456
3 37 448.182802380454
32 327 448.185614380452
18 186 459.672759686093
10 106 459.674139686092
19 196 459.681013686087
25 256 463.173697790391
15 156 463.187406790381
15 157 463.198277790373
11 117 463.199618790372
1 17 464.655577828507
35 356 464.666501216731
34 346 464.66919640309
5 57 468.685680029347
31 316 468.687021029346
17 177 484.663128090152
12 126 484.669347365176
26 267 484.676169365171
22 227 484.681611365167
2 27 484.683004365166
0 7 508.158068218938
35 357 508.163497218934
29 297 508.167637218931
19 197 508.16901721893
14 147 508.170436218929
13 136 508.178807218923
24 246 508.180161218922
18 187 508.18290821892
24 247 508.187061218917
20 207 518.166675384171
31 317 518.16802938417
24 248 518.172247384167
38 386 518.176231384164
1 18 518.178939384162
37 376 518.185774384157
34 348 518.187193384156
36 367 522.167805962979
27 277 522.176085962973
16 167 522.177426962972
30 307 529.15683189301
28 287 529.158250893009
0 8 538.662495491501
38 387 538.667963491497
23 237 538.671999491494
23 238 538.673340491493
33 337 538.676113491491
16 168 538.678860491489
22 228 538.680253491488
10 107 538.681659491487
21 218 538.683039491486
11 118 538.688442491482
7 77 538.689835491481
12 127 538.692543491479
7 78 538.693962491478
27 278 547.657825241996
30 308 547.66610524199
2 28 547.670336241987
39 397 547.67997024198
18 188 547.685425241976
26 268 551.18812196081
28 288 551.189514960809
21 217 551.193564776662
13 138 551.658432199601
4 47 551.670852199592
3 38 551.683116199583
37 378 551.685889199581
15 158 554.656947622255
11 119 555.65837119614
14 148 555.661079831464
19 198 555.685314098058
33 338 555.690731784322
12 128 555.692059784321
38 388 568.162545886896
2 29 589.371937327017
34 347 589.377444327013
29 298 589.38158432701
13 139 589.384305327008
31 319 589.387052327006
19 199 597.688158967016
39 398 597.693548967012
25 259 598.688472841907
