15 80 48.157510571186
62 30 68.659733340938
49 30 68.659733340938
53 180 78.766419705925
69 180 78.766419705925
32 240 89.662419815909
27 240 89.662419815909
44 190 97.665070001387
61 190 97.665070001387
30 40 111.677080346664
69 40 111.677080346664
40 140 111.685166227967
24 140 111.685166227967
15 140 111.685166227967
54 41 111.687835366056
3 41 111.687835366056
15 241 111.690517596766
54 91 111.694566877392
3 91 111.694566877392
54 90 111.760743812727
69 90 111.760743812727
95 31 114.177089267077
35 31 114.177089267077
43 141 124.183622664356
16 141 124.183622664356
80 141 124.183622664356
58 131 124.196055664347
80 131 124.196055664347
14 130 124.198828664345
80 130 124.198828664345
45 191 134.67325562583
99 191 134.67325562583
93 191 134.67325562583
70 181 159.162281233001
54 181 159.162281233001
53 231 166.798009808203
45 231 166.798009808203
93 231 166.798009808203
45 182 166.855406100151
93 182 166.855406100151
33 32 170.76094650885
6 32 170.76094650885
38 42 200.170667247233
12 42 200.170667247233
30 42 200.170667247233
74 92 200.172021247232
12 92 200.172021247232
30 92 200.172021247232
80 242 202.676272442074
67 242 202.676272442074
84 232 221.692812334074
62 232 221.692812334074
46 192 222.173909294837
41 33 229.682301089621
15 33 229.682301089621
62 142 229.686402089618
15 142 229.686402089618
96 83 230.286430497392
86 82 230.358218496076
41 82 230.358218496076
96 82 230.358218496076
92 193 247.681634001195
75 193 247.681634001195
98 233 256.166378728784
80 233 256.166378728784
39 243 256.193434633134
55 243 256.193434633134
80 243 256.193434633134
10 43 258.664236025221
55 93 268.766602888769
51 183 276.193929071253
75 183 276.193929071253
32 183 276.193929071253
51 184 298.797775050451
51 244 298.79911605045
50 234 298.860998053855
51 234 298.860998053855
51 94 298.865034053852
17 194 300.17751819258
14 133 315.155503531238
14 134 315.160946523434
5 84 315.163616019532
14 84 315.163616019532
27 34 315.274552552608
92 34 315.274552552608
14 34 315.274552552608
19 144 317.67318685071
97 44 328.263670158893
86 44 328.263670158893
10 44 328.263670158893
10 245 328.269190158889
23 45 334.692379762397
82 45 334.692379762397
82 235 334.693798762396
42 143 337.184167492788
81 143 337.184167492788
31 95 354.27600720062
27 95 354.27600720062
35 95 354.27600720062
2 96 398.17348353743
36 96 398.17348353743
62 186 405.179352781914
47 186 405.179352781914
60 186 405.179352781914
78 135 430.163107569262
77 135 430.163107569262
40 97 471.67520786319
47 46 471.676600863189
40 46 471.676600863189
76 37 474.181938737484
17 37 474.181938737484
14 197 491.661368513861
31 146 493.689913600123
92 146 493.689913600123
31 246 493.69404060012
92 246 493.69404060012
31 247 493.695394600119
92 247 493.695394600119
49 185 537.162709562038
2 185 537.162709562038
0 47 537.174871409063
2 47 537.174871409063
31 196 544.677490247733
55 196 544.677490247733
55 237 544.683010247729
55 238 544.684364247728
13 188 550.687853608019
49 188 550.687853608019
86 188 550.687853608019
44 88 550.698776608011
66 88 550.698776608011
86 88 550.698776608011
69 38 581.167179836312
60 38 581.167179836312
72 198 596.158371426662
72 199 596.162485426659
