38 380 41.15553592968
8 80 48.157510571186
63 630 53.655461068768
39 390 63.655631561878
49 490 63.657011561877
8 81 70.15951796743
69 690 78.755418705933
3 30 78.756824705932
53 530 78.763685705927
18 180 78.765013705926
24 240 78.766354705925
9 90 78.767773705924
58 580 78.769153705923
29 290 80.656722464984
29 291 80.658063464983
48 480 80.663468043751
79 790 83.855499834551
19 190 97.665109001387
44 440 97.672022001382
94 940 97.673441001381
4 41 111.669163571252
4 40 112.167918979547
28 280 112.180082701385
54 540 112.192463755372
73 730 112.196552894568
74 740 112.199351894566
9 91 112.255418533433
54 541 112.256772533432
69 691 112.258126533431
59 590 114.979604293059
14 140 114.982364293057
28 281 114.985098293055
34 340 114.986439293054
3 31 115.000278293044
33 330 115.055684296602
78 780 115.057077296601
68 680 115.061113296598
79 791 121.855473898674
38 381 121.86095489867
84 840 124.167088664368
18 181 124.168455664367
68 681 124.173988664363
43 430 124.17811566436
14 141 124.179443664359
43 431 124.182203664357
19 191 124.190249664351
13 130 124.193048664349
89 890 124.194415664348
98 980 124.195743664347
58 581 124.197162664346
63 631 124.198503664345
33 331 124.199909664344
13 131 124.255400661643
64 640 124.256754661642
93 930 134.655418852143
83 830 134.658152852141
34 341 134.663581852137
93 931 134.665000852136
99 990 134.666406852135
99 991 134.675860399528
13 132 138.689643368084
53 531 138.69508536808
59 591 138.696439368079
74 741 138.697858368078
73 731 144.199500496778
88 880 154.164999530727
48 481 156.773308232146
49 491 156.774701232145
48 482 156.777461232143
54 542 159.176224232991
83 831 159.185910232984
44 442 159.198304232975
78 781 166.782835808211
84 841 166.78424180821
98 981 166.785660808209
89 891 166.787040808208
14 142 166.788459808207
23 231 166.7981198082
18 182 166.855393100151
44 441 166.863699100145
93 932 166.865053100144
64 641 170.691254261819
94 941 170.694027261817
53 532 176.697973080357
38 382 178.678181679315
24 241 178.686448679309
24 242 178.687802679308
39 391 178.689169679307
43 432 178.697488679301
39 392 178.6988946793
4 42 178.75812667933
99 992 181.75675527719
68 682 200.162530247239
9 92 200.170784247233
74 742 200.172190247232
33 332 200.189948247219
23 232 208.165026475544
64 642 208.167760475542
3 32 208.169114475541
8 82 208.175988475536
69 692 210.766338606798
73 732 210.769059606796
58 582 210.770387606795
88 881 210.773147606793
34 342 210.789694606781
98 982 221.695630279168
59 592 221.759798338575
19 192 222.167061570863
63 632 222.169756570861
84 842 222.183543570851
83 832 222.18494957085
3 33 222.197161570841
29 292 224.967343203125
78 782 231.659632757231
94 942 231.662418757229
89 892 231.666558757226
8 83 234.66143496739
74 743 235.18765194178
49 492 236.666652912568
88 882 236.674984912562
79 792 236.69144091255
48 483 236.698210912545
13 133 236.770740549167
58 583 236.772068549166
73 733 236.773435549165
88 883 242.180872063613
28 283 256.156678722553
23 233 256.164790728785
19 193 256.178253871397
28 284 256.193161388644
4 43 258.667178025219
34 343 258.671253025216
59 593 258.67942902521
39 393 258.680770025209
98 983 262.196729924289
64 643 262.198057924288
28 282 268.680136778608
69 693 268.758223666266
38 383 268.766271052928
4 44 268.76900574626
9 93 268.789150212915
43 433 276.175963071266
84 843 276.177356071265
18 183 276.18425607126
64 644 278.288063945943
34 344 278.289469945942
3 34 285.669445650811
43 434 285.67077365081
44 443 285.672166650809
8 84 285.673494650808
44 444 285.674874650807
79 793 285.683193650801
24 244 288.289883849275
79 794 290.994012804636
9 94 291.056905807655
78 783 291.058285807654
78 784 291.061123807652
23 234 302.673159699459
49 493 302.679864699454
89 893 304.160800134371
18 184 304.16212813437
48 484 304.165959806712
68 683 304.167287806711
63 633 304.67541605856
63 634 304.676796058559
99 993 304.698707058543
83 834 304.755481960257
8 85 304.756874960256
83 833 305.655604861928
33 333 305.658312861926
14 144 305.661047452876
13 134 305.663717043826
14 145 315.267780531229
14 143 328.173876509649
39 394 334.697730762393
59 594 334.699149762392
54 543 334.755634759745
89 894 334.761232759741
68 684 334.76256075974
93 933 334.763953759739
93 934 334.765333759738
23 235 334.766700759737
58 584 334.770866759734
98 984 335.158113431517
94 944 335.171081694881
53 533 335.173802694879
69 694 335.177812694876
24 245 335.189985694867
73 734 335.191326694866
19 194 343.667732488786
38 384 343.673148488782
54 544 343.699017488763
88 884 343.755606484319
59 595 343.758340484317
4 45 343.765240484312
43 435 343.766633484311
74 744 350.164373285806
33 334 350.187768285789
28 285 350.190528285787
74 745 350.193184285785
38 385 353.759679649718
53 534 353.762400649716
34 345 353.766527649713
98 985 357.195133281782
39 395 361.673103501865
3 35 365.772179509914
3 36 365.776215509911
93 935 370.697335195556
8 86 370.755482191105
99 995 375.199223746593
33 335 377.171194929387
58 585 388.683805310564
83 835 388.686513310562
99 994 388.687880310561
54 545 398.161128537439
68 685 398.169264870172
69 695 398.170618870171
13 135 399.158159149455
94 945 399.160984149453
88 885 399.196578149427
28 286 399.197958149426
78 785 403.676132786542
53 535 403.677538786541
59 596 403.67887978654
44 445 405.161620781927
18 185 405.256799780736
84 845 405.259520780734
79 795 420.161232697125
39 396 420.186176697107
58 586 430.169994569257
64 645 430.171413569256
63 635 430.172767569255
89 895 430.175436569253
64 646 430.176790569252
98 986 430.186528569245
13 136 432.664204382463
13 137 432.678121382453
78 786 435.158159552575
89 896 435.266116415113
54 546 462.672016339172
43 436 462.673383339171
9 97 462.67476333917
9 96 462.676156339169
84 846 462.677536339168
4 46 462.680322339166
34 346 462.681650339165
38 386 462.683069339164
74 746 462.684449339163
48 486 462.685842339162
94 946 464.158688481899
14 146 464.160042481898
88 886 464.161370481897
23 236 472.168855823663
43 437 472.175625823658
68 686 474.156893407383
63 636 474.162413407379
68 687 474.172047407372
73 736 475.660923466168
19 195 475.662329466167
19 196 475.663696466166
3 37 480.664424190534
24 246 480.667171190532
53 536 480.668499190531
24 247 480.66982719053
14 147 480.672483190528
73 735 481.662348525707
28 287 489.175033793576
93 936 489.180540793572
18 186 491.667018513857
14 148 491.668946228362
69 696 508.275351931704
18 187 508.289047931694
74 747 508.290414931693
79 797 508.291833931692
94 947 508.298655931687
79 796 511.162626746036
44 447 511.163993746035
53 537 511.168172746032
73 737 517.169082121106
44 446 520.161346305046
3 38 520.166788305042
24 248 520.168142305041
34 347 520.16956130504
89 897 520.180458305032
34 348 520.181812305031
4 47 520.18316630503
58 587 537.174260813062
88 887 537.17702081306
38 388 537.178413813059
38 387 537.181134813057
99 997 537.693769849852
54 547 537.695188849851
83 836 544.672107854453
23 237 544.687851189366
23 238 544.689192189365
28 288 548.176077589126
73 738 548.180178589123
68 688 550.696265608012
39 397 550.69899960801
69 697 550.755606612478
69 698 550.756986612477
53 538 550.758340612476
64 647 550.759668612475
9 99 554.659694622253
48 488 554.673351622243
43 438 554.676124622241
39 398 563.655566856162
18 188 563.656907856161
78 787 563.659628856159
54 548 563.757011851635
99 996 563.759823851633
8 87 573.692287809845
8 88 573.693693809844
44 448 573.696505809842
74 748 573.763712806668
63 637 573.765118806667
63 638 573.769271806664
8 89 573.771992806662
88 888 573.77481780666
94 948 573.791195806648
33 338 576.656947628561
83 837 596.165375426657
83 838 596.168109426655
