46 460 45.155371437709
61 610 52.755529514132
63 630 53.655462030483
45 450 53.658144030481
57 570 53.65951103048
71 710 57.655485373488
47 470 57.656878373487
49 490 57.658284373486
60 600 68.658324894108
44 440 74.156948257372
65 650 76.65547724895
79 790 76.656818248949
48 480 76.658172248948
69 690 78.755629555292
53 530 83.865390259549
62 620 83.869465259546
78 780 83.870858259545
73 730 90.662901499707
66 660 90.665648499705
58 580 95.156896383918
40 400 95.158250383917
43 430 95.159669383916
52 520 95.161010383915
55 550 95.162377383914
70 700 95.163757383913
50 500 95.165163383912
59 590 95.166517383911
77 770 95.16791038391
56 560 95.169264383909
67 670 101.268987754181
40 401 101.271786754179
75 750 103.655630563054
51 510 103.656997563053
76 760 103.671969563042
75 751 103.68838656303
68 680 104.99933461726
74 740 105.055551479562
72 720 105.056905479561
69 691 105.059574588581
42 421 105.062243697601
61 611 105.87406155008
54 541 109.679058203496
79 791 121.855652323679
44 441 121.870780323668
70 701 121.872160323667
60 601 121.873566323666
54 540 125.168903194518
43 431 125.173069194515
53 531 125.18002119451
45 451 125.181401194509
73 731 125.182742194508
41 410 130.657959869366
42 420 130.660706869364
56 561 130.673022869355
68 681 130.678360869351
50 501 130.687864869344
64 640 130.69338486934
58 581 130.694712869339
55 551 130.696053869338
64 641 132.286625001685
66 661 132.782542871255
77 771 135.165196170897
46 461 135.166589170896
52 521 135.169271170894
72 721 135.171979170892
76 761 139.259746547374
48 481 156.255527880207
49 491 156.256907880206
48 482 156.258248880205
78 781 159.170576908393
71 711 159.171904908392
54 542 159.173232908391
45 452 159.187045908381
41 411 159.193867908376
50 502 159.195247908375
65 651 176.767615563965
59 591 176.769008563964
74 741 176.770375563963
43 432 176.791114563948
56 562 176.795228563945
67 671 176.796556563944
67 672 176.799316563942
51 511 179.188165420499
57 571 182.655560943084
62 621 182.656901943083
57 572 182.662408943079
40 402 187.266712352235
42 422 187.268105352234
66 662 187.269472352233
64 642 208.156964009941
55 552 208.15834400994
53 532 208.176232009927
79 792 208.177638009926
77 772 208.179031009925
78 782 208.180398009924
65 652 208.181778009923
51 512 208.184460009921
72 722 208.189902009917
61 612 208.191230009916
59 592 208.192597009915
49 492 208.193925009914
69 692 209.862161420847
73 732 209.864921420845
58 582 209.866314420844
62 622 211.266463357261
71 712 211.269236357259
68 682 211.270616357258
41 412 211.284221357248
74 742 211.285640357247
63 632 219.66152018193
46 462 219.669800181924
47 472 219.671206181923
46 463 224.168750926785
52 522 229.291144558299
48 483 229.3649995998
70 702 234.662375894857
58 583 234.665084389143
73 733 234.667805883429
42 423 234.674563872
63 631 235.163743374054
74 743 235.166464374052
75 752 244.29419757479
47 471 244.295590574789
62 623 244.360921570496
76 762 244.362340570495
77 773 244.365126570493
44 442 245.767554186704
67 673 256.256960134165
68 683 256.258366134164
50 503 262.67494874414
76 763 262.676315744139
55 553 264.196870525097
49 493 264.198237525096
52 523 264.258067866671
60 602 264.25943486667
59 593 264.260827866669
43 433 268.962175566319
63 633 269.058092897119
66 663 269.060814443231
75 753 269.082416719899
56 563 269.09181781212
45 453 269.093184812119
61 613 269.094564812118
64 643 269.683051145646
55 554 269.689925145641
71 713 286.263510134162
44 443 286.26620513416
65 653 296.667180269544
51 513 296.668521269543
69 693 296.676762269537
40 404 296.685081269531
56 564 296.68646126953
65 654 296.687880269529
50 504 296.689299269528
52 524 296.690666269527
77 774 296.692007269526
40 403 296.693400269525
64 644 296.697475269522
78 783 300.673657615129
60 603 300.676430615127
41 413 300.681911615123
42 424 300.686012802946
78 784 300.691416178594
72 723 300.794602945457
67 674 300.795969945456
66 664 308.193071961016
45 454 308.258228964158
51 514 309.873103297058
68 684 309.880055297053
70 703 309.881409297052
54 543 309.882828297051
54 544 309.887033297048
70 704 309.888426297047
53 533 309.889793297046
59 594 309.891199297045
79 793 310.286889832561
43 434 310.289636832559
79 794 310.292409832557
58 584 310.680559122957
71 714 312.991650424083
63 634 312.999878424077
76 764 324.158095974954
57 574 341.790624653147
46 464 341.792043653146
62 624 341.794816653144
53 534 341.796209653143
60 604 341.883911902924
61 614 341.888051902921
41 414 341.892269902918
47 473 347.160559038494
47 474 347.161913038493
69 694 347.17968403848
49 494 347.181077038479
46 465 347.19347103847
74 744 347.197637038467
73 734 352.25561759074
72 724 352.257023590739
48 484 352.262530590735
43 435 352.265303590733
74 745 357.056986306399
59 595 357.263795214152
75 754 365.655669481318
57 575 365.669469481308
53 535 365.674976481304
75 755 365.676317481303
72 725 365.6804704813
79 795 365.688672481294
77 775 365.690026481293
63 635 373.666251813383
64 645 373.67035281338
66 665 373.674531813377
61 615 374.179428836539
58 585 374.182162836537
45 455 374.194530836528
49 495 376.269812539517
62 625 377.866560920936
52 525 382.356887590808
78 785 382.361002281171
48 485 385.294248432847
56 565 385.295589432846
73 735 385.296982432845
69 695 385.358215428444
60 605 385.359634428443
54 545 397.760571535813
68 685 397.766078535809
47 475 397.775790535802
40 405 398.28091738988
41 415 398.291931389872
51 515 398.293272389871
54 546 401.177541924211
76 765 401.185782924205
70 705 401.1927609242
59 596 403.68133122799
65 655 404.159734230818
71 715 404.161062230817
55 555 404.162416230816
60 606 404.194474258972
52 526 404.256987227814
47 476 404.258354227813
45 456 404.259695227812
75 756 409.669925653134
67 675 423.177220773793
67 676 423.182792773789
50 506 434.962384642385
57 576 434.963803642384
50 505 434.965196642383
77 776 434.966602642382
56 566 434.972174642378
64 646 434.981912642371
41 416 434.991650642364
40 406 435.178879245855
46 466 442.676255205163
49 496 442.679015205161
55 556 442.681775205159
42 425 442.683116205158
42 426 442.684444205157
48 486 442.687191205155
74 746 442.688532205154
62 626 463.760935774423
72 726 463.766977284079
61 616 463.77157367396
58 586 465.274282337397
70 706 465.285114337389
65 656 465.291975337384
44 445 465.294722337382
47 477 465.296102337381
77 777 465.771520027474
71 716 474.158049320823
68 687 474.260771458125
66 666 485.760368558278
73 736 485.765836558274
51 516 487.655548407027
52 527 487.67874840701
46 467 487.680076407009
58 587 487.688447407003
44 446 487.696597406997
67 677 487.756928403867
70 707 491.673650513856
45 457 491.674991513855
53 536 491.676358513854
55 557 491.677699513853
49 497 491.679027513852
43 436 491.683180513849
79 796 491.684560513848
69 696 491.685953513847
76 766 491.687346513846
72 727 498.165063977502
73 737 498.169125977499
79 797 498.18154597749
61 617 498.19528097748
40 407 512.694378846403
62 627 520.670468288163
51 517 520.682901288154
51 518 520.689684288149
66 667 543.25564668249
48 487 543.257039682489
66 668 543.258406682488
53 537 543.267949682481
60 607 543.271985682478
69 698 543.273313682477
49 498 543.278885682473
63 636 543.280265682472
63 637 543.281632682471
57 577 543.28297368247
56 567 543.284340682469
76 767 543.287178682467
69 697 543.290003682465
64 647 543.291422682464
53 538 543.292828682463
57 578 543.294221682462
62 628 543.295614682461
65 657 543.29694268246
68 686 543.298283682459
65 658 543.357026677984
61 618 543.358393677983
46 468 544.963320441988
40 408 544.971535441982
55 558 544.972889441981
52 528 544.97429544198
68 688 544.975675441979
48 488 547.668564366221
42 427 556.290471496466
67 678 556.362397501006
73 738 556.363790501005
71 717 556.665716902578
74 748 556.693355902558
60 608 556.694683902557
49 499 568.692617208542
74 747 570.160572399241
70 708 570.174216399231
54 548 570.183668399224
71 718 570.185061399223
63 638 570.18920139922
58 588 570.192039399218
54 547 580.190708368656
60 609 580.256909245996
72 728 604.155430091999
50 508 604.159609091996
76 768 604.160976091995
47 479 604.162304091994
72 729 604.163723091993
43 437 605.862470859924
43 438 605.863837859923
47 478 605.865243859922
56 568 605.866649859921
