61 610 52.755529514132
63 630 53.655397030483
71 710 57.655420373488
95 950 69.955648189699
60 600 74.155568257373
85 850 74.156896257372
65 650 76.65543824895
79 790 76.656779248949
87 870 76.658159248948
69 690 78.755616555292
62 620 78.757022555291
77 770 82.956753353309
70 700 82.958094353308
78 780 83.158206349441
84 840 83.162307349438
92 920 83.163674349437
96 960 92.355457985079
94 940 92.382685570033
76 760 92.384065570032
81 810 103.659757563051
75 751 103.672164563042
61 611 105.879763550076
86 860 107.16909331228
83 830 107.170460312279
69 691 116.755564443317
72 720 116.759743443314
74 740 116.761136443313
89 890 116.762503443312
98 980 116.763883443311
82 820 116.776316443302
90 900 116.780456443299
79 791 121.855665323679
88 880 121.856993323678
88 881 121.862435323674
68 680 122.160425350264
63 631 122.172883861602
80 800 122.174211861601
75 750 122.1755658616
91 910 122.176932861599
80 801 122.181137861596
70 701 130.182454818189
73 730 131.263939517701
66 660 131.2652675177
99 990 131.269472517697
73 731 131.272167517695
86 861 131.273560517694
91 911 132.687538822963
77 771 132.688944822962
83 831 132.694399822958
72 721 132.695805822957
87 871 132.699906822954
82 821 132.765167564563
74 741 132.766521564562
93 930 134.655644521817
93 931 134.669660927742
65 651 134.671014927741
99 991 134.680596927734
97 970 136.655602073115
64 640 136.656956073114
76 761 142.171432559995
84 841 142.175559559992
97 971 142.258366560137
78 781 146.169449207084
96 961 164.659078774413
85 851 173.178200475329
66 661 173.186285475323
94 941 173.188967475321
64 641 173.19037347532
67 671 173.191740475319
81 811 175.698647378525
67 670 175.756967382414
68 681 177.180707679162
66 662 187.264043352237
95 951 187.280460352225
71 711 187.28741235222
88 882 187.294234352215
62 621 187.295588352214
89 891 194.16647555312
90 901 194.170680553117
68 682 194.172047553116
71 712 194.173440553115
85 852 194.188490553104
62 622 207.256734502394
64 642 208.159724009939
65 652 208.161065009938
72 722 208.17197500993
61 612 208.173329009929
86 862 208.174657009928
67 672 209.756750766006
81 812 216.657082003639
98 981 216.674750775794
84 842 216.677459218834
60 602 216.690909990992
90 902 216.760826851226
98 982 216.764863286209
74 742 216.766191286208
69 692 216.771595156176
80 802 219.666610388098
94 942 219.669370388096
78 782 219.670750388095
77 772 219.678965388089
75 752 219.687063388083
95 952 219.695278388077
73 732 220.266519740422
76 762 233.369256546138
60 603 233.370584546137
91 912 234.663742894856
70 702 234.665109894855
73 733 234.67203589485
60 601 235.15556737406
63 632 235.174744374046
74 743 235.176098374045
87 872 239.186053859157
96 962 239.191573859153
69 693 239.256872863053
89 892 239.259632863051
88 883 242.196784727221
62 623 242.264940728963
77 773 246.766377171253
95 953 246.767705171252
82 822 252.168107577237
66 663 252.169448577236
92 922 252.17767657723
97 972 252.180410577228
96 963 252.192752577219
67 673 256.662958020555
83 832 256.677853936561
80 803 256.680562277113
78 783 256.681929404419
76 763 256.774213521989
84 843 262.162417699356
98 983 262.187205699338
64 643 262.188533699337
92 921 268.677102845266
63 633 269.180625872443
64 644 278.256899251445
71 713 278.697033881158
75 753 286.791803302131
68 684 286.872857302621
89 893 297.777473124485
72 723 297.778801124484
65 653 297.780220124483
90 903 297.781626124482
92 923 297.788578124477
91 913 297.79812112447
67 674 297.859623304914
61 613 297.866497304909
68 683 297.870494304906
71 714 299.285535623314
70 703 299.286954623313
92 924 299.288321623312
84 844 301.774298556045
76 764 302.988897025919
82 823 305.15600825636
83 833 305.655623709238
85 853 305.657042709237
63 634 305.66670270923
78 784 305.668069709229
83 834 305.669449709228
82 824 305.677690709222
94 943 307.755423389033
87 873 309.689767717689
77 774 309.692489406075
70 704 320.774439438942
81 813 330.655610974138
81 814 330.659802974135
80 804 342.797763616222
89 894 342.855606611698
61 614 342.856986611697
74 745 342.862506611693
65 654 343.290519506734
73 734 343.291912506733
91 914 343.297419506729
93 932 343.298825506728
93 933 343.300153506727
98 984 343.35974650223
86 864 343.361139502229
88 884 343.369367502223
86 863 344.772125729187
74 744 364.782401901954
85 854 364.866402987957
60 604 368.165033035532
61 615 368.166361035531
90 904 368.169082035529
80 805 368.170436035528
81 815 368.18147603552
62 624 368.184262035518
97 973 368.185642035517
97 974 368.187009035516
69 694 368.191162035513
94 944 375.699492373031
62 625 382.171867881727
99 993 382.185550881717
60 605 382.186956881716
71 715 382.191096881713
65 655 382.192515881712
78 785 388.794901673653
84 845 388.796307673652
67 675 388.797726673651
68 685 393.659399528893
88 885 393.667666528887
72 725 393.669059528886
79 795 393.670452528885
70 705 393.671819528884
76 765 393.673238528883
75 754 393.682820528876
85 855 393.684226528875
60 606 398.181775481571
94 945 407.773511446576
96 964 407.859498297211
66 665 409.671385578521
75 756 409.674184578519
82 825 415.171713919477
95 954 415.185422919467
69 696 415.188169919465
77 775 415.189497919464
67 676 415.190916919463
69 695 415.781798076473
87 874 432.661604382463
87 875 432.662997382462
63 635 432.668569382458
77 776 434.959572642387
64 646 434.985610642368
87 876 434.988396642366
86 865 434.989776642365
89 895 434.992536642363
78 786 434.993955642362
64 645 435.163894245866
72 724 435.169427245862
80 806 435.180376245854
97 975 435.181743245853
97 976 435.257059242055
84 846 459.187010998287
83 835 459.188338998286
70 706 459.189731998285
89 896 462.65821810118
77 777 464.175591963917
68 686 474.156630259037
71 716 474.157997320823
81 816 474.163322837595
96 966 482.355418857381
73 735 482.35679885738
73 736 482.358217857379
96 967 482.363698857375
85 856 485.657201263311
66 666 492.166620520071
72 726 492.16802652007
62 627 492.170682520068
70 707 492.173468520066
79 796 492.174809520065
74 747 492.176163520064
83 836 498.158241977507
72 727 498.159608977506
82 826 498.163826977503
61 616 498.165167977502
73 737 498.166586977501
79 797 498.172106977497
61 617 498.173512977496
78 787 498.174918977495
62 626 498.177600977493
84 847 498.187221977486
92 926 508.255466985284
74 746 508.256820985283
65 656 508.258161985282
92 927 508.26089598528
87 877 529.174760662447
63 636 529.177468662445
68 687 529.178848662444
76 767 529.184140126308
75 757 542.668819672209
66 667 542.670186672208
68 688 542.671579672207
88 887 542.675602672204
67 677 542.676956672203
86 866 542.678284672202
73 738 542.693477672191
65 657 546.770231049001
79 798 546.771572049
86 867 550.662133473442
88 886 550.66482847344
71 718 550.670374473436
81 817 550.671780473435
86 868 550.674514473433
60 608 551.188521104524
66 668 551.189849104523
69 697 551.191229104522
63 637 551.195382104519
61 618 551.196788104518
65 658 551.198155104517
85 858 551.199561104516
69 698 551.255513100162
87 878 551.256880100161
74 748 551.258807544736
80 807 551.266153524406
70 708 551.267559524405
80 808 551.268900524404
63 638 551.270228524403
60 607 552.191233705518
71 717 552.257006709675
76 766 553.271532348602
89 897 553.2742403486
64 647 553.275594348599
67 678 563.767751560619
82 827 563.775992560613
60 609 574.180304220882
89 898 584.369229542295
