38 380 41.15553592968
8 80 48.157510571186
63 630 53.655461068768
39 390 63.655631561878
49 490 63.657011561877
8 81 70.15951796743
69 690 78.755418705933
3 30 78.756824705932
53 530 78.763685705927
18 180 78.765013705926
24 240 78.766354705925
9 90 78.767773705924
58 580 78.769153705923
29 290 80.656748464984
19 190 80.662140043752
48 480 80.663520043751
79 790 83.855486834551
4 40 89.66644407327
59 590 89.67184833063
44 440 97.671918001382
94 940 97.673298001381
33 330 111.664958306643
73 730 111.670374835863
4 41 111.673109100473
14 140 111.674437226993
24 241 111.677184491603
9 91 111.678551629693
38 381 111.689422629685
53 531 111.692104629683
3 31 112.170696171707
78 780 112.180303512007
28 280 112.183128071146
68 680 112.190053375013
34 340 112.192787632599
74 740 112.255431533433
54 541 112.258100533431
69 691 112.25948053343
28 281 114.984942293055
79 791 121.855525898674
29 291 121.858324898672
84 840 124.166971664368
18 181 124.168364664367
68 681 124.172491664364
43 430 124.176657664361
14 141 124.179456664359
43 431 124.180810664358
63 631 124.187554664353
13 131 124.19170766435
89 890 124.193113664349
58 581 124.194441664348
13 130 124.195860664347
64 640 124.197253664346
64 641 124.198620664345
98 980 124.199974664344
93 930 134.655418852143
83 830 134.658217852141
54 540 134.661042852139
34 341 134.663698852137
93 931 134.665026852136
99 990 134.666393852135
19 191 134.670429852132
73 731 134.671796852131
99 991 134.67313785213
13 132 138.688523368085
83 831 138.689877368084
59 591 138.694004368081
74 741 138.69534536808
54 542 159.171798232994
33 331 159.173126232993
44 442 159.193709232978
48 481 159.195128232977
48 482 159.196534232976
88 880 166.757780316054
89 891 166.792372808207
14 142 166.793791808206
98 981 166.795119808205
23 231 166.797840808203
18 182 166.855419100151
93 932 166.867839100142
78 781 171.190148051273
84 841 171.191476051272
44 441 171.2971250484
94 941 176.688022756228
38 382 178.678207679315
24 242 178.68506867931
39 391 178.690549679306
43 432 178.6988036793
39 392 178.755457679332
4 42 178.759610679329
68 682 200.163832247238
9 92 200.171157806456
84 842 200.173943806454
23 232 208.164948475544
64 642 208.167708475542
3 32 208.169127475541
88 882 208.18422947553
69 692 210.766390606798
73 732 210.771806606794
58 582 210.773147606793
88 881 210.775894606791
34 342 210.796698606776
59 592 221.690052334076
98 982 221.691432334075
33 332 221.756999338577
19 192 222.168384023555
63 632 222.171118023553
74 742 222.179502023547
83 832 222.182236023545
29 292 224.971392203122
3 33 231.66109075723
53 532 231.663811757228
89 892 231.666558757226
8 82 234.665183838005
58 583 234.669219838002
74 743 235.181298291822
94 942 235.185425291819
28 282 236.665324912569
49 491 236.670818912565
49 492 236.672224912564
8 83 236.758177549176
13 133 236.759583549175
88 883 242.178977087453
48 483 242.184497087449
34 343 247.687271001191
89 893 247.756918996704
28 283 256.156704722553
23 233 256.164777728785
63 633 256.166105728784
39 393 256.1742048714
28 284 256.185167007776
4 43 258.666944025219
19 193 258.673870025214
59 593 258.676604025212
98 983 262.196956790804
64 643 262.198336790803
24 243 268.693834886482
4 44 268.758296888775
9 93 268.766511888769
43 433 276.173385071268
84 843 276.174778071267
18 183 276.189828071256
43 434 285.662571650816
3 34 285.663990650815
78 783 285.668156650812
44 444 285.669523650811
18 184 303.263680753962
24 244 303.265047753961
83 833 303.269174753958
14 143 303.271869753956
14 144 303.273223753955
13 134 303.274577753954
58 584 303.277298753952
83 834 303.278626753951
84 844 304.156057997228
78 784 305.681282407621
9 94 305.68535799857
68 683 306.165635708932
44 443 306.166976708931
63 634 310.26259617456
38 383 315.180460589174
64 644 315.18599358917
14 145 315.262377531233
19 194 317.664842168253
34 344 317.672875382183
8 84 317.767602183624
54 543 334.678618762407
54 544 334.681378762405
39 394 334.686963762401
59 594 334.6883567624
53 534 334.689723762399
89 894 334.693798762396
68 684 334.695165762395
73 734 334.696584762394
48 484 334.697912762393
53 533 334.699240762392
4 45 334.755608759745
23 235 334.756975759744
88 884 334.758303759743
98 984 335.158152431517
24 245 335.173051043731
59 595 339.259646411306
23 234 343.66230348879
69 694 343.663670488789
38 384 343.669229488785
78 782 343.684266488774
93 934 343.693861488767
43 435 343.757103484318
3 35 346.698858185125
33 333 346.764778301655
38 385 353.698668645526
39 395 353.755565649721
94 944 357.164144444018
74 744 357.193098443997
28 285 357.194504443996
98 985 357.256785218582
74 745 357.773395236624
94 943 357.866508239219
69 693 357.867888239218
93 933 361.665747848389
33 334 373.661207813383
89 895 373.666649813379
3 36 373.668029813378
33 335 377.165137262761
53 535 377.169355262758
94 945 377.170748262757
34 345 381.255439888798
58 585 381.285063570088
8 86 381.291848089975
23 236 385.68176563208
83 835 385.685866632077
84 845 388.755476216507
48 485 398.162508537438
54 545 398.163914537437
68 685 398.17344453743
69 695 401.158115248827
88 885 401.160862248825
54 546 401.164937248822
39 396 401.178711248812
44 445 405.161620781927
4 46 405.191785781905
18 185 405.270430780726
93 935 430.170059569257
64 645 430.171400569256
13 135 430.186476569245
63 635 430.19322056924
64 646 430.194626569239
98 986 430.198779569236
58 586 430.200185569235
13 136 432.665554912631
13 137 432.679289806262
78 785 435.155373552577
89 896 435.191201552551
93 936 435.196617552547
84 846 454.678400828513
34 346 454.679780828512
38 386 454.68257982851
74 746 454.685326828508
28 286 471.781848866787
43 437 471.787303866783
94 946 471.79141786678
88 886 471.792758866779
44 446 471.794138866778
14 146 472.17974833649
68 686 474.158719407382
63 636 474.164790103102
68 687 474.175713103094
73 736 475.665128466165
73 735 475.669268466162
48 486 475.677574466156
18 186 475.683055466152
49 496 475.684474466151
48 487 475.68581546615
59 596 475.687169466149
78 786 481.679815869105
14 147 491.660066513862
3 37 491.664206513859
14 148 491.67650951385
33 336 493.774642863146
69 696 493.775983863145
33 337 493.777324863144
23 237 493.778730863143
94 947 507.684183957752
53 536 511.161326746036
24 246 511.165427746033
24 247 511.166755746032
4 47 517.162416121111
3 38 520.161424305046
24 248 520.162791305045
28 287 537.161329562039
28 288 537.164141562037
58 587 537.170963562032
83 836 537.172291562031
88 887 537.17365856203
38 387 537.176405562028
38 388 537.177811562027
73 737 537.180649562025
88 888 537.182016562024
69 698 547.762101041743
18 188 547.763468169654
89 897 547.764796172099
34 348 547.766137172098
64 647 547.768793302454
84 847 547.772855432809
78 787 547.77418356072
49 498 547.775563560719
44 447 547.776917560718
63 638 547.781109560715
64 648 547.785210560712
68 688 548.173296140643
73 738 548.180131140638
8 87 554.658301622254
33 338 554.659720622253
9 99 554.668509426603
58 588 567.476133071664
54 547 570.171844592219
54 548 570.173237592218
53 537 596.158371426662
19 197 596.159751426661
19 198 596.162550426659
44 448 596.165336426657
23 238 596.168057426655
39 397 596.176220426649
29 298 596.178915426647
