16 16 3 0 0 4 0.01 0.0025 0 2 2 22.1685
41 41 38 92 10 90 0.109374 0.0706238 0 16 16 1450.99
67 67 89 476 20 207 0.224891 0.145516 1 30 29 3800.56
92 92 121 707 28 284 0.286533 0.20247 102 44 42 5648.14
115 115 145 905 33 334 0.317236 0.227236 158 57 53 6472.11
142 142 198 1222 42 464 0.381168 0.283121 183 73 68 9390.84
165 165 221 1664 45 513 0.408465 0.308817 222 85 80 10437.7
184 184 253 1813 48 587 0.431671 0.330597 222 97 92 12334.3
200 200 277 1888 49 649 0.461007 0.359405 222 104 99 13841.5
215 215 303 1939 57 709 0.483175 0.381261 272 114 109 15627.5
