16 16 3 1 0 3 0.0075 0 0 2 2 0.166347
41 41 31 125 3 62 0.112266 0.0522656 0 20 20 751.083
67 67 71 549 8 154 0.234919 0.128669 0 40 40 2536.67
92 92 119 1012 12 273 0.349294 0.217731 0 57 57 4518.05
116 116 150 1415 17 351 0.395378 0.257722 20 74 74 5669.75
141 141 194 1833 23 460 0.462372 0.318857 115 91 89 7632.91
164 164 230 2305 24 552 0.506425 0.359629 151 110 106 9292.41
183 183 255 2540 26 610 0.527412 0.379521 151 124 120 10493.9
199 199 285 2613 29 695 0.547524 0.398735 151 133 129 12509.8
214 214 326 2759 33 812 0.573274 0.423875 154 144 140 14809.5
