16 16 8 1 4 10 0.005 0.005 0 3 3 35.2547
41 41 43 216 11 81 0.107964 0.0567139 5 16 15 1181.35
69 69 80 693 19 164 0.203042 0.128042 44 38 35 2830.73
93 93 114 955 26 238 0.260439 0.174814 113 54 49 4367.1
119 119 155 1199 30 352 0.347158 0.251533 159 72 66 6068.38
144 144 178 1750 31 416 0.383115 0.283584 159 90 84 7264.54
168 168 219 2253 42 496 0.407264 0.308905 159 110 104 9145.43
187 187 242 2458 46 546 0.422206 0.322811 192 123 116 10450.7
203 203 258 2520 46 588 0.436954 0.336984 197 133 125 11398.7
218 218 297 2642 47 699 0.468894 0.368172 197 147 139 13731.2
