40 219 104 88 5.04895 24 16 0.480061 84 49
255 1228 248 226 8.99507 78 41 1.23184 1159 1312
513 2314 300 284 10.2332 132 69 2.07305 2127 4002
763 3308 354 348 11.7253 164 93 2.7928 2891 12112
1035 4410 398 398 12.4858 196 119 3.5727 3617 23116
1295 5466 465 458 14.1604 221 144 4.32266 4763 32627
1549 6666 545 535 15.9963 256 168 5.04425 5804 47573
1797 7706 576 570 17.0302 291 187 5.61468 6317 60796
2071 8857 611 609 17.6838 307 203 6.09497 6742 73877
2325 9971 663 667 18.9249 322 218 6.54506 7467 89619
