65 261 117 109 5.21841 26 16 0.480811 160 0
254 987 233 220 7.99858 78 41 1.23233 990 0
488 1730 283 270 9.09682 133 67 2.01368 1855 360
780 2703 313 311 10.5354 168 92 2.76449 2631 1091
1055 3635 349 355 11.2207 200 118 3.544 3438 6086
1281 4451 375 382 11.9198 225 143 4.29349 3918 10252
1555 5495 410 425 12.6718 269 165 4.955 4634 20157
1847 6438 427 448 13.2658 300 184 5.52542 5006 26467
2103 7354 440 469 13.5014 324 200 6.00612 5378 34795
2331 8367 481 516 14.5758 348 215 6.45718 6216 45228
