88 309 110 100 4.65028 31 16 0.480553 176 0
309 1159 219 209 8.08804 68 41 1.23167 1417 297
562 2081 241 237 8.98635 119 67 2.01209 2274 3922
830 3079 274 280 9.72208 163 93 2.79235 3112 6737
1095 4077 314 329 10.8802 189 114 3.42204 4005 12618
1364 5106 356 377 11.9569 230 140 4.20292 4705 21322
1624 6234 400 425 12.5706 266 164 4.92387 5448 31840
1894 7306 422 453 13.0247 294 183 5.49377 5865 42708
2160 8363 441 478 13.4098 310 199 5.97382 6230 53558
2425 9430 465 507 13.7306 329 214 6.42495 6607 65856
