40 219 104 88 5.04895 24 16 0.480061 84 0
254 1228 247 223 8.93081 79 41 1.23226 1104 1802
514 2300 305 291 10.15 136 67 2.01406 2193 7195
765 3303 342 333 10.9249 174 91 2.73405 2776 19373
1033 4482 379 376 11.4904 208 115 3.4538 3438 42078
1295 5649 431 431 12.0188 270 141 4.23524 4200 71700
1550 6911 476 484 12.6974 311 164 4.92653 4640 99220
1804 8067 514 528 13.1943 346 183 5.49706 5002 124997
2072 9216 560 576 13.775 362 199 5.97725 5401 153826
2336 10570 590 612 14.2174 377 214 6.42716 5721 188487
