53 211 94 92 4.48608 42 16 0.480711 73 0
278 1075 211 204 8.35116 84 41 1.23153 764 0
536 2000 246 244 9.22104 140 66 1.98323 1580 4515
797 2921 268 269 9.61198 175 91 2.73336 2022 16674
1064 3876 288 298 9.89413 207 117 3.51327 2466 36916
1331 4920 336 344 10.9522 240 142 4.26439 2953 58463
1595 5969 361 370 11.3207 282 165 4.95588 3203 87993
1848 6948 389 404 11.7626 320 184 5.52663 3402 112034
2106 8008 414 431 12.1596 344 200 6.00738 3619 138542
2354 9009 444 464 12.5315 371 215 6.45802 3824 177177
