16 16 3 0 3 3 -0.0075 0 0 2 2 22.1685
41 41 36 83 33 43 -0.04875 0.01625 12 15 14 1378.11
66 66 74 327 58 98 -0.02625 0.05125 170 29 23 3275.87
91 91 102 472 74 153 0.00558594 0.0930859 261 45 35 4791.88
115 115 126 612 91 183 0.0130859 0.104492 326 59 45 6093.89
141 141 154 764 104 232 0.0429297 0.13082 378 78 58 7641.3
164 164 161 837 108 244 0.0526172 0.140195 484 95 68 8048.29
183 183 180 880 115 276 0.0717383 0.158652 502 106 77 9237.12
199 199 187 917 116 295 0.0920117 0.178652 523 112 81 9851.64
214 214 214 987 126 345 0.112061 0.199697 547 123 92 11629.5
