16 16 3 0 0 4 0.01 0.0025 0 2 2 22.1685
41 41 39 92 21 70 0.0387451 0.0462451 0 16 16 1515.82
67 67 87 441 42 155 0.102241 0.102866 30 30 28 3676.7
92 92 118 595 55 213 0.127048 0.132986 177 45 40 5550.07
116 116 137 792 63 245 0.13925 0.143625 247 58 50 6339.94
142 142 180 981 78 341 0.192141 0.1905 328 76 63 8983.75
165 165 194 1185 83 373 0.211911 0.209333 389 94 75 9786.85
184 184 220 1239 87 436 0.243593 0.239843 420 107 85 11448.6
200 200 238 1289 87 492 0.266979 0.262711 434 112 88 12710
215 215 261 1369 95 540 0.293964 0.289427 484 122 97 14398.6
