16 16 7 6 4 8 0 0.0025 0 6 6 116.894
41 41 54 213 30 85 0.0473437 0.0573438 52 18 18 2069.72
67 67 89 570 46 153 0.106953 0.115078 142 33 29 3861.15
91 91 125 879 61 221 0.160078 0.166641 218 51 44 5934.11
115 115 166 1184 80 299 0.204258 0.207227 269 66 58 8073.81
142 142 191 1404 87 359 0.250654 0.251201 460 83 69 9433.77
166 166 216 1551 94 412 0.279071 0.278094 575 101 83 10899
185 185 236 1641 99 458 0.294557 0.292994 589 115 95 12165.7
199 199 251 1687 103 490 0.308151 0.306315 611 127 105 13338.9
214 214 277 1749 106 562 0.327819 0.325626 646 142 117 15331.3
