16 16 6 20 2 8 0.01 0.005 0 5 5 61.4427
41 41 40 189 4 77 0.135156 0.0651563 0 21 21 1192.28
66 66 76 541 10 166 0.258047 0.152422 0 34 34 3191.63
91 91 116 877 15 266 0.335977 0.211914 9 53 52 5644.06
117 117 160 1172 18 364 0.411885 0.273916 9 69 68 7762
142 142 199 1530 24 456 0.464827 0.32092 9 83 82 10012.1
164 164 233 1808 28 538 0.500869 0.35415 31 97 94 11802.3
183 183 262 1903 28 620 0.528047 0.37998 31 108 105 13578.8
199 199 291 2035 28 698 0.545967 0.397061 31 116 113 15482.8
214 214 317 2120 28 777 0.559006 0.40968 31 125 122 16969.1
