16 16 3 0 2 4 0 0.0025 0 2 2 22.1685
41 41 38 96 25 61 0.015625 0.046875 0 15 15 1529.04
66 66 79 437 57 121 0.0109375 0.0815625 105 30 26 3421.31
91 91 115 623 84 176 0.0135938 0.112344 272 48 38 5814.98
117 117 140 760 98 219 0.0430469 0.141172 383 65 50 7056.64
142 142 171 912 115 270 0.0761719 0.172266 494 81 61 8727.03
165 165 185 1048 123 289 0.0868359 0.182578 606 96 72 9291.89
184 184 200 1107 133 311 0.0989062 0.194453 658 108 80 10327.9
200 200 213 1143 138 335 0.108115 0.203438 667 115 86 11534.3
215 215 231 1168 146 367 0.122646 0.217812 719 125 95 12884.8
