88 309 110 100 4.65029 31 16 0.480566 176 0
308 1151 224 211 8.30579 71 41 1.23167 1363 2175
558 2090 244 233 9.08867 140 67 2.01306 1907 11537
822 3076 282 275 9.76432 182 91 2.73332 2604 19763
1093 4135 313 315 10.8167 212 115 3.45263 3330 34000
1357 5146 344 353 11.3135 257 142 4.26347 3910 53194
1615 6228 380 395 11.9334 287 166 4.98407 4457 69952
1874 7237 412 428 12.4662 310 185 5.55391 4882 90051
2145 8386 438 459 12.9965 331 199 5.97359 5221 109285
2415 9583 457 488 13.248 350 214 6.42473 5535 132607
