88 309 110 100 4.65028 31 16 0.480553 176 0
310 1159 214 205 8.1209 80 41 1.2323 1361 0
563 2100 234 230 9.01645 124 67 2.01311 2140 469
826 3094 289 286 10.2664 168 93 2.79328 3011 1130
1091 4118 331 340 11.7687 194 115 3.45272 4026 4332
1349 5102 399 414 13.3328 237 142 4.26377 4994 9808
1611 6202 451 450 14.1661 271 166 4.98448 5685 15579
1881 7233 475 480 14.8062 299 185 5.55447 6122 20962
2146 8245 491 501 15.2131 315 201 6.03477 6551 25827
2408 9331 529 538 15.9138 334 216 6.48626 7246 31195
