53 211 94 92 4.48608 42 16 0.480711 73 0
273 1076 233 216 8.70246 85 41 1.23119 789 474
531 1978 277 267 10.2707 133 67 2.01242 1606 2252
791 2860 306 307 11.2396 166 92 2.7621 2260 7117
1049 3795 347 353 12.0905 200 115 3.45196 2927 12652
1316 4825 392 402 13.166 251 142 4.26452 3693 18446
1574 5913 437 452 14.1375 298 165 4.95587 4491 27302
1833 6883 486 506 15.4012 332 184 5.52686 5052 36195
2088 7906 509 536 15.9594 356 200 6.0076 5340 46861
2349 9071 533 563 16.6191 375 215 6.45809 5918 61245
