88 307 109 98 4.63234 31 16 0.480618 179 0
311 1171 217 207 7.88404 59 41 1.23102 1365 3586
563 2113 241 231 8.24052 116 66 1.98152 1787 17720
828 3104 270 266 8.72646 153 93 2.79166 2419 30170
1098 4138 299 304 9.46953 179 115 3.45095 3047 52713
1365 5157 329 339 9.89334 224 142 4.26179 3392 77852
1624 6263 353 365 10.2883 260 166 4.9833 3782 104019
1890 7301 389 405 10.8124 288 185 5.5536 4153 129677
2150 8313 421 439 11.2172 304 201 6.03375 4405 156264
2418 9424 437 462 11.4147 323 216 6.48498 4580 188373
