16 16 7 6 2 11 0.0175 0.01 0 6 6 116.894
41 41 56 328 8 123 0.173647 0.0911475 0 19 19 2105.38
67 67 93 749 12 218 0.287157 0.172157 25 31 30 3977.85
93 93 135 1251 17 316 0.366605 0.23473 25 48 47 6119.55
115 115 180 1564 22 437 0.440134 0.298259 25 62 61 8258.58
142 142 208 1908 24 509 0.479394 0.33455 86 81 78 9278.2
166 166 250 2265 31 609 0.514868 0.367289 95 97 94 11693.6
185 185 275 2429 32 675 0.534653 0.386196 95 108 105 13035.8
201 201 314 2484 34 784 0.561703 0.412455 95 119 116 15690.5
216 216 341 2589 34 866 0.579601 0.430036 95 132 129 17314.3
