22 109 70 64 3.69007 24 16 0.480323 23 0
201 911 285 257 10.6872 67 41 1.23188 706 2272
460 2017 366 339 12.3185 115 67 2.0135 1627 8286
726 3071 403 385 13.6569 150 92 2.76285 2451 20739
984 4163 441 431 14.2608 184 115 3.45299 3177 36467
1233 5290 499 488 15.1283 222 141 4.23435 3822 56912
1504 6582 550 544 15.9742 274 165 4.95655 4366 83481
1771 7663 574 573 16.7433 309 184 5.52741 4635 104654
2037 8787 586 590 17.0495 325 200 6.00783 4821 125648
2278 9924 630 633 17.9267 340 215 6.4584 5253 151112
