40 219 104 88 5.04895 24 16 0.480022 84 0
257 1248 239 219 8.85741 62 41 1.2307 1146 950
513 2320 319 303 10.7021 118 67 2.01203 2395 3968
768 3315 378 374 12.3525 157 92 2.76183 3288 13269
1028 4454 429 438 13.2677 191 116 3.48173 4184 28683
1287 5638 492 510 14.2486 242 142 4.26379 5173 45729
1543 6871 554 575 15.0372 291 165 4.95547 5700 62951
1800 7963 611 638 16.0777 324 184 5.52591 6282 79760
2076 9090 628 658 16.3037 340 200 6.00588 6572 99467
2343 10374 650 684 16.5945 355 215 6.45583 6937 124093
