16 16 3 1 0 3 0.0075 0 0 2 2 0.166347
41 41 33 124 14 53 0.050625 0.040625 0 20 20 851.605
67 67 73 483 36 122 0.0957813 0.0945313 29 40 39 2781.54
92 92 117 782 55 206 0.144375 0.150625 84 57 53 4949.25
115 115 141 983 64 259 0.178506 0.183975 146 74 67 5865.21
141 141 175 1128 80 328 0.220535 0.222175 329 94 80 7916.01
165 165 203 1281 88 392 0.252332 0.253152 409 111 92 9415.95
184 184 226 1367 97 437 0.266062 0.267429 467 123 101 11030.3
200 200 234 1374 97 456 0.269988 0.270984 515 130 107 11757.5
215 215 265 1430 101 532 0.305322 0.305786 534 139 115 13358.7
