16 16 3 0 3 3 -0.0075 0 0 2 2 22.1685
41 41 40 77 18 73 0.0630859 0.0555859 11 16 15 1575.31
67 67 82 453 41 150 0.106523 0.108398 48 33 30 3443.02
90 90 112 776 51 216 0.157148 0.158398 71 46 41 4927.71
113 113 143 955 64 276 0.199336 0.20043 150 60 53 6392.79
139 139 180 1187 77 356 0.233506 0.231553 232 79 71 8474.34
162 162 195 1374 80 389 0.25376 0.25083 313 94 82 9147.3
181 181 214 1464 86 424 0.272686 0.269092 341 106 93 10276.3
197 197 240 1581 89 495 0.300024 0.29564 355 116 102 12201.3
212 212 268 1639 96 554 0.31772 0.314263 355 125 111 13985
