16 16 3 0 0 4 0.01 0.0025 0 2 2 22.1685
41 41 37 74 7 90 0.117245 0.0647449 0 15 15 1524.65
66 66 91 531 11 229 0.268084 0.151834 0 31 31 3987.43
91 91 125 833 15 309 0.326718 0.197655 65 47 46 5653.39
115 115 157 1081 19 378 0.371484 0.234609 92 59 57 6858.11
142 142 204 1453 22 503 0.427245 0.282401 128 78 75 9275.88
165 165 229 1767 24 565 0.457919 0.3112 128 92 89 10441.2
184 184 265 1880 28 654 0.492685 0.344462 128 106 103 12553.4
200 200 292 1966 28 731 0.520401 0.371533 128 115 112 14207.4
215 215 323 2053 31 812 0.54101 0.391669 128 126 123 16223.5
