65 261 117 109 5.21841 26 16 0.480811 160 0
255 990 240 226 8.36219 83 41 1.2328 1013 0
490 1761 291 282 9.6876 145 66 1.98453 1891 339
783 2732 322 321 10.9989 180 91 2.73515 2535 1069
1049 3650 367 374 12.0241 208 117 3.51489 3434 2199
1277 4476 390 407 12.8795 233 142 4.26424 4291 3602
1549 5461 418 439 13.3293 263 164 4.92525 4993 8906
1842 6333 432 459 13.8023 292 183 5.49598 5354 12391
2103 7302 445 477 14.0612 316 199 5.97661 5665 17618
2325 8206 510 545 15.5602 339 214 6.42776 6593 22979
