53 211 94 92 4.48608 42 16 0.480711 73 0
273 1070 232 211 8.62854 81 41 1.23124 805 453
529 1984 288 277 10.7758 134 66 1.98276 1920 797
790 2887 328 323 11.7708 168 91 2.7326 2731 3673
1039 3805 384 380 12.7372 203 115 3.45272 3575 7400
1309 4917 433 431 13.8987 240 142 4.26443 4567 11367
1573 6031 484 485 14.9358 281 165 4.95584 5373 17575
1828 7016 532 543 16.0336 309 184 5.52629 5904 22557
2082 8079 560 577 16.3537 333 200 6.00696 6232 26785
2340 9244 602 627 17.4351 360 215 6.45793 6901 33892
