16 16 7 6 2 11 0.0175 0.01 0 6 6 116.894
41 41 54 312 16 104 0.127617 0.0801172 19 20 20 1972.26
67 67 96 723 26 203 0.232773 0.160898 72 31 30 4065.84
93 93 135 1217 36 289 0.306455 0.222393 91 50 48 6041.43
114 114 171 1596 40 371 0.360088 0.268213 91 65 63 7606.05
140 140 202 1954 47 441 0.393005 0.297693 151 84 80 9249.49
164 164 235 2177 51 529 0.43967 0.341936 284 103 94 11444.6
183 183 264 2299 56 596 0.461743 0.363169 284 114 105 13132.6
199 199 303 2407 58 701 0.483465 0.38408 285 127 117 15527.5
214 214 325 2481 61 759 0.498622 0.399037 285 139 129 16959.8
