53 211 94 92 4.48608 42 16 0.480711 73 0
273 1074 234 215 8.69726 85 41 1.23121 773 675
530 1951 277 262 9.97982 145 67 2.01226 1692 7238
792 2830 301 294 10.6684 181 92 2.76167 2280 16069
1051 3727 344 338 11.3404 211 116 3.48198 2810 29213
1323 4720 365 368 12.024 253 142 4.26346 3340 45134
1590 5809 392 399 12.4677 292 165 4.95468 3770 65324
1849 6788 433 446 13.3463 325 184 5.52536 4050 84160
2108 7786 450 461 13.4983 349 200 6.00616 4216 104554
2376 8937 478 498 14.1875 372 215 6.45659 4658 134391
