16 16 8 1 0 14 0.03125 0.01125 0 3 3 35.2547
41 41 42 222 5 86 0.14748 0.0699805 0 18 18 1158.45
66 66 83 680 11 177 0.241797 0.131797 8 40 40 2883.03
90 90 121 1011 15 265 0.321433 0.192996 46 57 56 4565.59
116 116 165 1232 22 386 0.396672 0.258078 72 75 73 6620.05
141 141 201 1816 25 481 0.446213 0.30176 73 95 92 8524.37
164 164 241 2126 27 579 0.479375 0.33207 73 111 108 10015.5
183 183 269 2260 32 638 0.504414 0.356132 93 122 119 11407.1
199 199 294 2398 35 704 0.519317 0.370479 93 131 128 12757
214 214 336 2594 37 822 0.542146 0.392722 93 142 139 15021.5
