40 219 104 88 5.04895 24 16 0.480022 84 0
256 1226 242 225 9.00274 62 41 1.23071 1231 0
511 2287 326 313 11.0157 127 66 1.98216 2467 622
763 3252 378 378 12.5547 165 90 2.70192 3203 3035
1026 4374 432 434 13.6306 197 116 3.48182 4108 6777
1282 5451 517 524 16.2683 222 141 4.23197 5465 12626
1539 6612 580 591 17.862 264 164 4.9227 6260 19802
1798 7652 623 636 19.0948 299 183 5.49317 6798 26803
2070 8797 641 659 19.4655 315 199 5.97293 7183 33442
2327 9894 680 704 20.1199 330 214 6.423 7953 40869
