22 109 70 64 3.69007 24 16 0.480323 23 0
201 907 285 258 10.7385 70 41 1.23206 700 1335
457 2020 370 346 12.6327 121 66 1.98369 1741 2654
725 3134 405 395 14.1847 160 91 2.73338 2596 7851
986 4282 468 458 15.0567 194 115 3.45319 3773 15737
1229 5383 545 531 16.3862 246 141 4.23532 4623 25811
1509 6703 597 589 17.4035 294 164 4.92712 5242 41303
1761 7785 627 625 18.2813 329 183 5.49781 5813 52535
2028 8878 654 649 18.5784 345 199 5.97795 6112 62899
2277 9989 691 692 19.4858 360 214 6.42829 6822 76893
