16 16 6 20 3 6 0 0 0 5 5 61.4427
41 41 39 208 11 67 0.0903125 0.0503125 0 21 21 1148.26
67 67 78 492 19 164 0.226562 0.152812 0 34 34 3445.12
92 92 115 867 29 250 0.29418 0.214805 11 51 50 5334.03
118 118 164 1151 41 368 0.37166 0.281347 74 67 63 8271.82
143 143 197 1343 48 441 0.414863 0.319941 76 77 73 10330.7
165 165 233 1715 56 519 0.442333 0.345029 127 93 88 12013.2
184 184 260 1876 58 591 0.462062 0.363585 127 104 99 13739.7
200 200 288 2038 60 668 0.478404 0.379313 127 112 107 15114.4
215 215 317 2242 66 742 0.496698 0.397245 127 122 117 16930.8
