16 16 7 6 6 7 -0.0125 0 0 6 6 116.894
41 41 50 192 39 65 -0.026875 0.033125 83 21 19 2004.43
66 66 92 476 68 126 -0.01125 0.071875 200 33 27 4314.3
93 93 126 728 94 171 -0.0034375 0.0975 329 50 40 6285.52
115 115 162 952 120 227 0.0242969 0.126016 441 66 53 8393.07
142 142 179 1084 130 260 0.0553125 0.156016 601 83 63 9458.11
166 166 205 1225 145 304 0.0840039 0.183574 721 102 76 11561.5
185 185 221 1324 151 338 0.103789 0.202949 730 114 87 12438.4
201 201 232 1357 155 358 0.113828 0.212871 751 123 94 12935.5
216 216 249 1419 157 408 0.139985 0.238828 773 134 102 14110.3
