16 16 8 1 3 12 0.01375 0.00875 0 3 3 35.2547
41 41 41 182 20 70 0.0570313 0.0545313 35 18 17 1172
67 67 81 594 41 136 0.0973438 0.100469 96 40 37 2917.66
92 92 121 887 58 211 0.13918 0.14918 188 58 52 4880.81
116 116 150 1121 70 268 0.180586 0.18668 269 77 68 6270.32
142 142 184 1550 84 335 0.230703 0.232891 377 98 86 7888.43
165 165 214 1751 95 397 0.255244 0.255791 445 117 100 9409.63
184 184 234 1879 97 442 0.277683 0.277351 466 133 114 10254.5
200 200 257 1974 106 488 0.296707 0.297273 488 140 120 11404.8
215 215 282 2053 111 555 0.324299 0.324592 556 152 129 13016.7
