16 16 3 1 0 3 0.0075 0 0 2 2 0.166347
41 41 31 125 6 59 0.0973438 0.0523437 0 20 20 751.094
66 66 72 510 16 156 0.214434 0.139434 1 40 39 2622.57
91 91 116 850 25 257 0.312246 0.225371 27 58 56 4805.88
115 115 151 1216 35 332 0.358867 0.26793 29 77 75 6255.36
141 141 179 1498 40 392 0.392949 0.29873 185 94 89 7765.42
164 164 218 1755 48 483 0.431099 0.334731 273 114 106 9967.24
183 183 240 1892 50 533 0.450547 0.353027 280 126 117 11327
199 199 269 1930 54 607 0.469363 0.370593 319 135 126 13152.6
214 214 306 2137 54 712 0.494761 0.395293 368 147 136 15223.4
