16 16 3 1 1 3 0.0025 0 0 2 2 0.166347
41 41 32 129 24 33 -0.04 0.0025 0 20 20 799.649
69 69 71 524 53 91 -0.02625 0.0425 33 40 38 2699.22
94 94 109 756 78 145 -0.016875 0.074375 157 57 49 4746.22
117 117 137 963 98 188 0.00390625 0.1 241 73 63 6134.03
142 142 158 1098 112 226 0.0296875 0.124375 502 93 73 7239.7
165 165 183 1218 127 271 0.05625 0.15125 591 112 85 8912.19
184 184 196 1246 133 293 0.0695508 0.164062 689 126 92 9864.37
200 200 201 1268 134 306 0.0748633 0.169141 743 133 96 10431.4
215 215 226 1305 143 360 0.104438 0.199687 780 142 103 11977.6
