53 211 94 92 4.48608 42 16 0.480711 73 0
273 1070 235 213 8.62991 85 41 1.23126 744 1874
532 2010 276 261 10.1926 135 67 2.01269 1672 7055
792 2920 306 295 11.0259 174 90 2.70229 2377 18705
1050 3878 341 338 11.7506 204 113 3.39244 2940 35193
1316 4906 388 388 12.8875 256 139 4.17473 3638 52828
1588 6078 419 421 13.3433 296 162 4.866 3964 76131
1833 7011 458 461 14.007 327 181 5.4367 4341 94141
2091 8087 490 495 14.5424 351 197 5.91714 4660 113948
2347 9208 524 535 15.3578 378 212 6.36796 5068 138174
