53 211 94 92 4.48608 42 16 0.480711 73 0
279 1078 209 196 8.12366 79 41 1.23153 726 2312
541 1988 233 224 8.70976 134 66 1.98265 1229 13504
798 2860 259 255 9.2421 167 91 2.73259 1729 29722
1059 3848 291 295 9.79447 201 115 3.45288 2147 53543
1328 4883 328 334 10.6578 243 141 4.23482 2538 79271
1593 6030 360 372 11.1157 290 164 4.92604 2779 110938
1850 6945 394 408 11.7702 316 183 5.49652 2964 137181
2120 7975 421 436 12.0248 340 199 5.97713 3164 166470
2389 9109 460 482 12.4706 363 214 6.42745 3474 204825
