22 109 70 64 3.69007 24 16 0.480323 23 0
201 905 284 259 10.7491 70 41 1.23196 713 2559
464 2054 353 321 11.9491 118 68 2.04329 1526 10368
728 3103 380 357 12.807 157 93 2.79308 2244 24529
993 4240 415 396 13.2555 191 116 3.48324 2938 46385
1237 5344 472 448 13.9954 246 141 4.23592 3517 76906
1515 6675 502 486 14.5613 288 164 4.92716 3927 111458
1786 7853 510 500 14.821 324 183 5.49778 4037 141079
2050 9030 532 522 15.1508 340 199 5.97805 4184 171301
2297 10258 568 560 15.7437 355 214 6.42842 4477 207763
