16 16 8 1 4 12 0.00875 0.00875 0 3 3 35.2547
41 41 38 149 28 53 -0.0125 0.03375 56 18 16 1053.41
67 67 79 567 56 113 0.005 0.073125 108 38 32 2930.92
91 91 116 753 83 164 0.0059375 0.09875 236 54 42 4772.04
115 115 155 969 110 223 0.0320312 0.131875 331 74 57 6754.82
141 141 178 1312 127 258 0.053125 0.152187 493 93 71 8117.08
164 164 199 1385 140 296 0.0819141 0.180312 576 109 80 9433.38
183 183 215 1441 146 325 0.0918652 0.189834 641 124 90 10317.2
199 199 220 1459 148 334 0.0942871 0.192178 692 132 95 10532.9
214 214 237 1491 158 367 0.112314 0.210068 759 145 105 11730.7
