0 0 2 61
1 0 2 61
2 0 2 61
3 0 2 61
4 0 2 61
5 0 2 61
6 0 2 61
7 0 2 61
8 0 2 61
9 0 2 61
10 0 2 61
11 0 2 61
12 0 2 61
13 0 2 61
14 0 2 61
15 0 1 61
16 0 2 61
17 0 2 61
18 0 2 61
19 0 2 61
20 0 2 61
21 0 2 61
22 0 2 61
23 0 2 61
24 0 2 61
25 0 1 61
26 0 2 61
27 0 2 61
28 0 2 61
29 0 2 61
30 0 2 61
31 0 2 61
32 0 2 61
33 0 2 61
34 0 2 61
35 0 2 61
36 0 2 61
37 0 2 61
38 0 2 61
39 0 1 61
40 0 2 61
41 0 2 61
42 0 2 61
43 0 2 61
44 0 2 61
45 0 1 61
46 0 2 61
47 0 2 61
48 0 2 61
49 0 1 61
50 0 2 61
51 0 2 61
52 0 2 61
53 0 2 61
54 0 2 61
55 0 2 61
56 0 2 61
57 0 2 61
58 0 2 61
59 0 2 61
60 0 2 61
61 0 1 61
62 0 1 61
63 0 1 61
64 0 2 61
65 0 2 61
66 0 2 61
67 0 2 61
68 0 2 61
69 0 1 61
70 0 2 61
71 0 1 61
72 0 2 61
73 0 2 61
74 0 2 61
75 0 2 61
76 0 2 61
77 0 2 61
78 0 2 61
79 0 2 61
80 0 2 61
81 0 2 61
82 0 2 61
83 0 2 61
84 0 2 61
85 0 2 61
86 0 2 61
87 0 2 61
88 0 2 61
89 0 2 61
90 0 2 61
91 0 2 61
92 0 2 61
93 0 2 61
94 0 2 61
95 0 1 61
96 0 2 61
97 0 2 61
98 0 2 61
99 0 2 61
0 -0.375 1 121
1 0 2 121
2 0 1 121
3 0 1 121
4 -0.375 1 121
5 0 1 121
6 0 1 121
7 0 2 121
8 -0.25 1 121
9 0 1 121
10 0 2 121
11 0 2 121
12 0 1 121
13 0 1 121
14 0 1 121
15 -0.25 1 121
16 -0.25 1 121
17 -0.25 1 121
18 0 1 121
19 0 2 121
20 0 2 121
21 0 2 121
22 0 2 121
23 0 2 121
24 0 1 121
25 0 1 121
26 0 1 121
27 0 1 121
28 0 2 121
29 0 2 121
30 0 1 121
31 0 1 121
32 0 2 121
33 0 2 121
34 0 2 121
35 0 1 121
36 0 2 121
37 0 2 121
38 0 2 121
39 0 2 121
40 0 2 121
41 0 2 121
42 0 2 121
43 0 1 121
44 0 2 121
45 0 1 121
46 0 2 121
47 0 2 121
48 0 1 121
49 0.25 1 121
50 0 1 121
51 0 2 121
52 0 2 121
53 0 2 121
54 0 1 121
55 0 1 121
56 0 2 121
57 0 1 121
58 0 1 121
59 0 2 121
60 0 2 121
61 0 1 121
62 0 1 121
63 0 2 121
64 0 2 121
65 0 2 121
66 0 2 121
67 0 2 121
68 0 1 121
69 0 1 121
70 0 1 121
71 0 2 121
72 0 2 121
73 0 2 121
74 0 2 121
75 0 1 121
76 0 1 121
77 0 2 121
78 0 1 121
79 0 1 121
80 0 1 121
81 0 2 121
82 0 2 121
83 0 2 121
84 0 2 121
85 0 2 121
86 0 2 121
87 0 1 121
88 0 2 121
89 0 2 121
90 0 2 121
91 0 1 121
92 0 2 121
93 0 1 121
94 0 2 121
95 0 1 121
96 0 1 121
97 0 1 121
98 0 2 121
99 0 1 121
0 -0.375 2 181
1 0 2 181
2 0 2 181
3 0 2 181
4 -0.375 2 181
5 0 2 181
6 -0.25 1 181
7 0 2 181
8 -0.25 2 181
9 0 2 181
10 0 1 181
11 0 2 181
12 0 1 181
13 -0.125 1 181
14 0 2 181
15 -0.25 2 181
16 -0.375 2 181
17 -0.375 1 181
18 -0.375 1 181
19 0 1 181
20 -0.375 1 181
21 0 1 181
22 0 2 181
23 0 2 181
24 -0.25 2 181
25 0 2 181
26 0 1 181
27 0 1 181
28 0 1 181
29 0 2 181
30 0 1 181
31 0 1 181
32 0 1 181
33 0.375 1 181
34 0 2 181
35 0 2 181
36 0 2 181
37 0 1 181
38 0.375 1 181
39 0 1 181
40 0 1 181
41 0 2 181
42 0 2 181
43 0 1 181
44 0 1 181
45 0 2 181
46 0 1 181
47 0 1 181
48 0 2 181
49 0.25 2 181
50 0.25 1 181
51 0 1 181
52 0 2 181
53 0 2 181
54 0.25 2 181
55 0 2 181
56 0 2 181
57 0 1 181
58 0 1 181
59 0 1 181
60 0 2 181
61 0 1 181
62 0 2 181
63 0 1 181
64 0 2 181
65 0 1 181
66 0.25 1 181
67 0 2 181
68 0 1 181
69 0 1 181
70 0 1 181
71 0 2 181
72 0 2 181
73 0 1 181
74 0 1 181
75 0 1 181
76 0 1 181
77 0 1 181
78 0 2 181
79 0.25 1 181
80 0.4375 1 181
81 0 2 181
82 0 1 181
83 0 2 181
84 0 1 181
85 0 2 181
86 0 1 181
87 0 1 181
88 0 2 181
89 0 2 181
90 0 1 181
91 0 1 181
92 0 1 181
93 0 1 181
94 0 1 181
95 0 2 181
96 0 1 181
97 0 1 181
98 0 1 181
99 0 1 181
0 -0.375 2 241
1 0 1 241
2 0 2 241
3 -0.0625 1 241
4 -0.375 1 241
5 0 1 241
6 -0.25 1 241
7 0 1 241
8 -0.25 1 241
9 0 1 241
10 0 1 241
11 0 2 241
12 -0.5 1 241
13 -0.125 1 241
14 0 1 241
15 -0.5 1 241
16 -0.375 2 241
17 -0.375 1 241
18 -0.375 2 241
19 0 2 241
20 -0.5 1 241
21 0 1 241
22 0 1 241
23 0 2 241
24 -0.25 1 241
25 0 1 241
26 0 2 241
27 -0.0625 1 241
28 0 1 241
29 -0.375 1 241
30 0.625 2 241
31 0 1 241
32 0.375 1 241
33 0.375 1 241
34 0 2 241
35 0 2 241
36 0 1 241
37 0 2 241
38 0.4375 2 241
39 0 2 241
40 0 1 241
41 0 1 241
42 0 2 241
43 0 2 241
44 0 1 241
45 0 1 241
46 0 1 241
47 0 2 241
48 0 2 241
49 0.25 2 241
50 0.25 1 241
51 0 2 241
52 0 2 241
53 0 2 241
54 0.25 2 241
55 0 1 241
56 0 1 241
57 0 2 241
58 0 2 241
59 0 2 241
60 0 2 241
61 0 1 241
62 0.25 1 241
63 0 1 241
64 0 1 241
65 0 2 241
66 0.25 1 241
67 0 1 241
68 0 2 241
69 0 1 241
70 0 2 241
71 0 2 241
72 0 2 241
73 0 1 241
74 0 1 241
75 0 1 241
76 0 1 241
77 0 1 241
78 0 1 241
79 0.25 1 241
80 0.4375 1 241
81 0 1 241
82 0 1 241
83 0 1 241
84 0 1 241
85 0 1 241
86 0 2 241
87 0 2 241
88 0 1 241
89 0 2 241
90 0 2 241
91 0 1 241
92 0 1 241
93 0 2 241
94 0 2 241
95 0 1 241
96 0.25 1 241
97 0 1 241
98 0 1 241
99 0 2 241
0 -0.375 1 301
1 0 1 301
2 0 1 301
3 -0.0625 1 301
4 -0.375 1 301
5 0 1 301
6 -0.25 1 301
7 0 1 301
8 -0.5 1 301
9 -0.5 1 301
10 -0.5 1 301
11 0 1 301
12 -0.5 1 301
13 -0.125 1 301
14 -0.5 1 301
15 -0.5 1 301
16 -0.375 1 301
17 -0.375 1 301
18 -0.375 1 301
19 -0.25 1 301
20 -0.5 1 301
21 0 1 301
22 0 1 301
23 0 1 301
24 -0.25 1 301
25 0 1 301
26 0 1 301
27 -0.0625 1 301
28 -0.5 1 301
29 -0.5 1 301
30 0.625 1 301
31 0.6875 1 301
32 0.71875 1 301
33 0.375 1 301
34 0 1 301
35 0 1 301
36 0 1 301
37 0 1 301
38 0.4375 1 301
39 0 1 301
40 0 1 301
41 0 1 301
42 0 1 301
43 0 1 301
44 0 1 301
45 0 1 301
46 0 1 301
47 0 1 301
48 0 1 301
49 0.25 1 301
50 0.25 1 301
51 0.4375 1 301
52 0 1 301
53 0 1 301
54 0.25 1 301
55 0 1 301
56 0 1 301
57 0 1 301
58 0 1 301
59 0 1 301
60 0 1 301
61 0 1 301
62 0.25 1 301
63 0 1 301
64 0.25 1 301
65 0 1 301
66 0.25 1 301
67 0 1 301
68 0 1 301
69 0 1 301
70 0 1 301
71 0 1 301
72 0 1 301
73 0 1 301
74 0 2 301
75 0 1 301
76 0 1 301
77 0 1 301
78 0 1 301
79 0.25 1 301
80 0.4375 1 301
81 0 1 301
82 0 1 301
83 0 1 301
84 0 1 301
85 0 1 301
86 0 1 301
87 0 1 301
88 0 1 301
89 0 1 301
90 0 1 301
91 0 1 301
92 0 1 301
93 0 1 301
94 0 1 301
95 0 1 301
96 0.25 1 301
97 0 1 301
98 0 1 301
99 0 1 301
0 -0.375 1 361
1 0 1 361
2 0 1 361
3 -0.0625 1 361
4 -0.375 1 361
5 0 1 361
6 -0.5 1 361
7 -0.125 1 361
8 -0.5 1 361
9 -0.5 1 361
10 -0.5 1 361
11 0 1 361
12 -0.5 1 361
13 -0.125 1 361
14 -0.5 1 361
15 -0.5 1 361
16 -0.375 1 361
17 -0.375 1 361
18 -0.375 1 361
19 -0.25 1 361
20 -0.5 1 361
21 0 1 361
22 0 1 361
23 0 1 361
24 -0.25 1 361
25 0 1 361
26 0 1 361
27 -0.0625 1 361
28 -0.5 1 361
29 -0.5 1 361
30 0.625 1 361
31 0.6875 1 361
32 0.734375 1 361
33 0.375 1 361
34 0 1 361
35 0.734375 1 361
36 0 1 361
37 0 1 361
38 0.4375 1 361
39 0 1 361
40 0 1 361
41 0 1 361
42 0 1 361
43 0 1 361
44 0 1 361
45 0 1 361
46 0 1 361
47 0 1 361
48 0 1 361
49 0.25 1 361
50 0.4375 1 361
51 0.4375 1 361
52 0.25 1 361
53 0 1 361
54 0.25 1 361
55 0.25 1 361
56 0 1 361
57 0 1 361
58 0.25 1 361
59 0 1 361
60 0 1 361
61 0 1 361
62 0.25 1 361
63 0 1 361
64 0.25 1 361
65 0 1 361
66 0.25 1 361
67 0 1 361
68 0 1 361
69 0 1 361
70 0 1 361
71 0 1 361
72 0 1 361
73 0 1 361
74 0 1 361
75 0 1 361
76 0.25 1 361
77 0 1 361
78 0 1 361
79 0.25 1 361
80 0.4375 1 361
81 0 1 361
82 0 1 361
83 0 1 361
84 0 1 361
85 0 1 361
86 0 1 361
87 0 1 361
88 0 1 361
89 0 1 361
90 0 1 361
91 0 1 361
92 0 1 361
93 0 1 361
94 0 1 361
95 0 1 361
96 0.25 1 361
97 0 1 361
98 0 1 361
99 0 1 361
0 -0.375 1 421
1 -0.25 1 421
2 0 1 421
3 -0.0625 1 421
4 -0.375 1 421
5 0 1 421
6 -0.5 1 421
7 -0.125 1 421
8 -0.5 1 421
9 -0.5 1 421
10 -0.5 1 421
11 0 1 421
12 -0.5 1 421
13 -0.125 1 421
14 -0.5 1 421
15 -0.5 1 421
16 -0.375 1 421
17 -0.375 1 421
18 -0.375 1 421
19 -0.25 1 421
20 -0.5 1 421
21 -0.5 1 421
22 -0.5 1 421
23 -0.25 1 421
24 -0.25 1 421
25 0 1 421
26 0 1 421
27 -0.0625 1 421
28 -0.5 1 421
29 -0.5 1 421
30 0.625 1 421
31 0.6875 1 421
32 0.734375 1 421
33 0.375 1 421
34 0 1 421
35 0.867188 1 421
36 0.742188 1 421
37 0 1 421
38 0.4375 1 421
39 0 1 421
40 0 1 421
41 0 1 421
42 0 1 421
43 0 1 421
44 0 1 421
45 0 1 421
46 0 1 421
47 0 1 421
48 0 1 421
49 0.25 1 421
50 0.4375 1 421
51 0.4375 1 421
52 0.375 1 421
53 0 1 421
54 0.375 1 421
55 0.25 1 421
56 0 1 421
57 0 1 421
58 0.25 1 421
59 0 1 421
60 0.25 1 421
61 0 1 421
62 0.25 1 421
63 0 1 421
64 0.25 1 421
65 0 1 421
66 0.25 1 421
67 0.25 1 421
68 0 1 421
69 0 1 421
70 0 1 421
71 0 1 421
72 0 1 421
73 0 1 421
74 0.25 1 421
75 0 1 421
76 0.25 1 421
77 0 1 421
78 0 1 421
79 0.25 1 421
80 0.492188 1 421
81 0 1 421
82 0 1 421
83 0 1 421
84 0 1 421
85 0 1 421
86 0 1 421
87 0 1 421
88 0 1 421
89 0 1 421
90 0 1 421
91 0 1 421
92 0 1 421
93 0 1 421
94 0.375 1 421
95 0 1 421
96 0.25 1 421
97 0 1 421
98 0.25 1 421
99 0 1 421
0 -0.375 1 481
1 -0.25 1 481
2 0 1 481
3 -0.0625 1 481
4 -0.375 1 481
5 0 1 481
6 -0.5 1 481
7 -0.125 1 481
8 -0.5 1 481
9 -0.5 1 481
11 0 1 481
12 -0.5 1 481
13 -0.25 1 481
14 -0.5 1 481
15 -0.5 1 481
16 -0.375 1 481
17 -0.375 1 481
18 -0.375 1 481
19 -0.25 1 481
20 -0.5 1 481
21 -0.5 1 481
22 -0.5 1 481
23 -0.25 1 481
24 -0.25 1 481
25 0 1 481
26 0 1 481
27 -0.0625 1 481
28 -0.5 1 481
29 -0.5 1 481
30 0.625 1 481
31 0.6875 1 481
32 0.742188 1 481
33 0.375 1 481
34 0.492188 1 481
35 0.871094 1 481
36 0.742188 1 481
37 0 1 481
38 0.4375 1 481
39 0 1 481
40 0 1 481
41 0 1 481
42 0 1 481
43 0 1 481
44 0 1 481
45 0 1 481
46 0 1 481
47 0 1 481
48 0 1 481
49 0.25 1 481
50 0.4375 1 481
51 0.4375 1 481
52 0.375 1 481
53 0 1 481
54 0.375 1 481
55 0.25 1 481
56 0 1 481
57 0 1 481
58 0.25 1 481
59 0 1 481
60 0.25 1 481
61 0 1 481
62 0.25 1 481
63 0 1 481
64 0.25 1 481
65 0 1 481
66 0.25 1 481
67 0.4375 1 481
68 0.25 1 481
69 0 1 481
70 0 1 481
71 0 1 481
72 0 1 481
73 0 1 481
74 0.25 1 481
75 0 1 481
76 0.25 1 481
77 0.25 1 481
78 0.375 1 481
79 0.25 1 481
80 0.492188 1 481
81 0 1 481
82 0 1 481
83 0 1 481
84 0.4375 1 481
85 0 1 481
86 0 1 481
87 0 1 481
88 0 1 481
89 0 1 481
90 0 1 481
91 0 1 481
92 0 1 481
93 0 1 481
94 0.375 1 481
95 0 1 481
96 0.46875 1 481
97 0.4375 1 481
98 0.25 1 481
99 0 1 481
0 -0.375 1 541
1 -0.25 1 541
2 -0.015625 1 541
3 -0.0625 1 541
4 -0.375 1 541
5 0 1 541
6 -0.5 1 541
7 -0.125 1 541
8 -0.5 1 541
9 -0.5 1 541
11 0 1 541
12 -0.5 1 541
13 -0.25 1 541
14 -0.5 1 541
15 -0.5 1 541
16 -0.375 1 541
17 -0.375 1 541
18 -0.375 1 541
19 -0.25 1 541
20 -0.5 1 541
21 -0.5 1 541
22 -0.5 1 541
23 -0.25 1 541
24 -0.5 1 541
25 0 1 541
26 0 1 541
27 -0.0625 1 541
28 -0.5 1 541
29 -0.5 1 541
30 0.625 1 541
31 0.6875 1 541
32 0.742188 1 541
33 0.375 1 541
34 0.746094 1 541
35 0.871094 1 541
36 0.742188 1 541
37 0 1 541
38 0.4375 1 541
39 0 1 541
40 0 1 541
41 0 1 541
42 0 1 541
43 0 1 541
44 0 1 541
45 0 1 541
46 0 1 541
47 0 1 541
48 0 1 541
49 0.25 1 541
50 0.4375 1 541
51 0.4375 1 541
52 0.375 1 541
53 0 1 541
54 0.375 1 541
55 0.25 1 541
56 0 1 541
57 0 1 541
58 0.25 1 541
59 0 1 541
60 0.25 1 541
61 0 1 541
62 0.25 1 541
63 0 1 541
64 0.25 1 541
65 0 1 541
66 0.25 1 541
67 0.4375 1 541
68 0.25 1 541
69 0 1 541
70 0 1 541
71 0 1 541
72 0.375 1 541
73 0 1 541
74 0.25 1 541
75 0 1 541
76 0.25 1 541
77 0.25 1 541
78 0.375 1 541
79 0.25 1 541
80 0.492188 1 541
81 0 1 541
82 0 1 541
83 0 1 541
84 0.4375 1 541
85 0 1 541
86 0.25 1 541
87 0 1 541
88 0 1 541
89 0 1 541
90 0 1 541
91 0 1 541
92 0.25 1 541
93 0 1 541
94 0.375 1 541
95 0 1 541
96 0.46875 1 541
97 0.4375 1 541
98 0.25 1 541
99 0 1 541
0 -0.375 1 601
1 -0.25 1 601
2 -0.015625 1 601
3 -0.0625 1 601
4 -0.375 1 601
5 0 1 601
6 -0.5 1 601
7 -0.125 1 601
8 -0.5 1 601
9 -0.25 1 601
11 -0.5 1 601
12 -0.5 1 601
13 -0.25 1 601
14 -0.5 1 601
15 -0.5 1 601
16 -0.375 1 601
17 -0.375 1 601
18 -0.375 1 601
19 -0.25 1 601
20 -0.5 1 601
21 -0.5 2 601
22 -0.5 1 601
23 -0.25 1 601
24 -0.5 1 601
25 0 1 601
26 0 1 601
27 -0.0625 1 601
28 -0.5 1 601
29 -0.5 1 601
30 0.625 1 601
31 0.6875 1 601
32 0.742188 1 601
33 0.375 1 601
34 0.746094 1 601
35 0.871094 1 601
36 0.742188 1 601
37 0 1 601
38 0.4375 1 601
39 0.748047 1 601
40 0 1 601
41 0 1 601
42 0 1 601
43 0 1 601
44 0 1 601
45 0 1 601
46 0 1 601
47 0 1 601
48 0 1 601
49 0.25 1 601
50 0.4375 1 601
51 0.4375 1 601
52 0.375 1 601
53 0 1 601
54 0.375 1 601
55 0.25 1 601
56 0 1 601
57 0 1 601
58 0.25 1 601
59 0 1 601
60 0.25 1 601
61 0 1 601
62 0.25 1 601
63 0 1 601
64 0.25 1 601
65 0 1 601
66 0.25 1 601
67 0.4375 1 601
68 0.25 1 601
69 0 1 601
70 0 1 601
72 0.375 2 601
73 0 1 601
74 0.25 1 601
75 0 1 601
76 0.25 1 601
77 0.25 1 601
78 0.375 1 601
79 0.25 1 601
80 0.492188 1 601
81 0 1 601
82 0 1 601
83 0 1 601
84 0.4375 1 601
85 0 1 601
86 0.25 1 601
87 0 1 601
88 0.492188 1 601
89 0 1 601
90 0 1 601
91 0 1 601
92 0.25 1 601
93 0 2 601
94 0.375 1 601
95 0 1 601
96 0.46875 1 601
97 0.46875 1 601
98 0.25 1 601
99 0 1 601
