6 0.03023085594 0 2 21.557709352452
46 0.029868999998 0 2 25.557348232836
38 0.030099999997 0 2 25.557579061247
57 0.030090829268 0 2 29.557568470637
15 0.029863669212 0 2 41.557342196787
61 0.030055669211 0 2 41.557534182631
85 0.030038473723 0 2 43.55751699851
45 0.029944956316 0 2 46.557423663198
63 0.029893442108 0 2 47.557378645287
95 0.02991439093 0 2 48.557392911193
25 0.030099840024 0 2 50.557577407164
62 0.029868999998 0.25 2 54.557353264336
39 0.030086999997 0 2 54.557571270217
71 0.029904638233 0 2 57.557388779804
49 0.030050151443 -0.25 1 59.557533651924
69 0.030049065824 0 1 60.557533070726
79 0.030107703007 0 1 64.557594924032
15 0.029870456228 0 1 65.557357301958
8 0.030075456227 0 1 65.557562490237
26 0.029886133847 0 1 67.557367946835
60 0.030091133846 0 1 67.557572960749
95 0.029881725071 0 1 70.557366652923
65 0.029916413828 0 1 71.557393822451
53 0.03004309278 0 1 73.557523006283
24 0.030107642295 0 1 77.557591013324
29 0.029851957977 0 1 79.557331688345
49 0.030002945347 -0.25 1 81.557481633928
96 0.029894470491 0 1 90.55737530983
75 0.030220288054 0 1 91.557697930502
27 0.030425288053 0 1 91.557902663597
87 0.030695288052 0 1 91.558172690573
17 0.030259033364 0 1 92.557742450525
61 0.030004761108 0.25 1 94.557482302913
3 0.030287761107 0 1 94.557765426048
35 0.030135218689 0 1 97.557613890656
69 0.030028395883 0.625 1 100.557507062288
70 0.030074314979 0.625 1 107.557552186896
4 0.030081927029 0 1 111.557569862559
0 0.029998444736 0 1 115.557477134408
80 0.029843445666 0 1 117.557331676932
16 0.030000284204 0 1 120.557488648874
3 0.030012056398 0.25 1 121.557490677655
79 0.030256056397 0.625 1 121.557734543863
69 0.030243004851 0.859375 1 122.557732156823
24 0.030165497568 0.499512 1 124.557647965132
18 0.029940521303 0 1 125.557422359108
93 0.030223521302 0 1 125.557705357174
58 0.030106277106 0.625 1 128.55758827227
86 0.030036704221 0 1 129.557514936634
13 0.029997378327 0 1 130.557476049762
50 0.029906658329 0.8125 1 136.557384738468
97 0.030163658328 0 1 136.557641752194
0 0.029919982018 0 1 137.557401825109
17 0.030189982017 0 1 137.557671905751
80 0.029821359855 0.4375 1 139.55730556296
16 0.030017572346 0.4375 1 142.55750104552
45 0.02994169289 -0.125 1 143.557423611424
54 0.030024935067 0.8125 1 146.55750857721
48 0.029972273055 -0.375 1 151.557457495286
44 0.030069219735 -0.375 1 153.557551425104
88 0.029898251456 0 1 158.557374767077
38 0.030025711028 0.25 1 161.557504413576
6 0.030017160056 0 1 162.557505144994
57 0.030171572868 0.25 1 164.55765251022
33 0.030112835429 0 1 167.557593509265
20 0.029853016312 0 1 170.557333572738
51 0.030136016311 0.25 1 170.557616453338
99 0.029871785467 0.25 1 171.557350204243
66 0.030110655909 0.375 1 174.557589030125
93 0.030014173917 0.4375 1 181.557499989963
38 0.02996074182 0.25 1 183.55743879081
57 0.030063999998 0.6875 1 186.557542166065
68 0.029947819089 0.375 1 187.557433902188
67 0.029884214551 0.375 1 191.557370957141
30 0.03008921455 0.25 1 191.557575930465
99 0.029902747561 0.484375 1 193.557388629913
69 0.030106423305 0.859375 1 195.557585117132
64 0.030045719763 0.375 1 199.557526780441
29 0.029935311466 0 1 203.557422196587
62 0.029896298811 0.625 1 205.557374987466
46 0.029826999999 -0.375 1 208.557305688753
81 0.030099903324 0 1 209.557583431606
32 0.029857277541 0 1 210.557344702119
40 0.029936825307 -0.0625 1 211.557415487928
12 0.030010600042 0.25 1 213.557497916528
41 0.029959871819 -0.375 1 215.557442989538
96 0.029879468386 0 1 217.557358157013
15 0.029842999998 0 1 223.557328053659
73 0.029960836589 0.6875 1 226.557445739295
3 0.030204836588 0.25 1 226.557689630814
74 0.030396836587 0.6875 1 226.557881643574
88 0.029846964703 0.25 1 232.557331700946
17 0.030075942901 0 1 237.55755793751
29 0.029890792341 0.484375 1 241.557378137567
28 0.029892389586 0 1 244.557376978693
91 0.030136389585 0.375 1 244.557620823232
27 0.030419389584 0 1 244.557903795566
56 0.029844628749 0.8125 1 246.55733168464
75 0.030088658045 0.8125 1 247.557573169452
10 0.029966809216 0 1 248.557449793082
80 0.02990909002 0.4375 1 250.557393560488
55 0.030011999998 0.875 1 256.557497868167
84 0.029855552185 0 1 258.55734468924
31 0.029957599649 0 1 259.557443341964
40 0.029916907148 -0.0625 1 262.557402492596
32 0.029820142543 0 1 265.557305694607
9 0.030013131742 0.375 1 269.557497032428
43 0.030099947657 -0.25 1 272.557588321188
64 0.030037999998 0.968262 1 276.557526725779
79 0.030115785605 0.90625 1 277.557594946214
90 0.029922576038 0 1 285.557411018665
51 0.02998958566 0.6875 1 288.557478007624
17 0.030065492261 0 1 289.557544872498
82 0.029958325735 0 1 291.557441320376
14 0.029941773158 0 1 295.557420169805
8 0.029928892804 0.375 1 297.557411681507
19 0.029870013956 0 1 299.557348701909
50 0.030075013955 0.953125 1 299.557553689063
83 0.030171156235 0.375 2 300.557650804028
84 0.029886898173 0.25 2 301.557366278505
55 0.030117898172 0.980469 2 301.557597570302
52 0.029979591536 0.71875 2 302.557458283358
58 0.030197591535 0.921875 2 302.557676292479
92 0.030009061204 0 2 303.55749706427
32 0.029834791798 0.492188 2 305.557318676322
66 0.030101319864 0.484375 2 306.557589091665
90 0.029951706148 0.498047 2 307.557436805673
70 0.030010530616 0.875 2 309.557487180976
42 0.029924210143 -0.25 2 310.557409556391
17 0.03006098282 0.46875 2 311.557544322054
76 0.029899130303 0.84375 2 314.557382716965
14 0.02989733956 0 2 317.557380657585
19 0.029835810869 0 2 321.55731846495
81 0.030155291611 0 2 322.557635426636
10 0.029876210071 0.25 2 324.557358703756
82 0.029919751742 0.4375 2 327.557402315334
98 0.029964605691 0.25 2 333.557444722112
28 0.029896660071 0.492188 2 339.55738440537
27 0.030050999998 0 2 341.557534277818
74 0.030074415131 0.71875 2 342.557562024471
35 0.030089913161 0.25 2 343.557574880364
6 0.030030087661 0.4375 2 350.557518167288
7 0.030106199729 0 2 351.557595288302
75 0.030088428524 0.9375 2 358.557573168848
98 0.029998583584 0.4375 2 361.557483169148
80 0.029848588488 0.498047 2 365.557328478494
3 0.030092588487 0.375 2 365.557572454065
74 0.030362588486 0.867188 2 365.557842501934
35 0.030606588485 0.25 2 365.558086479096
8 0.029923379079 0.375 2 369.557411648369
6 0.030016953784 0.46875 2 372.557505194236
7 0.030078751274 0 2 373.557557157413
81 0.030143706081 0 2 374.557622345446
58 0.030074698104 0.929688 2 375.55756226454
94 0.029830094568 0 2 376.557314175491
84 0.030100094567 0.46875 2 376.557584200014
21 0.029972999998 0.25 2 377.557450040156
52 0.02995262292 0.960938 1 381.557439938415
90 0.030004975312 0.498047 1 382.557488937821
36 0.030019871444 0.25 1 386.557500942277
23 0.030237871443 0 1 386.55771894846
54 0.030070837199 0.982422 1 394.557547600784
59 0.029940143191 0.492188 1 396.557417899814
60 0.030089999998 0.742188 1 397.55757589093
22 0.030109803607 0.375 1 403.557595466453
75 0.030180564502 0.991943 1 404.557664186566
1 0.030056103857 0.25 1 411.557533489484
67 0.029886596663 0.867188 1 415.557365288003
77 0.029991374647 0.929688 1 421.557476167989
3 0.030248374646 0.4375 1 421.557732887073
13 0.030013778609 0.4375 1 423.557502043298
75 0.030162670908 0.995972 1 426.557650991724
78 0.030119060493 0.976562 1 429.557595888871
32 0.029865614223 0.499023 1 430.557352878678
67 0.029835080871 0.871094 1 437.557318581666
84 0.02994305249 0.496094 1 448.557421234758
89 0.030113797723 0 1 453.557592491832
34 0.029894282046 0 1 456.557372812552
47 0.030151282045 -0.5 1 456.557629833748
97 0.029921375303 0.375 1 458.557404304315
1 0.030191375302 0.46875 1 458.557674292136
40 0.02993683548 -0.0625 1 459.557415508274
17 0.030069810083 0.46875 1 471.557550688577
96 0.029862579256 0.375 1 472.557342177117
68 0.030119579255 0.492188 1 472.557599173428
35 0.030094159976 0.25 1 474.557574925574
14 0.029893612129 0 1 479.557381237297
34 0.029895818182 0.25 1 481.557382873245
77 0.030152818181 0.997925 1 481.557639711577
1 0.03038381818 0.46875 1 481.557870804905
51 0.029951285572 0.742188 1 482.557439038856
92 0.030018385201 0.25 1 488.55749705389
72 0.0299356944 0.980469 1 492.557413316727
7 0.030192694399 0 1 492.557670330389
73 0.029972999998 0.964844 1 504.557457537806
94 0.029877387974 0.25 1 509.557356062821
24 0.030106738436 0.499512 1 513.557591008222
46 0.029909616761 -0.5 1 524.557391887342
55 0.030015881508 0.994141 1 528.557497898489
2 0.029910218142 0 1 529.557394277361
86 0.030095994973 0.25 1 532.557579919036
52 0.029969208141 0.964844 1 538.557452927125
97 0.029895021953 0.375 2 540.557381026703
88 0.029903373945 0.492188 2 541.557387108972
7 0.030134373944 0 2 541.557617888035
66 0.030115957943 0.998993 2 543.557602081229
11 0.030121024643 0 2 547.557605033898
49 0.02998288553 -0.25 2 548.557468624408
94 0.029903400026 0.25 2 552.557382086925
67 0.029855891345 0.874023 2 553.557344663005
9 0.030089317166 0.375 2 554.557575030488
90 0.030023299416 0.498047 2 558.557501988695
97 0.029897660103 0.4375 2 562.557380659377
39 0.030036388685 0.4375 2 563.557522243482
60 0.03010293161 0.982422 2 566.557588950094
21 0.0300292508 0.4375 2 583.55751496807
72 0.029873780153 0.996094 2 586.557359648285
93 0.030021895356 0.4375 2 592.557500573045
36 0.03009357251 0.46875 2 601.557572266919
68 0.029903222231 0.499023 2 604.55738189656
5 0.029956138942 0 2 605.557444794026
