6 0.03023085594 0 2 21.557709352452
46 0.029957249539 0 2 27.557444365986
38 0.030162249538 0 2 27.557649211505
57 0.030006771066 0 2 29.557486618915
15 0.030100481162 0 2 43.557581024437
85 0.029891027167 0 2 44.557372871091
61 0.030135027166 0 2 44.557616917296
45 0.02994499332 0 2 46.557421455122
63 0.029908787497 0 2 47.557390683572
95 0.02998457904 0 2 48.557463099303
25 0.030191755269 0 2 50.557668407164
71 0.029957050201 0 2 57.557441191772
39 0.030051196716 0 2 58.557532326714
62 0.030295196715 0 2 58.557776330941
49 0.030046521604 0 2 59.557523098755
69 0.029847665721 0 2 60.557331670623
8 0.029927692163 0.25 2 63.557411662797
79 0.03001278404 0 2 64.557494499027
15 0.02991567839 0.25 2 65.557398713734
26 0.029818424689 0 2 70.557302120414
95 0.030075424688 0 2 70.557558963019
60 0.030280424687 0 2 70.55776413399
65 0.030071259721 0 2 71.557549433834
53 0.030095331136 0 2 73.557573411849
24 0.030076999998 0 2 77.557565013324
29 0.029931804802 0 1 79.557409182405
49 0.030031392178 -0.25 1 81.557510080759
87 0.029848566667 0 1 85.557326259747
27 0.030053566666 0 1 85.557531244951
17 0.030151382894 0 1 90.557632292114
61 0.029821996799 0 1 91.557301485691
3 0.030208996798 0.25 1 91.557688658522
96 0.029953053533 0 1 94.557437235622
75 0.030184053532 0 1 94.55766834284
35 0.03009849662 0 1 97.557574890656
69 0.029871841883 0.234375 1 100.557348212929
70 0.030075622101 0 1 107.557562742948
4 0.030022926833 0.25 1 111.557504862559
0 0.030011444736 0 1 115.557490134408
80 0.029928630297 0 1 117.557408336389
16 0.030013284204 0 1 120.557501648874
18 0.030319160135 0.25 1 122.557797865745
93 0.029864211675 0 1 123.557351213572
79 0.030108211674 -0.375 1 123.557594964312
24 0.030127275074 0.75 1 124.557604013246
58 0.030134330225 0.8125 1 128.557622151645
86 0.030047781593 0 1 129.557536139045
13 0.030012582402 0.8125 1 130.557489049762
97 0.029966331804 0 1 136.557442781597
50 0.030223331803 0 1 136.557699767869
0 0.0299472031 0 1 138.557427825226
17 0.030178203099 0.375 1 138.557658816073
80 0.029867922831 0.499939 1 139.55734456296
16 0.030074663913 0 1 142.55755304552
45 0.029920562272 0 1 143.557408403348
54 0.029825447028 0.859375 1 146.557305667801
48 0.030038312485 0.25 1 151.557517000677
44 0.030120058839 0.25 1 153.557601822329
88 0.030010580003 0 1 158.557489258048
38 0.029973711028 0.375 1 161.557452413576
6 0.030024335833 0 1 162.557505144994
57 0.030158572868 0 1 164.55763951022
20 0.02988425213 0 1 167.55737262238
51 0.030167252129 0 1 167.557655489561
33 0.030411252128 0.375 1 167.557899509263
99 0.029946999998 -0.125 1 171.557435012768
66 0.029876472391 0.25 1 174.557364325049
93 0.029869118499 0.935547 1 181.557347904292
38 0.029990396925 0.875 1 183.55747779081
57 0.030050874132 0.25 1 186.557538314343
68 0.030002376576 0.625 1 187.557489050534
20 0.029843999859 0.25 1 189.557331606339
67 0.029896164627 0 1 191.557383957141
30 0.030179164626 0.46875 1 191.557666930465
99 0.029911426868 -0.125 1 193.557395438438
69 0.029899464302 0.124878 1 195.557387267773
64 0.030014007417 0.375 1 199.55749124605
29 0.02991750115 -0.125 1 203.557396196587
62 0.030135107949 0 1 205.557613796604
46 0.030003280047 0 1 208.557486278383
81 0.030133536963 0 1 209.557612219408
32 0.02982090381 0 1 210.557305702119
40 0.029910825307 0.375 1 211.557389487928
12 0.029987579567 0.46875 1 213.557471916528
41 0.02998894628 0 1 215.557468989538
96 0.030000539751 0 1 217.557479228378
15 0.029839795459 0.4375 1 223.557318478406
73 0.029850073413 0.4375 1 226.557328739295
3 0.030055073412 0.921875 1 226.557533630814
74 0.030338073411 0.6875 1 226.557816643574
88 0.030023602905 0.4375 1 232.557502303852
17 0.030017734863 0.375 1 237.55750593751
29 0.029849788375 -0.25 1 241.557328396665
28 0.029873047879 0.4375 1 244.557351721796
91 0.030078047878 0 1 244.557556566335
27 0.030335047877 0.25 1 244.557813538669
56 0.029942289917 0.25 1 246.557424744115
75 0.030028725993 0 1 247.557507403276
10 0.029875809216 0.25 1 248.557358793082
80 0.02987766351 0.499969 1 250.557356344497
55 0.0300919226 0 1 256.55757061236
84 0.030130992832 0.875 1 258.557609492037
31 0.029938644573 0.492188 1 259.557417341964
40 0.029936827641 0.46875 1 262.557415492596
32 0.029839999999 0.25 1 265.557318694607
9 0.029999767704 -0.5 1 269.557484032428
43 0.030085077943 0.8125 1 272.557562321188
64 0.029938278801 0.90625 1 276.557426191388
79 0.029978990034 -0.375 1 277.557455521209
90 0.030115398868 0.4375 1 285.557601394549
51 0.029986790543 0.46875 1 288.557472727566
17 0.030094156133 0.375 1 289.557570872498
82 0.030057947843 0 1 291.557538462109
14 0.029897001536 0.875 1 295.557381169805
8 0.029910518958 0.46875 1 297.557398681507
83 0.030118529343 0.6875 1 301.557603728294
55 0.030336529342 0.375 1 301.557821778772
84 0.030606529341 0.9375 1 301.558091486973
50 0.030326880966 0.25 1 303.557807864185
92 0.030064238058 0 1 305.557548030068
66 0.030333229972 0.25 1 306.557814345239
32 0.029852688854 0.46875 1 307.557331750982
19 0.030109688853 -0.25 1 307.55758853957
52 0.030392688852 0 1 307.557871635105
90 0.030088619856 0.4375 1 308.55757233606
58 0.030345619855 0.982422 1 308.557829134819
70 0.029982793599 0 1 309.557471737028
42 0.029925157004 0.25 1 310.557409556391
17 0.03006098282 0.375 1 311.557544322054
76 0.029991230304 0 1 314.557474816966
14 0.02991033956 0.976562 1 317.557393657585
81 0.030067079413 0.25 1 322.557547214438
10 0.029883719329 0.4375 1 324.557371703756
82 0.030100027728 0.25 1 327.557577457067
98 0.029881999998 0.960938 1 333.557360900166
28 0.029880872269 0.484375 1 339.55735840537
27 0.030037999998 0.25 1 341.557521277818
74 0.030017331945 0.84375 1 342.557501942252
35 0.030165625353 0.25 1 343.557652880364
6 0.029991087661 0.25 1 350.557479167288
7 0.030044626335 0 1 351.557530288302
75 0.030041725691 0.4375 1 358.557520402672
98 0.029852999999 0.991699 1 361.557331400351
35 0.030079005765 0.492188 1 365.557558896376
3 0.030297005764 0.984375 1 365.557776871342
80 0.029916023664 0.499992 1 366.557395240079
8 0.029896300047 0.859375 1 369.557385648369
6 0.030044270598 0.375 1 372.557531194236
94 0.029866960616 0.484375 1 373.557345626933
84 0.030344960615 0.953125 1 373.557823652394
81 0.030369449853 0.25 1 375.557853053654
58 0.030336592192 0.982422 1 377.557813523697
21 0.029981440096 0.25 1 379.557460055255
7 0.030199440095 0 1 379.557677846234
52 0.029974359292 0 1 381.557457946608
90 0.030083649863 0.46875 1 382.557562313705
36 0.030053725382 0 1 389.557530289851
23 0.030336725381 0.990234 1 389.557813294137
54 0.029813999999 0.983887 1 394.557292679588
59 0.029993584998 -0.25 1 396.557479458362
60 0.029947055774 0 1 397.557427465167
22 0.030141265792 0.375 1 403.557621466453
75 0.02998973455 0.4375 1 404.55746842039
1 0.02996628941 0.25 1 411.557455489484
67 0.029865999999 0.25 1 415.557344691339
77 0.030016396271 0 2 421.557499304815
3 0.03029939627 0.992188 2 421.557782023899
13 0.030025461145 0.96875 2 423.557502043298
75 0.030005904732 0.4375 2 426.557494225548
78 0.02985485295 0.859375 2 429.557331681328
32 0.029839999999 0.46875 2 430.5573186734
67 0.029946443522 0.25 2 437.557429944317
84 0.030143787039 0.976562 2 448.557622460523
89 0.030102375391 -0.25 2 454.557581024565
34 0.029848960685 0.871094 2 455.557326974247
47 0.030131960684 0 2 455.557609995723
97 0.029955218189 0.375 2 458.557443049021
1 0.030173218188 0.25 2 458.557661036842
40 0.029987281953 0.46875 2 459.557467508274
17 0.030242881448 0.46875 2 471.557723759942
68 0.030009406008 0.742188 2 472.557486093606
96 0.030279406007 0 2 472.557756097293
35 0.030133159976 0.492188 2 474.557613925574
14 0.029990032227 0.988281 2 479.557472237297
34 0.029883570266 0.871094 2 481.557369682123
1 0.030166570265 0.25 2 481.557652613784
77 0.030423570264 0.496094 2 481.557909520454
51 0.030011005514 0.499878 2 482.557498758798
92 0.029926070027 0.375 2 488.557406209472
7 0.030041495681 0.4375 2 496.55752738849
72 0.03028549568 0.375 2 496.557771373583
73 0.029852999999 0.976562 2 504.557331664563
94 0.029912714282 0.873047 2 509.557393824851
24 0.030164307211 0.873047 2 513.557643008222
46 0.029985595114 0.484375 2 524.557473260783
55 0.030082848052 0.375 2 528.557570642682
2 0.029954595187 0 2 529.557433277361
86 0.030083440449 0.25 2 532.557562121447
52 0.030005234744 0.25 2 538.557483935318
97 0.029964114731 0.4375 2 540.557445771409
66 0.029926282318 0.375 2 543.557408414351
88 0.030118282317 0.983398 2 543.557600324981
7 0.030310282316 0.4375 2 543.557792148749
11 0.030089999998 0.375 2 547.557579033898
49 0.030057387418 -0.0078125 2 548.557536071239
94 0.029865999999 0.935547 2 552.557344686898
67 0.029889335335 0.25 2 553.557378106995
9 0.030018347076 -0.5 2 554.557497030488
90 0.0300966753 0.484375 1 558.557575364579
97 0.029969831903 0.4375 1 562.557458404083
39 0.030134580964 -0.25 1 563.557613243482
60 0.02989683273 0.4375 1 566.557375524331
21 0.030049298646 0.25 1 583.55752796807
72 0.030170448344 0.375 1 586.557649140758
93 0.029895809685 0.995605 1 592.557374487374
36 0.03006757251 0.4375 1 601.557546266919
68 0.030011999998 0.874023 1 604.557489044906
5 0.02998974262 0 1 605.557470794026
