6 0.03023085594 0 2 21.557709352452
46 0.029868999998 0 2 25.557348232836
38 0.030099999997 0 2 25.557579061247
57 0.030090829268 0 2 29.557568470637
15 0.029922593398 0 2 41.557400685892
61 0.030179593397 0 2 41.557657671736
85 0.030050999998 0 2 43.557530959945
45 0.029865639744 0 2 46.557345663198
63 0.030099562509 0 2 47.557577517025
95 0.030024999998 0 2 48.557501385286
25 0.03013292417 0 2 50.557616407164
62 0.029977021865 0 2 55.55745717434
39 0.030169021864 0 2 55.557649180003
71 0.03006866548 0 2 57.557552696787
49 0.030063041968 0 2 59.557546651924
69 0.029965818826 0 2 60.557444819917
15 0.029907105907 0 2 63.557385365719
8 0.029892332332 0 2 64.557379520616
79 0.030110332331 0 2 64.557597553356
26 0.029903121925 0 2 67.557380946835
60 0.030147121924 0 2 67.557624960749
95 0.029995227796 0 2 70.557475127016
65 0.029866492782 0 2 71.557344666895
53 0.03012109278 0 2 73.557601006283
24 0.030076999998 0 2 77.557565013324
29 0.029864957977 0 2 79.557344688345
49 0.030008484044 0 1 81.557494633928
27 0.030209230373 0 1 90.557696942796
75 0.029914758906 0 1 91.557397906521
61 0.030470758905 0.25 1 91.557953757103
17 0.030244669314 0 1 92.557733451214
96 0.030475669313 0 1 92.557964382387
87 0.030025636255 0 1 94.557502209265
3 0.030282636254 0 1 94.557759381946
35 0.030085438857 0 1 97.557561890656
69 0.02995546121 0.6875 1 100.557444811479
70 0.029863847717 0.6875 1 107.557352713326
4 0.030057669874 0 1 111.557543862559
0 0.029933444736 0 1 115.557412134408
80 0.030091001664 0 1 117.557569850648
16 0.030017611837 0 1 120.557501648874
79 0.030196623685 0.75 1 123.55767324338
24 0.030165497568 0.125 1 124.557647965132
18 0.029919777793 0 1 126.55739760383
93 0.030124777792 0 1 126.557602601273
58 0.030119402109 0 1 128.55760127227
86 0.030042724689 0 1 129.557528170213
13 0.029983710394 0 1 130.557463049762
97 0.029912191667 0 1 136.55739145521
50 0.030169191666 0 1 136.557648441482
0 0.029925948514 0.375 1 137.557414825109
17 0.030182948513 0.375 1 137.557671905751
80 0.030100253281 0.4375 1 139.557582622704
16 0.029990382962 0.4375 1 142.55747504552
45 0.02994169289 0 1 143.557423611424
54 0.030024935067 0.25 1 146.55750857721
48 0.029946273055 0 1 151.557431495286
44 0.030160219735 0 1 153.557642425104
88 0.030052714375 0.25 1 158.557529229996
38 0.029973711028 0.375 1 161.557452413576
6 0.029991160056 0 1 162.557479144994
57 0.030202524602 0 1 164.557683461954
20 0.029878835429 -0.375 1 167.55735962238
33 0.030008049078 0.375 1 168.557495970077
51 0.030265049077 0 1 168.557752951601
99 0.030118858184 0 1 171.557604447907
66 0.029951294898 0.375 1 174.557436723495
93 0.030074536551 0 1 181.557553322344
38 0.029953472974 0.75 1 183.55743879081
57 0.030095668454 0.375 1 186.557581166065
68 0.030180548651 0.625 1 187.557659610018
20 0.029840138845 -0.375 1 189.557318606339
99 0.030375021357 0.484375 1 193.557861190364
30 0.030110541234 0.625 1 194.557589075381
67 0.030367541233 0.4375 1 194.557846101039
69 0.030024999998 0.8125 1 195.557509866323
64 0.029912664651 0.375 1 199.55740091117
29 0.02994350115 0 1 203.557422196587
62 0.030052006417 0.375 1 205.557540282062
46 0.02981863171 0 1 208.557305688753
81 0.030013862072 0 1 209.557491826182
32 0.029809411435 0.25 1 210.557292702119
40 0.029941350312 0.25 1 211.557428487928
12 0.029988368248 0.4375 1 213.557471916528
41 0.029929925985 0.4375 1 215.557416989538
96 0.030056999744 0 1 217.557533608524
3 0.030101680036 0.4375 1 223.557578486506
15 0.029856243015 0 1 224.557337664098
74 0.030100243014 0.4375 1 224.55758168538
73 0.030137601468 0.625 1 226.557621021925
88 0.03005997116 0.484375 1 232.5575422758
17 0.030062556401 0.375 1 237.55754493751
29 0.029847529277 -0.0625 1 241.557326137567
28 0.02982789969 -0.375 1 244.557306573607
91 0.030071899689 0.4375 1 244.557550418146
27 0.030341899688 -0.03125 1 244.55782039048
56 0.029922533562 0.375 1 246.557410732038
75 0.029894999998 0.625 1 247.557378451122
10 0.029885594793 0 1 248.557371793082
80 0.030086538275 0.46875 1 250.557569858756
55 0.029933999998 0 1 256.557419868167
84 0.029842552185 0 1 258.55733168924
31 0.029926646405 0.71875 1 259.557404341964
40 0.030003015279 0.4375 1 262.557480492596
32 0.029875412143 0.375 1 265.557352921092
9 0.030071124512 0 1 269.557549032428
43 0.030143077568 0.25 1 272.557627321188
64 0.029883178476 0.875 1 276.557361856508
79 0.03009541493 0.90625 1 277.557574575539
90 0.029868999998 0 1 285.557353273178
51 0.029980897438 0.25 1 288.557465007624
17 0.030026492261 0.4375 1 289.557505872498
82 0.03004957944 0 1 291.557537625314
14 0.029991888383 0.25 1 295.557472169805
8 0.02992422407 0.375 1 297.557411681507
19 0.029857013956 0.25 1 299.557335701909
50 0.030062013955 0.46875 1 299.557540689063
83 0.030095873716 0.25 1 300.557576765345
84 0.029942576818 0.492188 1 301.55742195715
55 0.030212576817 0 1 301.557692248947
52 0.029992591536 0.25 1 302.557471283358
58 0.030210591535 0.25 1 302.557689292479
92 0.029943434605 0.375 1 303.557425497919
32 0.029875016485 0.46875 1 305.557352884522
66 0.029967667033 0.46875 1 306.557449785035
90 0.029930984888 0.375 1 307.557418060186
70 0.029893406082 0.875 1 309.557378707406
42 0.02983166911 0 1 310.55731868052
17 0.030092999319 0.499939 1 311.557570322054
76 0.029905840273 0.84375 1 314.557383396577
14 0.029960846513 0.25 1 317.557445657585
19 0.029809810869 0.4375 1 321.55729246495
81 0.030064451221 0 1 322.557543821212
10 0.029896296246 0.25 1 324.557384703756
82 0.030029059526 0.492188 1 327.557511620272
98 0.029930208111 0 1 333.557416568093
28 0.029824667743 -0.5 1 339.557305674065
27 0.030120749426 -0.03125 1 341.557599277818
74 0.029940565613 0.46875 1 342.557428725045
35 0.030134207063 0.484375 1 343.557613880364
6 0.030009901119 0.4375 1 350.557492167288
7 0.03004702598 0.25 1 351.557530288302
75 0.029920999998 0.90625 1 358.557404450518
98 0.029971974365 0 1 361.557455015129
3 0.030079640513 0.46875 1 367.557562666631
80 0.030323640512 0.499023 1 367.557806690743
8 0.029897379079 0.375 1 369.557385648369
6 0.030003953784 0.484375 1 372.557492194236
84 0.029944289077 0.492188 1 373.557423650808
7 0.030279289076 0.4375 1 373.557758365167
58 0.03023471162 0.375 1 375.557722930043
81 0.030022395739 0.4375 1 377.557501863045
21 0.030000558347 -0.5 1 379.557478105191
94 0.030244558346 0 1 379.557721903106
52 0.029977701124 0.25 1 381.557465938415
90 0.029865655262 0.4375 1 382.557344663841
36 0.03005032486 0.84375 1 386.557526942277
23 0.030294324859 -0.0625 1 386.55777094846
54 0.030055921195 0.4375 1 394.557534600784
59 0.029893103247 0.375 1 396.557378899814
60 0.030076999998 0.867188 1 397.55756289093
22 0.030143276851 -0.125 1 403.557621466453
75 0.029965493107 0.984375 1 404.557443468236
1 0.030030103857 0.25 1 411.557507489484
67 0.030154999998 0.867188 1 415.557643548511
77 0.029973543688 0.492188 1 421.557451031275
3 0.030178543687 0.484375 1 421.557655750359
13 0.030013778609 0.484375 1 423.557502043298
75 0.029876952578 0.984375 1 426.557365273394
78 0.03004845556 0.953125 1 429.557525283938
32 0.02987159404 0.484375 1 430.557352878678
67 0.03013382837 0.964844 1 437.557617329165
84 0.029881239919 0.492188 1 448.557359913403
89 0.030048339688 0.25 1 453.557529179561
34 0.029866269842 0.746094 1 456.557346812552
47 0.030149269841 0 1 456.557629833748
97 0.029942903242 0.4375 1 458.557430722634
1 0.030212903241 0.46875 1 458.557700710455
40 0.029921932543 0.4375 1 459.557402508274
96 0.030003105349 0.496094 1 470.55749042523
68 0.030286105348 0.867188 1 470.557773420101
17 0.030004988567 0.499969 1 471.557492878492
35 0.030087106579 0.988281 1 474.557574925574
14 0.029919612129 0.25 1 479.557407237297
34 0.029853789067 0.871094 2 481.557330682123
1 0.030123789066 0.484375 2 481.557600613784
77 0.030406789065 0.871094 2 481.557883520454
51 0.030016285572 0.25 2 482.557504038856
92 0.02994681885 0.484375 2 488.557425487539
72 0.030016981897 0.964844 2 496.5575028598
7 0.030273981896 0.4375 2 496.557759874705
73 0.030051354725 0.935547 2 504.557530019289
94 0.030127656506 0.484375 2 509.557608426651
24 0.030086307211 -0.125 2 513.557565008222
46 0.029909616761 0.375 2 524.557391887342
55 0.029993193568 0.375 2 528.557471898489
2 0.02997344693 0 2 529.557459277361
86 0.030003457267 0.25 2 532.557489152615
52 0.029980348421 0.25 2 538.557465927125
97 0.029934440272 0.4375 2 540.557420445022
88 0.030275897675 0.499512 2 544.557761406931
66 0.02997910609 0.498047 2 545.55745979489
7 0.030262106089 0.484375 2 545.557742591374
11 0.030145261512 0.375 2 547.557631033898
49 0.029982467211 0 2 548.557468624408
94 0.030155763856 0.498047 2 552.557634450755
67 0.030176214309 0.964844 1 553.557656491843
9 0.030036898847 0.4375 1 554.557523030488
90 0.029847446068 0.4375 1 558.557331689278
97 0.029963362376 0.4375 1 562.557446077696
39 0.030035970366 0.492188 1 563.557522243482
60 0.030102513291 0.967773 1 566.557588950094
21 0.0299642508 -0.5 1 583.55744996807
72 0.030084932202 0.998047 1 586.557570800334
93 0.030049227737 0 1 592.557527905426
36 0.03000257251 0.873047 1 601.557481266919
68 0.030102930061 0.936523 1 604.55758160439
5 0.029977083044 0.25 1 605.557457794026
