6 0.03023085594 0 2 21.557709352452
46 0.029957249539 0 2 27.557444365986
38 0.030162249538 0 2 27.557649211505
57 0.030006771066 0 2 29.557486618915
15 0.030100481162 0 2 43.557581024437
85 0.029891027167 0 2 44.557372871091
61 0.030135027166 0 2 44.557616917296
45 0.02994499332 0 2 46.557421455122
63 0.029908787497 0 2 47.557390683572
95 0.02998457904 0 2 48.557463099303
25 0.030191755269 0 2 50.557668407164
71 0.029957050201 0 2 57.557441191772
39 0.030051196716 0 2 58.557532326714
62 0.030295196715 0 2 58.557776330941
49 0.030046521604 0 2 59.557523098755
69 0.029847665721 0 2 60.557331670623
8 0.029927692163 0.25 2 63.557411662797
79 0.03001278404 0 2 64.557494499027
15 0.02991567839 0.25 2 65.557398713734
26 0.029818424689 0 2 70.557302120414
95 0.030075424688 0 2 70.557558963019
60 0.030280424687 0 2 70.55776413399
65 0.030071259721 0 2 71.557549433834
53 0.030095331136 0 2 73.557573411849
24 0.030076999998 0 2 77.557565013324
29 0.029931804802 0 1 79.557409182405
49 0.030031392178 -0.25 1 81.557510080759
87 0.029848566667 0 1 85.557326259747
27 0.030053566666 0 1 85.557531244951
17 0.030151382894 0 1 90.557632292114
61 0.029821996799 0 1 91.557301485691
3 0.030208996798 0.25 1 91.557688658522
96 0.029953053533 0 1 94.557437235622
75 0.030184053532 0 1 94.55766834284
35 0.03009849662 0 1 97.557574890656
69 0.029871841883 0.21875 1 100.557348212929
70 0.030075622101 0 1 107.557562742948
4 0.030035926833 -0.25 1 111.557517862559
0 0.029998444736 0 1 115.557477134408
80 0.029876630297 0 1 117.557356336389
16 0.030078284204 0 1 120.557566648874
79 0.030358688183 -0.375 1 122.55783713514
24 0.03026222696 -0.125 1 124.557738965132
93 0.029869086185 0 1 127.557345473077
18 0.030100086184 0.375 1 127.557576476473
58 0.030134330225 0.625 1 128.557622151645
86 0.030125781593 0 1 129.557614139045
13 0.029973582402 0.375 1 130.557450049762
97 0.029914331804 0 1 136.557390781597
50 0.030171331803 0 1 136.557647767869
0 0.029927258436 0 1 137.557414825109
17 0.030197258435 0.375 1 137.557684905751
80 0.029892468316 0.498047 1 139.557369108445
16 0.030074663913 0 1 142.55755304552
45 0.029907562272 0 1 143.557395403348
54 0.029869681039 0.0625 1 146.557349901812
48 0.029999312485 0.25 1 151.557478000677
44 0.030172058839 -0.25 1 153.557653822329
88 0.029971580003 0 1 158.557450258048
38 0.029986711028 0.375 1 161.557465413576
6 0.030050335833 0 1 162.557531144994
57 0.030166131746 0 1 166.557651871477
20 0.02987125213 0.25 1 167.55735962238
33 0.030003939657 0.375 1 169.557482794501
51 0.030208939656 0 1 169.557687777974
99 0.029959999998 -0.125 1 171.557448012768
66 0.029889472391 0.25 1 174.557377325049
93 0.029869118499 0.921875 1 181.557347904292
38 0.029990396925 0.6875 1 183.55747779081
68 0.030015376576 0.375 1 187.557502050534
57 0.030024999998 0.25 1 188.557512482469
20 0.029843999859 0.375 1 189.557331606339
67 0.029857164627 0 1 191.557344957141
30 0.030114164626 0.375 1 191.557601930465
99 0.029989426868 -0.125 1 193.557473438438
69 0.029860464302 0.124512 1 195.557348267773
64 0.030001007417 -0.375 1 199.55747824605
29 0.029865999999 -0.125 1 203.557344695436
62 0.030161107949 0 1 205.557639796604
46 0.029942589629 0 1 208.557421278383
81 0.030068536963 0 1 209.557547219408
32 0.02982090381 0 1 210.557305702119
40 0.029936825307 0 1 211.557415487928
12 0.029961579567 0.4375 1 213.557445916528
41 0.02997594628 0 1 215.557455989538
96 0.029987539751 0 1 217.557466228378
3 0.030098752242 0.8125 1 224.557578799071
74 0.030076072929 -0.5 1 226.557554643092
15 0.029850250883 0.25 1 227.557331400953
73 0.030107250882 0.375 1 227.557588517065
88 0.029971602905 0.25 1 232.557450303852
17 0.030017734863 0.375 1 237.55750593751
91 0.030161941644 0 1 241.557640590185
29 0.029867548814 -0.25 1 242.557352048529
27 0.030111548813 0 1 242.557596062003
28 0.029905731155 0.4375 1 244.557384405072
56 0.029981289917 0 1 246.557463744115
75 0.030067725993 0 1 247.557546403276
10 0.029914809216 0 1 248.557397793082
80 0.02994266351 0.498047 1 250.557421344497
55 0.0300659226 0 1 256.55754461236
84 0.030156992832 -0.0625 1 258.557635492037
31 0.029899644573 0.375 1 259.557378341964
40 0.029949827641 0 1 262.557428492596
32 0.029874226484 0.375 1 265.557352921092
9 0.030090767704 -0.5 1 269.557575032428
43 0.030111077943 0.6875 1 272.557588321188
64 0.029942824283 -0.5 1 276.557426191388
79 0.030030990034 -0.375 1 277.557507521209
90 0.030128398868 0 1 285.557614394549
51 0.030051790543 0.25 1 288.557537727566
17 0.030055156133 0.375 1 289.557531872498
82 0.030057947843 0 1 291.557538462109
14 0.029988001536 -0.25 1 295.557472169805
8 0.029884518958 0.46875 1 297.557372681507
83 0.030069380547 0.375 1 300.557547482677
55 0.030079529343 0 1 301.557564778773
84 0.030349529342 -0.03125 1 301.557834486974
52 0.030322605365 0 1 303.557803737988
50 0.029878031277 0.25 1 304.557357054531
58 0.030382031276 0.90625 1 304.557861210915
92 0.030053971582 0 1 305.557537763592
66 0.030095818225 0.25 1 306.557576933492
32 0.029842394717 0.46875 1 307.557321456845
19 0.030099394716 -0.25 1 307.557578245433
90 0.030369394715 0.375 1 307.557848468268
70 0.030060793599 0 1 309.557549737028
42 0.029873157004 0 1 310.557357556391
17 0.03004798282 0.46875 1 311.557531322054
76 0.029978230304 0 1 314.557461816966
14 0.02998833956 -0.125 1 317.557471657585
81 0.030054079413 0 1 322.557534214438
10 0.029922719329 0 1 324.557410703756
82 0.030100027728 0.25 1 327.557577457067
98 0.029881999998 0.84375 1 333.557360900166
28 0.029841140964 0.484375 1 339.557318674065
27 0.030089999998 0 1 341.557573277818
74 0.030017331945 -0.5 1 342.557501942252
35 0.030087625353 0.25 1 343.557574880364
6 0.030017087661 0 1 350.557505167288
7 0.030044626335 0 1 351.557530288302
75 0.030002725691 0 1 358.557481402672
98 0.02990794685 0.929688 1 361.557386347202
3 0.030082588488 0.953125 1 365.557562454066
35 0.030365588487 0.46875 1 365.557845479098
80 0.029903023664 0.499512 1 366.557382240079
8 0.029922300047 0.988281 1 369.557411648369
6 0.029992270598 0.375 1 372.557479194236
94 0.029827960616 -0.5 1 373.557306626933
84 0.030318960615 -0.03125 1 373.557797652394
81 0.030086634727 0 1 375.557570238528
58 0.030323592192 0.921875 1 377.557800523697
21 0.029981440096 0.25 1 379.557460055255
7 0.030225440095 0 1 379.557703846234
52 0.030013359292 0.4375 1 381.557496946608
90 0.030148649863 0.375 1 382.557627313705
36 0.030035356892 0 1 385.557514032261
23 0.030227356891 0.96875 1 385.557706038734
54 0.029871245797 -0.0078125 1 394.557349925386
59 0.029980584998 -0.25 1 396.557466458362
60 0.029882055774 0 1 397.557362465167
22 0.030154265792 0.25 1 403.557634466453
75 0.03001573455 0 1 404.55749442039
1 0.03004428941 0 1 411.557533489484
67 0.029907999998 0 1 415.557391163663
77 0.029994610477 0 1 421.557473304815
3 0.030264610476 0.980469 1 421.557743023899
13 0.029986461145 0.742188 1 423.557463043298
75 0.030018904732 0 1 426.557507225548
78 0.029891367198 0.859375 1 429.557368195576
32 0.029813999999 0.499969 1 430.5572926734
67 0.029894443522 0.375 1 437.557377944317
84 0.030156787039 -0.03125 1 448.557635460523
89 0.030074910632 -0.5 1 453.557555179561
34 0.029835960685 -0.5 1 455.557313974247
47 0.030105960684 0.25 1 455.557583995723
1 0.029964957418 0.25 1 458.557452776072
97 0.030208957417 0 1 458.557696788249
40 0.029974281953 0 1 459.557454508274
17 0.030229881448 0.46875 1 471.557710759942
96 0.029999557196 0.46875 1 472.557476248482
68 0.030243557195 0.867188 1 472.557720244793
35 0.030107159976 0.492188 1 474.557587925574
14 0.029912032227 -0.125 1 479.557394237297
34 0.029909570266 -0.5 1 481.557395682123
1 0.030153570265 0.25 1 481.557639613784
77 0.030384570264 0.496094 1 481.557870520454
51 0.029972005514 0.25 1 482.557459758798
92 0.029952070027 0.375 1 488.557432209472
72 0.030095322321 0 1 496.557581200224
7 0.03036532232 0.375 1 496.557851215129
73 0.029870816392 0.746094 1 504.557349480956
94 0.029886714282 -0.5 1 509.557367824851
24 0.030164307211 -0.25 1 513.557643008222
46 0.029933595114 0.46875 1 524.557421260783
55 0.030056848052 0 1 528.557544642682
2 0.029980595187 0.25 1 529.557459277361
86 0.030135440449 0 1 532.557614121447
52 0.029940234744 0.496094 1 538.557418935318
97 0.030003114731 0 2 540.557484771409
7 0.030238282318 0.484375 2 543.557720148751
66 0.029880416101 0.25 2 545.55735901864
88 0.0301374161 0.748047 2 545.557615930243
11 0.030154999998 0 2 547.557644033898
49 0.030044387418 -0.25 2 548.557523071239
94 0.029865999999 -0.5 2 552.557344686898
67 0.029902335335 0.4375 1 553.557391106995
9 0.030005347076 -0.5 1 554.557484030488
90 0.0301486753 0.4375 1 558.557627364579
97 0.029956831903 0 1 562.557445404083
39 0.030134580964 -0.5 1 563.557613243482
60 0.02989683273 0 1 566.557375524331
21 0.029997298646 0.492188 1 583.55747596807
72 0.030131448344 0 1 586.557610140758
93 0.029934809685 0.990234 1 592.557413487374
36 0.03001557251 0.375 1 601.557494266919
68 0.030050999998 0.967773 1 604.557528044906
5 0.03000274262 0 1 605.557483794026
