6 0.03023085594 0 2 21.557709352452
46 0.029868999998 0 2 25.557348232836
38 0.030099999997 0 2 25.557579061247
57 0.030090829268 0 2 29.557568470637
15 0.029876669212 0 2 41.557355196787
61 0.030133669211 0 2 41.557612182631
85 0.02987046124 0 2 43.557348986027
45 0.029905956316 0 2 46.557384663198
63 0.029899360912 0 2 47.557378645287
95 0.030125039141 0 2 48.557603559404
25 0.030170619065 0 2 50.557655407164
62 0.029920999998 0 2 54.557405264336
39 0.030164999997 0 2 54.557649270217
71 0.029865638233 0 2 57.557349779804
49 0.029998151443 0 2 59.557481651924
69 0.030101065824 0 2 60.557585070726
15 0.029875692163 0 2 63.557359365719
8 0.029938703007 0 2 64.557425891291
79 0.030169703006 0 2 64.557656924031
26 0.029872806357 0 2 67.557354946835
60 0.030090806356 0 2 67.557572960749
95 0.030105373282 -0.25 2 70.557590301134
65 0.029903413828 0 2 71.557380822451
53 0.03005609278 0 2 73.557536006283
24 0.030159642295 0 1 77.557643013324
29 0.029942452037 0 1 79.557422182405
49 0.030054945347 0 1 81.557533633928
27 0.030177214964 0 1 89.557655109034
87 0.030460214963 -0.25 1 89.557938121163
17 0.030189702294 0 1 90.557670611514
96 0.029891632454 0 1 91.557369163536
75 0.030356632453 0 1 91.557834274901
61 0.030004761108 0.25 1 94.557482302913
3 0.030274761107 0 1 94.557752426048
35 0.030121690164 0 1 97.557600890656
69 0.030040849237 0.5 1 100.557520062288
70 0.030022314979 -0.25 1 107.557500186896
4 0.030107927029 0 1 111.557595862559
0 0.029972444736 0 1 115.557451134408
80 0.029830445666 0 1 117.557318676932
16 0.030013284204 0 1 120.557501648874
69 0.030116857103 0.625 1 122.557606009075
79 0.030189953168 -0.375 1 123.55767324338
24 0.030256497568 0 1 124.557738965132
18 0.029962105306 0 1 125.557443943111
93 0.030206105305 0 1 125.557687941177
58 0.030093277106 0 1 128.55757527227
86 0.030123772045 -0.25 1 129.557602004458
13 0.02998113358 0 1 130.557463049762
50 0.029918789971 0 1 132.557401642603
97 0.03017578997 0 1 132.557658655081
0 0.029925659928 0.4375 1 138.557414825226
17 0.030130659927 0 1 138.557619816073
80 0.029871955013 -0.375 1 139.557354324436
16 0.03000296561 0.25 1 142.55748804552
45 0.029881999998 0 1 143.557358611424
54 0.03011011343 0 1 146.55758657721
48 0.029956577241 0 1 151.557444495286
44 0.030160219735 0 1 153.557642425104
88 0.029889925149 -0.375 1 158.55736644077
38 0.029999711028 0 1 161.557478413576
6 0.030030160056 0 1 162.557518144994
57 0.030223572868 0 1 164.55770451022
20 0.02983569565 0 1 168.557319198266
51 0.030040695649 0.25 1 168.557524067923
33 0.030284695648 0 1 168.557768086397
99 0.029902070717 -0.375 1 171.557386069182
66 0.030064137363 0.375 1 174.557550030125
93 0.030048653023 -0.25 1 181.557534573966
38 0.030018684677 0 1 183.55750379081
57 0.030043872778 0 1 186.557529166065
68 0.02989517305 0.375 1 187.557381902188
20 0.029935564764 0.4375 1 190.557414586976
67 0.029871214551 0.375 1 191.557357957141
30 0.03016721455 0 1 191.557653930465
99 0.029971621621 -0.375 1 193.557450494852
69 0.03003428075 0.625 1 195.557520117132
64 0.030021341708 0.375 1 199.557500780441
29 0.029909311466 0 1 203.557396196587
62 0.029852999999 0.25 1 205.557331688654
46 0.029826999999 0 1 208.557305688753
81 0.030096170716 -0.375 1 209.557579698998
32 0.029817231981 0 1 210.557305702119
40 0.030001825307 0 1 211.557480487928
12 0.029957319686 0 1 213.557445916528
41 0.029985871819 0 1 215.557468989538
96 0.029933999998 -0.375 1 217.557413547778
15 0.029893154488 0.25 1 223.557380053659
74 0.030310133495 -0.5 1 226.557796643576
3 0.030011314986 0 1 229.557497433589
73 0.030216314985 -0.5 1 229.557702532699
88 0.029893087848 -0.375 1 232.557379486574
17 0.030075942901 0 1 237.55755793751
29 0.02992132401 0.375 1 241.557408669236
28 0.029818843452 0 1 244.557297517369
27 0.030075843451 0 1 244.557554334243
91 0.03029384345 -0.5 1 244.557772361907
56 0.029897676147 0 1 246.557384732038
75 0.030133492169 -0.5 1 247.557612169452
10 0.029927809216 0 1 248.557410793082
80 0.029914879501 -0.5 1 250.557393560488
55 0.029990685463 0 1 256.557471868167
84 0.030023131383 -0.5 1 258.557512268438
31 0.029987758871 0 1 259.557469341964
40 0.029973258806 0 1 262.557454492596
32 0.029850645861 0.375 1 265.557331694607
9 0.030000131742 0 1 269.557484032428
43 0.030163077943 0 1 272.557640321188
64 0.030063999998 0.71875 1 276.557552725779
79 0.030193785605 -0.375 1 277.557672946214
90 0.029925064538 -0.5 1 285.557413507165
51 0.03000258566 0.25 1 288.557491007624
17 0.030017199691 0 1 289.557505872498
82 0.030147419839 -0.5 1 291.55763041448
14 0.029932489631 0 1 295.557420169805
8 0.029905877296 0 1 297.557385681507
84 0.030382175068 -0.5 1 301.557868587975
58 0.030355402137 0 1 302.557834103081
50 0.030286443878 0.25 1 303.557768864185
92 0.030048590348 -0.5 1 305.557532382358
83 0.030318590347 -0.25 1 305.557802260065
52 0.030562590346 0 1 305.558046355738
66 0.030120781384 0.46875 1 306.557602933492
19 0.030089597033 0.375 1 307.557566187965
70 0.030087356258 -0.375 1 309.557571142762
17 0.030130895145 0.4375 1 311.557614234379
32 0.029827386378 0.4375 1 312.557310869377
42 0.030110386377 0 1 312.557594078804
76 0.029938130303 -0.5 1 314.557421716965
14 0.02997533956 0 1 317.557458657585
81 0.030099559003 -0.5 1 322.557579694028
10 0.029948736328 0 1 324.557436703756
82 0.030090140115 -0.125 1 327.557578409438
98 0.029908442086 -0.25 1 333.557396872939
28 0.029868999998 0 1 339.55734540537
27 0.030089999998 0 1 341.557573277818
74 0.030046748428 -0.5 1 342.557536024471
35 0.030138672982 0.4375 1 343.557626880364
6 0.030017087661 0.4375 1 350.557505167288
7 0.030080199729 0 1 351.557569288302
75 0.030153428524 -0.25 1 358.557638168848
98 0.029885734411 -0.25 1 361.557370319975
80 0.029861588488 -0.5 1 365.557341478494
35 0.030274588487 0.46875 1 365.557754479098
3 0.029998999998 0.375 1 366.557487313434
8 0.029910379079 0.46875 1 369.557398648369
6 0.030042953784 0.4375 1 372.557531194236
7 0.030300686636 0 1 373.557787674512
81 0.030165973473 -0.5 1 374.557644612838
94 0.030229369305 -0.5 1 375.557717478053
84 0.029998999998 -0.5 1 376.55748409052
58 0.030190999997 0.25 1 376.557676174167
21 0.029972999998 0 1 377.557450040156
52 0.029990701124 0 1 381.557478938415
90 0.029880419151 -0.5 1 382.557361426321
36 0.030040725382 0 1 389.557517289851
23 0.030323725381 0.25 1 389.557800294137
54 0.030068921195 0 1 394.557547600784
59 0.029901143191 0 1 396.557378899814
60 0.030107345964 0.492188 1 397.55758889093
22 0.030083803607 0.25 1 403.557569466453
75 0.030141564502 -0.25 1 404.557625186566
1 0.030030103857 0 1 411.557507489484
67 0.029839999999 0.496094 1 415.557318691339
77 0.029944101205 -0.5 1 421.557424167989
3 0.030188101204 0.4375 1 421.557667887073
13 0.030013778609 0.375 1 423.557502043298
75 0.030136670908 -0.25 1 426.557624991724
78 0.030145060493 -0.125 1 429.557621888871
32 0.029844408945 0.4375 1 430.5573316734
67 0.029822080871 0.496094 1 437.557305581666
84 0.030073054656 -0.5 1 448.557551236924
89 0.03004204831 -0.25 1 454.557529024565
34 0.029855282046 0 1 456.557333812552
47 0.030099282045 0.4375 1 456.557577833748
1 0.030029957418 0.4375 1 458.557517776072
97 0.030260957417 -0.25 1 458.557748788249
40 0.02998883548 0.25 1 459.557467508274
17 0.030132501147 0.4375 1 471.557613379641
68 0.029878809474 0.492188 1 472.55736594526
96 0.030161809473 -0.5 1 472.557648948947
35 0.030081159976 0.46875 1 474.557561925574
14 0.029919612129 0.25 1 479.557407237297
34 0.029836056952 0.25 1 481.557317682123
1 0.030041056951 0.484375 1 481.557522613784
77 0.03029805695 -0.5 1 481.557779520454
51 0.029951285572 0.375 1 482.557439038856
92 0.02994389855 -0.5 1 488.557422567239
72 0.0298706944 -0.5 1 492.557348316727
7 0.030101694399 0 1 492.557579330389
73 0.029985999998 -0.5 1 504.557470537806
94 0.030117061148 -0.5 1 509.557595735995
24 0.030160375723 0 1 513.557643008222
46 0.029883616761 0.484375 1 524.557365887342
55 0.030028881508 0 1 528.557510898489
2 0.02996044693 0 1 529.557446277361
86 0.030090291512 -0.5 1 532.55757598686
52 0.029923443075 0 1 538.557400927125
97 0.030084677328 -0.25 2 540.557570682078
88 0.029831693404 -0.375 2 541.557309108972
7 0.030049693403 0 2 541.557526888035
66 0.030115957943 0.746094 2 543.557602081229
11 0.030184261512 0.25 2 547.557670033898
49 0.030041940587 0 2 548.557520624408
94 0.0300910732 -0.5 1 552.557569760099
67 0.029809881503 0.499023 1 553.557292663005
9 0.030057347076 0.375 1 554.557536030488
90 0.029869787916 -0.5 1 558.557348477195
97 0.030087523401 -0.25 1 562.557570314752
39 0.030069580964 0.25 1 563.557548243482
60 0.030058258493 0.982422 1 566.557536950094
21 0.0300292508 0.4375 1 583.55751496807
72 0.029951780153 -0.5 1 586.557437648285
93 0.030115999998 -0.25 1 592.557600157048
36 0.03007536489 0.375 1 601.557559266919
68 0.029898059913 0.936523 1 604.55738189656
5 0.029982138942 0 1 605.557470794026
