6 0.03023085594 0 2 21.557709352452
46 0.029868999998 0 2 25.557348232836
38 0.030099999997 0 2 25.557579061247
57 0.030090829268 0 2 29.557568470637
15 0.029863669212 0 2 41.557342196787
61 0.030055669211 0 2 41.557534182631
85 0.030038473723 0 2 43.55751699851
45 0.029944956316 0 2 46.557423663198
63 0.029893442108 0 2 47.557378645287
95 0.02991439093 0 2 48.557392911193
25 0.030099840024 0 2 50.557577407164
62 0.029868999998 0.25 2 54.557353264336
39 0.030086999997 0 2 54.557571270217
71 0.029904638233 0 2 57.557388779804
49 0.030050455336 0.25 2 59.557533651924
69 0.030010065824 0 2 60.557494070726
15 0.029875692163 0 2 63.557359365719
8 0.029886703007 0 2 64.557373891291
79 0.030182703006 0 2 64.557669924031
26 0.029876486785 0 2 67.557354946835
60 0.030107486784 0 2 67.557585960749
95 0.029946725071 0 2 70.557431652923
65 0.029929413828 0 2 71.557406822451
53 0.03008209278 0 2 73.557562006283
24 0.030159642295 0 2 77.557643013324
29 0.029890452037 0 2 79.557370182405
49 0.030028945347 0.25 2 81.557507633928
96 0.029889784779 0 1 88.557367333144
61 0.030211784778 -0.25 1 88.55768929248
87 0.03004534155 0 1 89.55752324775
27 0.030289341549 0 1 89.557767235619
17 0.030050999998 0 1 90.557531909218
3 0.029993687505 0 1 93.557482022443
75 0.030185687504 0 1 93.557673999475
35 0.030135218689 0 1 97.557613890656
69 0.030028395883 0 1 100.557507062288
70 0.030035314979 0.25 1 107.557513186896
4 0.030016927029 0 1 111.557504862559
0 0.029933444736 0.25 1 115.557412134408
80 0.029905321114 0 1 117.55739355238
16 0.029987284204 0 1 120.557475648874
69 0.030389917882 0.09375 1 122.557879069854
79 0.030137953168 0.8125 1 123.55762124338
24 0.030230497568 0.484375 1 124.557712965132
18 0.029925913264 0 1 126.557409271449
93 0.030156913263 0 1 126.557640268892
58 0.030158277106 0.125 1 128.55764027227
86 0.030127704221 0 1 129.557605936634
13 0.030023378327 0 1 130.557502049762
97 0.029876271185 0 1 134.557361509811
50 0.030107271184 -0.375 1 134.557592496833
80 0.029841383929 0.375 1 139.557325587034
17 0.030102028896 0.25 1 140.557583639204
16 0.030004572346 0.25 1 142.55748804552
45 0.02994169289 0.5 1 143.557423611424
54 0.030037935067 0.0625 1 146.55752157721
48 0.030011273055 0.25 1 151.557496495286
44 0.030095219735 0.375 1 153.557577425104
88 0.029872251456 0.25 1 158.557348767077
38 0.029973711028 0 1 161.557452413576
6 0.030030160056 0 1 162.557518144994
57 0.030171572868 -0.25 1 164.55765251022
33 0.030177835429 0 1 167.557658509265
20 0.02985126805 0 1 168.557334770666
51 0.030095268049 -0.375 1 168.557578640323
99 0.029871785467 0 1 171.557350204243
66 0.030123655909 -0.375 1 174.557602030125
93 0.030053173917 0.25 1 181.557538989963
38 0.03002574182 0 1 183.55750379081
57 0.030076999998 -0.25 1 186.557555166065
68 0.029947819089 -0.375 1 187.557433902188
20 0.029902515901 0.375 1 190.557388586976
67 0.029897214551 -0.5 1 191.557383957141
30 0.03011521455 0 1 191.557601930465
99 0.02981952346 0.375 1 193.557305405812
69 0.030067423305 0.09375 1 195.557546117132
64 0.030032719763 -0.375 1 199.557513780441
29 0.029909311466 0 1 203.557396196587
62 0.029870298811 0 1 205.557348987466
46 0.029900216188 0.25 1 208.557378904942
81 0.030099903324 0 1 209.557583431606
32 0.029831277541 0 1 210.557318702119
40 0.029988825307 0.4375 1 211.557467487928
12 0.030010600042 0.484375 1 213.557497916528
41 0.029933871819 0.4375 1 215.557416989538
96 0.029944468386 0 1 217.557423157013
15 0.029898424745 0 1 223.557383478406
74 0.030285836589 0.6875 1 226.557770643576
73 0.030021893541 0.4375 1 229.557506537855
3 0.03026589354 0.25 1 229.557750438743
88 0.029846964703 0.25 1 232.557331700946
17 0.030049942901 0.4375 1 237.55753193751
29 0.029916792341 0.496094 1 241.557404137567
28 0.029840389586 0 1 244.557324978693
91 0.030084389585 0.25 1 244.557568823232
27 0.030354389584 0 1 244.557838795566
56 0.029871676147 -0.5 1 246.557358732038
75 0.030166658045 0.71875 1 247.557651169452
10 0.029914809216 0 1 248.557397793082
80 0.02990909002 0.375 1 250.557393560488
55 0.029959999998 -0.5 1 256.557445868167
84 0.029880129217 0 1 258.557369266272
31 0.029970599649 0.25 1 259.557456341964
40 0.029903907148 0.90625 1 262.557389492596
32 0.029893369028 0.375 1 265.557378921092
9 0.030091131742 0 1 269.557575032428
43 0.030086947657 0.46875 1 272.557575321188
64 0.030089999998 -0.5 1 276.557578725779
79 0.030102785605 0.875 1 277.557581946214
90 0.029935576038 0 1 285.557424018665
51 0.02993758566 -0.375 1 288.557426007624
17 0.030091492261 0.46875 1 289.557570872498
82 0.029906325735 0 1 291.557389320376
14 0.029941773158 0 1 295.557420169805
8 0.029915892804 0 1 297.557398681507
83 0.030132156235 0.25 1 300.557611804028
84 0.030175562471 0.25 1 301.557654942803
55 0.03038056247 -0.25 1 301.5578602346
92 0.030387785036 0.25 1 304.557873131199
50 0.030440950072 -0.5 1 305.557924573424
58 0.030345327069 -0.00390625 1 306.557832925233
32 0.029803130941 0.484375 1 307.557288219041
90 0.03003413094 0.25 1 307.557519230465
19 0.030421130939 0 1 307.557906007628
52 0.02991023097 -0.25 1 308.557393734372
66 0.030167230969 -0.125 1 308.557650912444
70 0.029997530616 0.6875 1 309.557474180976
42 0.029859334272 0.734375 1 310.55734468052
17 0.03000898282 0.46875 1 311.557492322054
76 0.029938130303 0.484375 1 314.557421716965
14 0.02998833956 0.375 1 317.557471657585
81 0.030090291611 0 1 322.557570426636
10 0.029902210071 0 1 324.557384703756
82 0.029919751742 0.46875 1 327.557402315334
98 0.029964605691 0.25 1 333.557444722112
28 0.029830928766 0.25 1 339.557318674065
27 0.030063999998 0 1 341.557547277818
74 0.030087415131 0.71875 1 342.557575024471
35 0.030102913161 0.25 1 343.557587880364
6 0.030017087661 0 1 350.557505167288
7 0.030119199729 0 1 351.557608288302
75 0.030101428524 0.921875 1 358.557586168848
98 0.030037583584 0.46875 1 361.557522169148
80 0.029835588488 0.4375 1 365.557315478494
35 0.030339588487 0.4375 1 365.557819479098
3 0.030024999998 0.25 1 366.557513313434
8 0.029975379079 0 1 369.557463648369
6 0.030068953784 0 1 372.557557194236
81 0.030305700375 0.25 1 375.557793174279
94 0.029835141291 0.375 1 376.557319222214
84 0.03026114129 0.25 1 376.557745246737
58 0.030297592192 -0.00390625 1 377.557774523697
21 0.029963022027 0 1 379.557447055255
7 0.030220022026 0 1 379.557703846234
52 0.02999162292 -0.25 1 381.557478938415
90 0.029926975312 0.25 1 382.557410937821
36 0.030026596388 0 1 387.557513853014
23 0.030296596387 0 1 387.557783858774
54 0.030070837199 -0.03125 1 394.557547600784
59 0.029927143191 -0.5 1 396.557404899814
60 0.030089999998 -0.000976562 1 397.55757589093
22 0.030096803607 0.25 1 403.557582466453
75 0.030141564502 0.976562 1 404.557625186566
1 0.030056103857 0 1 411.557533489484
67 0.029899596663 -0.5 1 415.557378288003
77 0.029978374647 0.742188 1 421.557463167989
3 0.030248374646 0.25 1 421.557732887073
13 0.029974778609 0 1 423.557463043298
75 0.030136670908 0.980469 1 426.557624991724
78 0.030171060493 0.742188 1 429.557647888871
32 0.029844408945 0.484375 1 430.5573316734
67 0.029894567862 -0.5 1 437.557378068657
84 0.02991705249 0.4375 1 448.557395234758
89 0.030100797723 0 1 453.557579491832
34 0.029868282046 0 1 456.557346812552
47 0.030086282045 0.929688 1 456.557564833748
97 0.029885790711 0.375 1 457.557364484405
1 0.03015579071 0.25 1 457.557634472393
40 0.02991083548 0.960938 1 459.557389508274
17 0.030158501147 0.46875 1 471.557639379641
96 0.029875579256 0.4375 1 472.557355177117
68 0.030106579255 -0.5 1 472.557586173428
35 0.030159159976 0.4375 1 474.557639925574
14 0.029958612129 0.375 1 479.557446237297
34 0.029843818182 0.25 2 481.557330873245
77 0.030048818181 0.935547 2 481.557535711577
1 0.03027981818 0.25 2 481.557766804905
51 0.029951285572 -0.375 2 482.557439038856
92 0.029966385201 0.4375 2 488.55744505389
72 0.0298966944 0.746094 1 492.557374316727
7 0.030140694399 0.46875 1 492.557618330389
73 0.030011999998 0.933594 1 504.557496537806
94 0.029865999999 0.375 1 509.557344674846
24 0.030119738436 0.484375 1 513.557604008222
46 0.029836409372 0.746094 1 524.557318679953
55 0.029989881508 -0.25 1 528.557471898489
2 0.029988218142 0 1 529.557472277361
86 0.030108994973 0.375 1 532.557592919036
52 0.029969208141 -0.25 1 538.557452927125
97 0.029960021953 0.375 1 540.557446026703
88 0.029851373945 0.375 1 541.557335108972
7 0.030108373944 0.46875 1 541.557591888035
66 0.030115957943 -0.125 1 543.557602081229
11 0.030134024643 0.25 1 547.557618033898
49 0.03002188553 0.498047 1 548.557507624408
94 0.029813999999 0.375 1 552.557292686898
67 0.029876459675 -0.5 1 553.557365231335
9 0.030037317166 0.25 1 554.557523030488
90 0.030023299416 0.496094 1 558.557501988695
97 0.029884660103 0.4375 1 562.557367659377
39 0.030036388685 0 1 563.557522243482
60 0.03007693161 -0.000976562 1 566.557562950094
21 0.0299772508 0 1 583.55746296807
72 0.029925780153 0.936523 1 586.557411648285
93 0.030060895356 0.25 1 592.557539573045
36 0.03001557251 0.25 1 601.557494266919
68 0.029877222231 -0.5 1 604.55735589656
5 0.029969138942 0.375 1 605.557457794026
