6 0.03023085594 0 2 21.557709352452
46 0.029957249539 0 2 27.557444365986
38 0.030162249538 0 2 27.557649211505
57 0.030006771066 0 2 29.557486618915
15 0.030100481162 0 2 43.557581024437
85 0.029891027167 0 2 44.557372871091
61 0.030135027166 0 2 44.557616917296
45 0.02994499332 0 2 46.557421455122
63 0.029908787497 0 2 47.557390683572
95 0.02998457904 0 2 48.557463099303
25 0.030191755269 0 2 50.557668407164
71 0.029957050201 0 2 57.557441191772
39 0.030051196716 0 2 58.557532326714
62 0.030295196715 0 2 58.557776330941
49 0.030046521604 0 2 59.557523098755
69 0.029847665721 0 2 60.557331670623
8 0.029927692163 0.25 2 63.557411662797
79 0.03001278404 0 2 64.557494499027
15 0.02991567839 0.25 2 65.557398713734
26 0.029818424689 0 2 70.557302120414
95 0.030075424688 0 2 70.557558963019
60 0.030280424687 0 2 70.55776413399
65 0.030071259721 0 2 71.557549433834
53 0.030095331136 0 2 73.557573411849
24 0.030076999998 0 2 77.557565013324
29 0.029854310742 0 2 79.557331688345
49 0.030070392178 -0.25 1 81.557549080759
87 0.029861566667 0 1 85.557339259747
27 0.030105566666 0 1 85.557583244951
61 0.029842999998 0 1 89.557323130484
96 0.030047999997 0 1 89.557528170891
17 0.030089999998 0 1 90.557570909218
3 0.030013313413 0.25 1 94.557497625423
75 0.030257313412 0 1 94.55774160272
35 0.03015049662 0 1 97.557626890656
69 0.029897841883 0.734375 1 100.557374212929
70 0.029984622101 0 1 107.557471742948
4 0.030100926833 0 1 111.557582862559
0 0.030011444736 0 1 115.557490134408
80 0.029902630297 0 1 117.557382336389
16 0.030065284204 0 1 120.557553648874
18 0.030306160135 0.25 1 122.557784865745
93 0.029903281881 0 1 124.557379930955
24 0.03014728188 0.5 1 124.557624020052
79 0.030430281879 0.625 1 124.557906697934
58 0.030160330225 0.8125 1 128.557648151645
86 0.030112781593 0 1 129.557601139045
13 0.030038582402 0.625 1 130.557515049762
50 0.029948251252 0.25 1 136.557424687318
97 0.030231251251 0 1 136.557707701044
80 0.029876730914 0.499969 1 139.557353371043
17 0.030096056668 0.25 1 140.557583639204
16 0.030035663913 0 1 142.55751404552
45 0.029946562272 0 1 143.557434403348
54 0.029882681039 0.867188 1 146.557362901812
48 0.030012312485 0.25 1 151.557491000677
44 0.030159058839 0.25 1 153.557640822329
88 0.030023580003 0.25 1 158.557502258048
38 0.029947711028 0.75 1 161.557426413576
6 0.030076335833 0 1 162.557557144994
57 0.030184244544 0 1 164.557665181896
20 0.02984525213 0.375 1 167.55733362238
51 0.030050252129 0 1 167.557538489561
33 0.030333252128 0.375 1 167.557821509263
99 0.029894999998 0.625 1 171.557383012768
66 0.029876472391 0.25 1 174.557364325049
93 0.029921118499 0.937439 1 181.557399904292
38 0.030016396925 0.929688 1 183.55750379081
57 0.030037874132 0 1 186.557525314343
68 0.030054376576 0.625 1 187.557541050534
20 0.029874891252 0.46875 1 189.557362497732
67 0.029922164627 0 1 191.557409957141
30 0.030153164626 0.4375 1 191.557640930465
99 0.029937426868 0.6875 1 193.557421438438
69 0.029886464302 0.874878 1 195.557374267773
64 0.029975007417 0.375 1 199.55745224605
29 0.029865999999 -0.125 1 203.557344695436
62 0.030117905807 0 1 205.557600796604
46 0.029968589629 0 1 208.557447278383
81 0.030107536963 0 1 209.557586219408
32 0.02980790381 0 1 210.557292702119
40 0.029997383184 0.25 1 211.557480487928
12 0.029961579567 0.492188 1 213.557445916528
41 0.02993694628 0 1 215.557416989538
96 0.029948539751 0 1 217.557427228378
15 0.029851349785 0.25 1 224.557331388304
73 0.029928073413 0.4375 1 226.557406739295
3 0.030133073412 0.90625 1 226.557611630814
74 0.030403073411 0.4375 1 226.557881643574
88 0.030010602905 0.375 1 232.557489303852
17 0.030017734863 0.4375 1 237.55750593751
29 0.029893548814 -0.25 1 242.557378048529
28 0.029860047879 0.375 1 244.557338721796
91 0.030117047878 0 1 244.557595566335
27 0.030309047877 0 1 244.557787538669
56 0.029981289917 0 1 246.557463744115
75 0.030054725993 0 1 247.557533403276
10 0.029914809216 0 1 248.557397793082
80 0.029852999999 0.499992 1 250.557331680986
55 0.0300399226 0 1 256.55751861236
84 0.030130992832 0.90625 1 258.557609492037
31 0.029977644573 0.492188 1 259.557456341964
40 0.029988827641 0.4375 1 262.557467492596
32 0.029813999999 0.375 1 265.557292694607
9 0.030051767704 -0.5 1 269.557536032428
43 0.030150077943 0.6875 1 272.557627321188
64 0.029968824283 0.90625 1 276.557452191388
79 0.029978990034 0.6875 1 277.557455521209
90 0.030076398868 0.375 1 285.557562394549
51 0.029986790543 0.25 1 288.557472727566
17 0.030094156133 0.4375 1 289.557570872498
82 0.030135947843 0.375 1 291.557616462109
14 0.029962001536 0.90625 1 295.557446169805
8 0.029949518958 0.484375 1 297.557437681507
19 0.029835380547 -0.125 1 300.557313446754
55 0.030222529343 0.46875 1 301.557707778773
84 0.030453529342 0.953125 1 301.557938486974
50 0.029904841155 0.4375 1 303.557385824374
58 0.030252841154 0.9375 1 303.557733983181
92 0.030496841153 0.375 1 303.557978001061
32 0.029878898723 0.484375 1 305.557362783247
83 0.030083898722 0.90625 1 305.55756756844
52 0.030301898721 0 1 305.557785664113
66 0.029935271322 0.25 1 306.557416386589
90 0.030122108004 0.4375 1 307.557601181557
70 0.030034793599 0.25 1 309.557523737028
42 0.029912157004 0 1 310.557396556391
17 0.03009998282 0.4375 1 311.557583322054
76 0.030017230304 0 1 314.557500816966
14 0.02991033956 0.953125 1 317.557393657585
19 0.029846079413 -0.125 1 322.557326036111
81 0.030051079412 0 1 322.557531214437
10 0.029883719329 0.484375 1 324.557371703756
82 0.030152027728 0.375 1 327.557629457067
98 0.029933999998 0.953125 1 333.557412900166
28 0.029880872269 0.484375 1 339.55735840537
27 0.030063999998 0 1 341.557547277818
74 0.029926331945 0.46875 1 342.557410942252
35 0.030139625353 0.499023 1 343.557626880364
6 0.030056087661 0.25 1 350.557544167288
7 0.030083626335 0 1 351.557569288302
75 0.030067725691 0.25 1 358.557546402672
98 0.02989494685 0.991699 2 361.557373347202
35 0.030290588488 0.499985 2 365.557770479099
80 0.029930121286 0.499996 2 366.557409337701
3 0.030187121285 0.992188 2 366.557666313433
8 0.029909300047 0.960938 2 369.557398648369
6 0.030044270598 0.375 2 372.557531194236
94 0.029905960616 0.46875 2 373.557384626933
84 0.030292960615 0.967773 2 373.557771652394
7 0.030083449853 0 2 375.557566865351
81 0.030301449852 0.4375 2 375.557785053653
58 0.030182411755 0.976562 2 376.557661053543
21 0.029985999998 0.375 2 377.557463040156
52 0.029974359292 0 2 381.557457946608
90 0.030148649863 0.46875 2 382.557627313705
36 0.030079725382 0 2 389.557556289851
23 0.030297725381 0.976562 2 389.557774294137
54 0.029871245797 0.982422 2 394.557349925386
59 0.029980584998 0.867188 2 396.557466458362
60 0.029921055774 0 2 397.557401465167
22 0.030154265792 0.46875 2 403.557634466453
75 0.03004173455 0.25 2 404.55752042039
1 0.03000528941 0 2 411.557494489484
67 0.029925472323 0 2 415.557404163663
3 0.030019180872 0.992188 2 421.557497594295
77 0.030250180871 0.25 2 421.557728875209
13 0.030051461145 0.960938 2 423.557528043298
75 0.029979904732 0.375 2 426.557468225548
78 0.02982885295 0.867188 2 429.557305681328
32 0.029861845895 0.484375 2 430.5573446734
67 0.029920443522 0 2 437.557403944317
84 0.030156787039 0.983398 2 448.557635460523
89 0.030089375391 0.496094 2 454.557568024565
34 0.029827757922 0.492188 2 456.557307812552
47 0.030097757921 0 2 456.557577833748
97 0.029929218189 0.46875 2 458.557417049021
1 0.030199218188 0 2 458.557687036842
40 0.029987281953 0.4375 2 459.557467508274
96 0.029932367562 0 2 468.557411044897
68 0.030137367561 0.742188 2 468.557616038875
17 0.030089999998 0.46875 2 471.557570878492
35 0.030107159976 0.499996 2 474.557587925574
14 0.029977032227 0.964844 1 479.557459237297
34 0.029857761388 0.871094 1 481.557343873245
77 0.030088761387 0.496094 1 481.557574711577
1 0.030345761386 0 1 481.557831804905
51 0.030037005514 0.484375 1 482.557524758798
92 0.030004070027 0.4375 1 488.557484209472
7 0.030054495681 0 1 496.55754038849
72 0.03033749568 0.375 1 496.557823373583
73 0.029922816392 0.933594 1 504.557401480956
94 0.029912714282 0.964844 1 509.557393824851
24 0.030099307211 0.980469 1 513.557578008222
46 0.029933595114 0.46875 1 524.557421260783
55 0.030095848052 0.484375 1 528.557583642682
2 0.029967595187 0.25 1 529.557446277361
86 0.030070440449 0.46875 1 532.557549121447
52 0.029966234744 0.25 1 538.557444935318
97 0.029977114731 0.492188 2 540.557458771409
7 0.030303282318 0.375 2 543.557785148751
66 0.029970125433 0.25 2 547.557458984219
11 0.030240125432 0 2 547.557729159332
88 0.030510125431 0.873047 2 547.557998899325
49 0.030005387418 -0.5 2 548.557484071239
94 0.029852999999 0.980469 2 552.557331686898
67 0.029863335335 0 2 553.557352106995
9 0.030044347076 -0.25 2 554.557523030488
90 0.0301226753 0.492188 2 558.557601364579
97 0.029956831903 0.492188 2 562.557445404083
39 0.030082580964 -0.25 2 563.557561243482
60 0.02992283273 0.4375 2 566.557401524331
21 0.030023298646 0.496094 2 583.55750196807
72 0.030144448344 0.375 2 586.557623140758
93 0.029934809685 0.996033 2 592.557413487374
36 0.03005457251 0.484375 2 601.557533266919
68 0.030063999998 0.874023 2 604.557541044906
5 0.03000274262 0.25 2 605.557483794026
