6 0.03023085594 0 2 21.557709352452
46 0.029868999998 0 2 25.557348232836
38 0.030099999997 0 2 25.557579061247
57 0.030090829268 0 2 29.557568470637
15 0.029876669212 0 2 41.557355196787
61 0.030133669211 0 2 41.557612182631
85 0.02987046124 0 2 43.557348986027
45 0.029905956316 0 2 46.557384663198
63 0.029899360912 0 2 47.557378645287
95 0.030125039141 0 2 48.557603559404
25 0.030170619065 0 2 50.557655407164
62 0.029920999998 0 2 54.557405264336
39 0.030164999997 0 2 54.557649270217
71 0.029865638233 0 2 57.557349779804
49 0.029998151443 0 2 59.557481651924
69 0.030101065824 0 2 60.557585070726
15 0.029875692163 0 2 63.557359365719
8 0.029938703007 0 2 64.557425891291
79 0.030169703006 0 2 64.557656924031
26 0.029872806357 0 2 67.557354946835
60 0.030090806356 0 2 67.557572960749
95 0.030105373282 -0.25 2 70.557590301134
65 0.029903413828 0 2 71.557380822451
53 0.03005609278 0 2 73.557536006283
24 0.030081642295 0 2 77.557565013324
29 0.029877452037 0 2 79.557357182405
49 0.030080945347 0 2 81.557559633928
96 0.02990008048 0 2 89.557378141495
87 0.030274080479 0.25 2 89.557751986679
17 0.030258904134 0 2 90.557739813354
75 0.030249017386 0 2 91.557726659834
27 0.030493017385 0 2 91.557970392929
61 0.030017761108 0.25 1 94.557495302913
3 0.030300761107 0 1 94.557778426048
35 0.030121690164 0 1 97.557600890656
69 0.030092849237 0.5 1 100.557572062288
70 0.030048314979 0.5 1 107.557526186896
4 0.030068927029 0 1 111.557556862559
0 0.029985444736 0 1 115.557464134408
80 0.029817445666 0 1 117.557305676932
16 0.030052284204 0 1 120.557540648874
18 0.029956374147 0 1 122.55744555808
79 0.030365552489 0.75 1 124.557847697936
93 0.030100981744 0 1 126.557584337373
24 0.030357981743 0.375 1 126.557841424984
58 0.030119277106 0 1 128.55760127227
86 0.030058772045 0.5 1 129.557537004458
13 0.03005913358 0 1 130.557541049762
50 0.029931789971 0 1 132.557414642603
97 0.03021478997 0 1 132.557697655081
80 0.029908217611 0.625 1 139.557390587034
17 0.030057056668 0.4375 1 140.557544639204
16 0.03008096561 0.25 1 142.55756604552
45 0.029907999998 0 1 143.557384611424
54 0.03009711343 0.25 1 146.55757357721
48 0.029982577241 0 1 151.557470495286
44 0.030160219735 0 1 153.557642425104
88 0.029889925149 0.375 1 158.55736644077
38 0.029999711028 0 1 161.557478413576
6 0.030056160056 0 1 162.557544144994
57 0.030280524602 0 1 164.557761461954
20 0.029891835429 0 1 167.55737262238
51 0.02995269565 0 1 168.557436067924
33 0.030209695649 0.25 1 168.557693086398
99 0.029928070717 -0.375 1 171.557412069182
66 0.030064137363 0.375 1 174.557550030125
93 0.030100653023 -0.125 1 181.557586573966
38 0.029940684677 0.25 1 183.55742579081
57 0.030043872778 0 1 186.557529166065
68 0.02990817305 0.375 1 187.557394902188
20 0.029902895721 0.375 1 189.557388497732
67 0.029871214551 0.375 1 191.557357957141
30 0.03016721455 0 1 191.557653930465
99 0.029945621621 -0.375 1 193.557424494852
69 0.03008628075 0.859375 1 195.557572117132
64 0.030021341708 0.375 1 199.557500780441
29 0.029883311466 0.375 1 203.557370196587
62 0.029839999999 0.375 1 205.557318688654
46 0.029900216188 0 1 208.557378904942
81 0.030135170716 0.375 1 209.557618698998
32 0.029817231981 0 1 210.557305702119
40 0.029949825307 0 1 211.557428487928
12 0.029996319686 0.25 1 213.557484916528
41 0.029972871819 0 1 215.557455989538
96 0.029946999998 -0.375 1 217.557426547778
15 0.029919154488 0 1 223.557406053659
74 0.030362133495 0.4375 1 226.557848643576
73 0.029955320141 0.6875 1 229.557441537855
3 0.03017332014 0.25 1 229.557659438743
88 0.02984530222 0.8125 1 232.557331700946
17 0.030010942901 0.4375 1 237.55749293751
29 0.029903792341 0.4375 1 241.557391137567
28 0.029818843452 0 1 244.557297517369
27 0.030088843451 0 1 244.557567334243
91 0.03034584345 -0.0625 1 244.557824361907
56 0.029910676147 0.46875 1 246.557397732038
75 0.030120492169 0.6875 1 247.557599169452
10 0.029901809216 0 1 248.557384793082
80 0.029888879501 0.6875 1 250.557367560488
55 0.030016685463 0.25 1 256.557497868167
84 0.030075131383 0.8125 1 258.557564268438
31 0.029890357548 0 1 259.557378341964
40 0.029986258806 0.25 1 262.557467492596
32 0.029824645861 0.25 1 265.557305694607
9 0.030039131742 0 1 269.557523032428
43 0.030072077943 0 1 272.557549321188
64 0.030063999998 0.9375 1 276.557552725779
79 0.030115785605 0.75 1 277.557594946214
90 0.029886064538 -0.25 1 285.557374507165
51 0.02995058566 0.375 1 288.557439007624
17 0.030069199691 0.4375 1 289.557557872498
82 0.030134419839 0.4375 1 291.55761741448
14 0.029971489631 0 1 295.557459169805
8 0.029918877296 0 1 297.557398681507
19 0.029813682194 0.25 1 300.557293294064
55 0.030194125218 0.25 1 301.557680829923
84 0.030425125217 0.90625 1 301.557911538124
58 0.030311421608 0.375 1 303.557794000723
83 0.030112300633 0.90625 1 304.557598830975
50 0.030382300632 0.46875 1 304.557868782986
52 0.03014398524 0.25 1 305.557627750632
66 0.030158939557 0.90625 1 306.557641091665
92 0.030165241134 -0.0625 1 307.557644197836
70 0.030152356258 0.71875 1 309.557636142762
17 0.030126176208 0.484375 1 311.557609515442
32 0.029827386378 0.4375 1 312.557310869377
42 0.030110386377 0 1 312.557594078804
76 0.029938130303 0.921875 1 314.557421716965
14 0.02997533956 0.375 1 317.557458657585
19 0.029826559003 0.375 1 322.557306515701
81 0.030161559002 0.90625 1 322.557641694027
10 0.029870736328 0.25 1 324.557358703756
82 0.030051140115 0.484375 1 327.557539409438
98 0.02983024598 -0.125 1 333.557318676833
28 0.029868999998 0 1 339.55734540537
27 0.030089999998 0.375 1 341.557573277818
74 0.030072748428 0.84375 1 342.557562024471
35 0.030112672982 0.46875 1 343.557600880364
6 0.030056087661 0.46875 1 350.557544167288
7 0.030080199729 0.25 1 351.557569288302
75 0.030088428524 0.71875 1 358.557573168848
98 0.029885734411 -0.125 1 361.557370319975
80 0.029900588488 0.953125 1 365.557380478494
35 0.030248588487 0.46875 1 365.557728479098
3 0.030024999998 0.484375 1 366.557513313434
8 0.029910379079 0.375 1 369.557398648369
6 0.030016953784 0.46875 1 372.557505194236
7 0.030365686636 0.375 1 373.557852674512
81 0.030357048388 0.960938 1 375.557845174279
94 0.030284261798 -0.25 1 376.557769327796
58 0.030256002525 0.375 1 377.55773293403
84 0.029993620266 0.921875 1 380.557470218763
21 0.030224620265 0.375 1 380.557701390375
52 0.029990701124 0.25 1 381.557478938415
90 0.029906419151 -0.25 1 382.557387426321
36 0.029999735841 0.375 1 387.557487853014
23 0.03024373584 0 1 387.557731858774
54 0.030068921195 0.25 1 394.557547600784
59 0.029940143191 0.25 1 396.557417899814
60 0.030055345964 0.960938 1 397.55753689093
22 0.030096803607 0.4375 1 403.557582466453
75 0.030141564502 0.734375 1 404.557625186566
1 0.030017103857 0.25 1 411.557494489484
67 0.029865999999 0.746094 1 415.557344691339
77 0.029957101205 0.742188 1 421.557437167989
3 0.030227101204 0.484375 1 421.557706887073
13 0.030000778609 0.492188 1 423.557489043298
75 0.030162670908 0.867188 1 426.557650991724
78 0.030158060493 0.742188 1 429.557634888871
32 0.029865614223 0.4375 1 430.557352878678
67 0.029848080871 0.746094 1 437.557331581666
84 0.030047054656 0.929688 1 448.557525236924
89 0.030037485452 0.867188 1 453.557516179561
34 0.029829282046 0 1 456.557307812552
47 0.030099282045 0 1 456.557577833748
1 0.029977957418 0.484375 1 458.557465776072
97 0.030234957417 -0.0625 1 458.557722788249
40 0.02992383548 0.375 1 459.557402508274
17 0.030158501147 0.484375 1 471.557639379641
68 0.029891809474 0.492188 1 472.55737894526
96 0.030122809473 -0.25 1 472.557609948947
35 0.030159159976 0.46875 1 474.557639925574
14 0.029984612129 0.492188 1 479.557472237297
34 0.029836056952 0.4375 2 481.557317682123
1 0.030067056951 0.498047 2 481.557548613784
77 0.03027205695 0.990234 2 481.557753520454
51 0.029951285572 0.498047 2 482.557439038856
92 0.02990489855 -0.0625 2 488.557383567239
72 0.0298706944 0.933594 2 492.557348316727
7 0.030127694399 0.4375 2 492.557605330389
73 0.029946999998 0.873047 2 504.557431537806
94 0.030091061148 -0.25 1 509.557569735995
24 0.030121375723 0.46875 1 513.557604008222
46 0.029883616761 0.46875 1 524.557365887342
55 0.030015881508 0.25 1 528.557497898489
2 0.02999944693 0.25 1 529.557485277361
86 0.030038291512 0.960938 1 532.55752398686
52 0.029936443075 0.46875 1 538.557413927125
97 0.030084677328 -0.0625 1 540.557570682078
88 0.029805693404 0.960938 1 541.557283108972
7 0.030062693403 0.4375 1 541.557539888035
66 0.030076957943 0.933594 1 543.557563081229
11 0.030184261512 0.25 1 547.557670033898
49 0.030080940587 0.375 1 548.557559624408
94 0.0300780732 -0.25 1 552.557556760099
67 0.029869449833 0.873047 1 553.557352231335
9 0.030005347076 0.4375 1 554.557484030488
90 0.029960787916 -0.25 1 558.557439477195
97 0.030139523401 -0.0625 1 562.557622314752
39 0.030056580964 0.25 1 563.557535243482
60 0.030032258493 0.967773 1 566.557510950094
21 0.0300422508 0.496094 1 583.55752796807
72 0.029873780153 0.997925 1 586.557359648285
93 0.030063999998 -0.25 1 592.557548157048
36 0.02999736489 0.499512 2 601.557481266919
68 0.029885059913 0.499023 2 604.55736889656
5 0.029956138942 0.46875 2 605.557444794026
