6 0.03023085594 0 2 21.557709352452
46 0.029868999998 0 2 25.557348232836
38 0.030099999997 0 2 25.557579061247
57 0.030090829268 0 2 29.557568470637
15 0.029876669212 0 2 41.557355196787
61 0.030133669211 0 2 41.557612182631
85 0.02987046124 0 2 43.557348986027
45 0.029905956316 0 2 46.557384663198
63 0.029899360912 0 2 47.557378645287
95 0.030125039141 0 2 48.557603559404
25 0.030170619065 0 2 50.557655407164
62 0.029920999998 0 2 54.557405264336
39 0.030164999997 0 2 54.557649270217
71 0.029865638233 0 2 57.557349779804
49 0.029998151443 0 2 59.557481651924
69 0.030101065824 0 2 60.557585070726
15 0.029875692163 0 2 63.557359365719
8 0.029938703007 0 2 64.557425891291
79 0.030169703006 0 2 64.557656924031
26 0.029872806357 0 2 67.557354946835
60 0.030090806356 0 2 67.557572960749
95 0.030105373282 -0.25 2 70.557590301134
65 0.029903413828 0 2 71.557380822451
53 0.03005609278 0 2 73.557536006283
24 0.030081642295 0 2 77.557565013324
29 0.029877452037 0 2 79.557357182405
49 0.030080945347 0 2 81.557559633928
87 0.030271403863 -0.25 1 88.557748795946
27 0.030179797427 0 1 89.557657691497
96 0.029890702294 0 1 90.557371541633
61 0.030121702293 0.25 1 90.557602501484
17 0.030378702292 0 1 90.557859611512
3 0.030097960482 0 1 94.557575625423
75 0.030354960481 0 1 94.55783260272
35 0.030160690164 0 1 97.557639890656
69 0.030066849237 0.5 1 100.557546062288
70 0.030087314979 0.25 1 107.557565186896
4 0.030042927029 0 1 111.557530862559
0 0.029972444736 0 1 115.557451134408
80 0.029879321114 0 1 117.55736755238
16 0.030000284204 0 1 120.557488648874
79 0.030415857103 0.625 1 122.557904782383
18 0.029970497568 0 1 124.557452877498
93 0.030100981744 0 1 126.557584337373
24 0.030357981743 0.375 1 126.557841424984
58 0.030093277106 0 1 128.55757527227
86 0.030123772045 -0.25 1 129.557602004458
13 0.03000713358 0 1 130.557489049762
50 0.029957789971 0 1 132.557440642603
97 0.03024078997 0 1 132.557723655081
0 0.029951659928 0.484375 1 138.557440825226
17 0.030182659927 0.375 1 138.557671816073
80 0.029823193537 -0.375 1 139.55730556296
16 0.02998996561 0.25 1 142.55747504552
45 0.029907999998 0 1 143.557384611424
54 0.03007111343 0 1 146.55754757721
48 0.029995577241 0 1 151.557483495286
44 0.030147219735 0 1 153.557629425104
88 0.029889925149 -0.375 1 158.55736644077
38 0.029973711028 0 1 161.557452413576
6 0.029991160056 0 1 162.557479144994
57 0.030236572868 0 1 164.55771751022
20 0.029852835429 0 1 167.55733362238
51 0.02997869565 0 1 168.557462067924
33 0.030209695649 0 1 168.557693086398
99 0.029993070717 -0.375 1 171.557477069182
66 0.030155137363 0.375 1 174.557641030125
93 0.030126653023 -0.25 1 181.557612573966
38 0.029979684677 0.25 1 183.55746479081
57 0.030017872778 0 1 186.557503166065
68 0.02988217305 0.375 1 187.557368902188
20 0.029846004328 0.46875 1 189.557331606339
67 0.029819214551 0.375 1 191.557305957141
30 0.03011521455 0 1 191.557601930465
99 0.029971621621 -0.375 1 193.557450494852
69 0.03009928075 0.8125 1 195.557585117132
64 0.030008341708 0.375 1 199.557487780441
29 0.029896311466 0.25 1 203.557383196587
62 0.029839999999 0.25 1 205.557318688654
46 0.029826999999 0 1 208.557305688753
81 0.030083170716 -0.375 1 209.557566698998
32 0.029890465978 0 1 210.557378936116
40 0.029936825307 0 1 211.557415487928
12 0.029931319686 0.375 1 213.557419916528
41 0.029985871819 0 1 215.557468989538
96 0.029894999998 -0.5 1 217.557374547778
15 0.029870579235 0 1 223.557357478406
74 0.030219133495 0.4375 1 226.557705643576
73 0.029966989828 0.4375 1 227.557448239414
3 0.030236989827 0 1 227.557718132717
88 0.02981930222 -0.5 1 232.557305700946
17 0.030088942901 0.4375 1 237.55757093751
29 0.02984332401 0.492188 1 241.557330669236
28 0.029848185549 0 1 244.557326859466
27 0.030105185548 0 1 244.55758367634
91 0.030336185547 -0.125 1 244.557814704004
56 0.029897676147 0 1 246.557384732038
75 0.030159492169 0.4375 1 247.557638169452
10 0.029927809216 0.25 1 248.557410793082
80 0.029901879501 -0.375 1 250.557380560488
55 0.029990685463 0.375 1 256.557471868167
84 0.030023131383 -0.5 1 258.557512268438
31 0.029981357548 0 1 259.557469341964
40 0.029999258806 0 1 262.557480492596
32 0.029811645861 0.25 1 265.557292694607
9 0.030026131742 0 1 269.557510032428
43 0.030163077943 0.25 1 272.557640321188
64 0.030024999998 0.90625 1 276.557513725779
79 0.030141785605 0.6875 1 277.557620946214
90 0.029938064538 -0.5 1 285.557426507165
51 0.03002858566 0 1 288.557517007624
17 0.030095199691 0.46875 1 289.557583872498
82 0.030056419839 -0.125 1 291.55753941448
14 0.029893489631 0 1 295.557381169805
8 0.029944877296 0 1 297.557424681507
84 0.030395175068 -0.5 1 301.557881587975
58 0.030316402137 0.25 1 302.557795103081
92 0.030091771941 -0.25 1 303.557574368937
19 0.029803761297 0.25 1 304.557290258396
52 0.030008761296 0 1 304.55749539046
83 0.030226761295 -0.125 1 304.557713291637
50 0.030496761294 0.375 1 304.557983243648
32 0.029834791798 0.484375 1 305.557318676322
66 0.030145939557 0.71875 1 306.557628091665
90 0.029884480405 -0.5 1 307.557361294173
70 0.030042394472 0.6875 1 309.557526180976
42 0.029875244289 0 1 310.557357556391
17 0.03006098282 0.46875 1 311.557544322054
76 0.029848109491 0.46875 1 314.557331696153
14 0.02993633956 0.25 1 317.557419657585
81 0.030138559003 -0.5 1 322.557618694028
10 0.029922736328 0.4375 1 324.557410703756
82 0.030116140115 -0.03125 1 327.557604409438
98 0.02981724598 -0.25 1 333.557305676833
28 0.029907999998 0 1 339.55738440537
27 0.030063999998 0 1 341.557547277818
74 0.030046748428 0.84375 1 342.557536024471
35 0.030164672982 0.375 1 343.557652880364
6 0.029991087661 0.484375 1 350.557479167288
7 0.030106199729 0.25 1 351.557595288302
75 0.030114428524 0.46875 1 358.557599168848
98 0.029872734411 -0.25 1 361.557357319975
3 0.029998999998 0.25 1 364.557484013529
74 0.030229999997 0.929688 1 364.557714971042
80 0.029848005129 -0.5 1 365.557327895135
35 0.030131005128 0.375 1 365.557610895739
8 0.029923379079 0.492188 1 369.557411648369
6 0.030016953784 0.484375 1 372.557505194236
7 0.030352686636 0.25 1 373.557839674512
81 0.030510774718 -0.5 1 377.557987615657
58 0.030268074882 0.25 1 378.557756158234
94 0.030512074881 -0.000488281 1 378.558000056219
84 0.030006620266 -0.5 1 380.557483218763
21 0.030211620265 0.375 1 380.557688390375
52 0.029925701124 0.25 1 381.557413938415
90 0.029867419151 -0.25 1 382.557348426321
36 0.030015837163 0 1 388.557500764784
23 0.030285837162 0.25 1 388.55777076994
54 0.030029921195 0.25 1 394.557508600784
59 0.029927143191 0 1 396.557404899814
60 0.030107345964 0.742188 1 397.55758889093
22 0.030083803607 0.46875 1 403.557569466453
75 0.030141564502 0.484375 1 404.557625186566
1 0.030056103857 0.375 1 411.557533489484
67 0.029873596663 0.746094 1 415.557352288003
77 0.029996101205 0.867188 1 421.557476167989
3 0.030214101204 0.25 1 421.557693887073
13 0.030039778609 0.375 1 423.557528043298
75 0.030136670908 0.484375 1 426.557624991724
78 0.030106060493 0.859375 1 429.557582888871
32 0.029818408945 0.492188 1 430.5573056734
67 0.029894567862 0.746094 1 437.557378068657
84 0.030008054656 -0.5 1 448.557486236924
89 0.030102485452 -0.25 1 453.557581179561
34 0.029881282046 0 1 456.557359812552
47 0.030164282045 0 1 456.557642833748
1 0.029964957418 0.484375 1 458.557452776072
97 0.030221957417 -0.015625 1 458.557709788249
40 0.02996283548 0 1 459.557441508274
17 0.030229200848 0.499756 1 471.557710079342
68 0.029878809474 0.492188 1 472.55736594526
96 0.030148809473 -0.5 1 472.557635948947
35 0.030120159976 0.375 1 474.557600925574
14 0.029971612129 0.25 1 479.557459237297
34 0.029823056952 0.25 1 481.557304682123
1 0.030106056951 0.492188 1 481.557587613784
77 0.03033705695 0.982422 1 481.557818520454
51 0.029977285572 0.4375 1 482.557465038856
92 0.02990489855 -0.25 1 488.557383567239
72 0.0298966944 0.867188 1 492.557374316727
7 0.030114694399 0.25 1 492.557592330389
73 0.029959999998 0.960938 1 504.557444537806
94 0.030143061148 -0.000488281 1 509.557621735995
24 0.030147375723 0.375 1 513.557630008222
46 0.029849409372 0.484375 1 524.557331679953
55 0.030015881508 0.375 1 528.557497898489
2 0.02990844693 0 1 529.557394277361
86 0.030129291512 -0.5 1 532.55761498686
52 0.029975443075 0.375 1 538.557452927125
97 0.030136677328 -0.015625 2 540.557622682078
88 0.029831693404 -0.5 2 541.557309108972
7 0.030088693403 0.25 2 541.557565888035
66 0.030154957943 0.996094 2 543.557641081229
11 0.030171261512 0 2 547.557657033898
49 0.030028940587 0.25 2 548.557507624408
94 0.0300910732 -0.000488281 2 552.557569760099
67 0.029869449833 0.873047 1 553.557352231335
9 0.030018347076 0.46875 1 554.557497030488
90 0.029960787916 -0.25 1 558.557439477195
97 0.030152523401 -0.015625 1 562.557635314752
39 0.030108580964 0.25 1 563.557587243482
60 0.030084258493 0.967773 1 566.557562950094
21 0.0299902508 0.484375 1 583.55747596807
72 0.029925780153 0.990234 1 586.557411648285
93 0.030089999998 -0.25 1 592.557574157048
36 0.03001036489 0.25 1 601.557494266919
68 0.029963059913 0.874023 1 604.55744689656
5 0.029943138942 0.4375 1 605.557431794026
