6 0.03023085594 0 2 21.557709352452
46 0.029868999998 0 2 25.557348232836
38 0.030099999997 0 2 25.557579061247
57 0.030090829268 0 2 29.557568470637
15 0.029876669212 0 2 41.557355196787
61 0.030133669211 0 2 41.557612182631
85 0.02987046124 0 2 43.557348986027
45 0.029905956316 0 2 46.557384663198
63 0.029899360912 0 2 47.557378645287
95 0.030125039141 0 2 48.557603559404
25 0.030170619065 0 2 50.557655407164
62 0.029920999998 0 2 54.557405264336
39 0.030164999997 0 2 54.557649270217
71 0.029865638233 0 2 57.557349779804
49 0.029998151443 0 2 59.557481651924
69 0.030101065824 0 2 60.557585070726
15 0.029875692163 0 2 63.557359365719
8 0.029938703007 0 2 64.557425891291
79 0.030169703006 0 2 64.557656924031
26 0.029872806357 0 2 67.557354946835
60 0.030090806356 0 2 67.557572960749
95 0.030105373282 0.25 2 70.557590301134
65 0.029903413828 0 2 71.557380822451
53 0.03005609278 0 2 73.557536006283
24 0.030081642295 0 2 77.557565013324
29 0.029877452037 0 2 79.557357182405
49 0.030080945347 0 2 81.557559633928
96 0.02990008048 0 2 89.557378141495
87 0.030274080479 0.25 2 89.557751986679
17 0.030258904134 0 2 90.557739813354
75 0.030249017386 0 2 91.557726659834
27 0.030493017385 0 2 91.557970392929
61 0.029965417007 0.25 2 93.557448191198
3 0.030222417006 0 2 93.557705334935
35 0.030082690164 0 2 97.557561890656
69 0.030092849237 0.5 2 100.557572062288
70 0.030022314979 0.5 2 107.557500186896
4 0.030029927029 0 2 111.557517862559
0 0.029933444736 0 2 115.557412134408
80 0.029892321114 0 2 117.55738055238
16 0.030013284204 0 2 120.557501648874
79 0.030389857103 0.75 2 122.557878782383
18 0.029973581103 0 2 123.55745712171
93 0.030204581102 0 2 123.557688120573
24 0.030108545682 0.375 2 124.557591013246
58 0.030080277106 0 2 128.55756227227
86 0.030058772045 0.5 2 129.557537004458
13 0.02998113358 0 2 130.557463049762
50 0.029970789971 0 2 132.557453642603
97 0.03024078997 0 2 132.557723655081
0 0.029966258436 0.499756 2 137.557453825109
17 0.030249258435 0.375 2 137.557736905751
80 0.029823193537 0.625 2 139.55730556296
16 0.03006796561 0.25 2 142.55755304552
45 0.029855069568 0 2 143.557331680994
54 0.03004511343 0.25 2 146.55752157721
48 0.029956577241 0 2 151.557444495286
44 0.030134219735 0 2 153.557616425104
88 0.029842162423 0.375 2 158.557318678044
38 0.029973711028 0 2 161.557452413576
6 0.030069160056 0 2 162.557557144994
57 0.030189524602 0 2 164.557670461954
33 0.030203835429 0.4375 2 167.557684509265
20 0.02983826805 0 2 168.557321770666
51 0.030082268049 0 2 168.557565640323
99 0.029954070717 0.375 2 171.557438069182
66 0.030142137363 0.375 1 174.557628030125
93 0.030048653023 0 1 181.557534573966
38 0.029992684677 0 1 183.55747779081
57 0.030017872778 0 1 186.557503166065
68 0.02996017305 0.375 1 187.557446902188
20 0.029922564764 0.46875 1 190.557401586976
67 0.029884214551 0.375 1 191.557370957141
30 0.03016721455 0 1 191.557653930465
99 0.029984621621 0.6875 1 193.557463494852
69 0.03007328075 0.867188 1 195.557559117132
64 0.030073341708 0.375 1 199.557552780441
29 0.029857810315 0.25 1 203.557344695436
62 0.029909298811 0.375 1 205.557387987466
46 0.029852999999 0 1 208.557331688753
81 0.030096170716 0.375 1 209.557579698998
32 0.029877465978 0 1 210.557365936116
40 0.029988825307 0 1 211.557467487928
12 0.030009319686 0.375 1 213.557497916528
41 0.029959871819 0 1 215.557442989538
96 0.029933999998 0.6875 1 217.557413547778
15 0.029888967221 0.25 1 224.557370388304
74 0.030284133495 0.4375 1 226.557770643576
73 0.029966989828 0.6875 1 227.557448239414
3 0.030223989827 0 1 227.557705132717
88 0.029893087848 0.6875 1 232.557379486574
17 0.030088942901 0.4375 1 237.55757093751
29 0.029890792341 0.25 1 241.557378137567
28 0.029818843452 0 1 244.557297517369
27 0.030101843451 0 1 244.557580334243
91 0.03031984345 -0.125 1 244.557798361907
56 0.029897676147 0.25 1 246.557384732038
75 0.030133492169 0.6875 1 247.557612169452
10 0.029940809216 0 1 248.557423793082
80 0.029875879501 0.625 1 250.557354560488
55 0.029951685463 0.25 1 256.557432868167
84 0.029984131383 0.921875 1 258.557473268438
31 0.029916357548 0 1 259.557404341964
40 0.029934258806 0.25 1 262.557415492596
32 0.029897872346 0.375 1 265.557378921092
9 0.030013131742 0.25 1 269.557497032428
43 0.030137077943 0.375 1 272.557614321188
64 0.030050999998 0.71875 1 276.557539725779
79 0.030102785605 0.8125 1 277.557581946214
90 0.029899064538 -0.25 1 285.557387507165
51 0.02993758566 0.25 1 288.557426007624
17 0.030030199691 0.46875 1 289.557518872498
82 0.030108419839 0.4375 1 291.55759141448
14 0.029919489631 0 1 295.557407169805
8 0.029957877296 0 1 297.557437681507
19 0.029813682194 0.4375 1 300.557293294064
50 0.030174175068 0 1 301.557660780238
84 0.030431175067 0.967773 1 301.557917587974
58 0.030318787714 0 1 302.557797488658
83 0.030080196776 0.6875 1 303.55756266579
52 0.03018298524 0 1 305.557666750632
66 0.030171838475 0.976562 1 306.557653990583
92 0.030102482614 -0.125 1 307.557579197836
70 0.030087356258 0.8125 1 309.557571142762
17 0.030139176208 0.46875 1 311.557622515442
32 0.029892386378 0.484375 1 312.557375869377
42 0.030175386377 0 1 312.557659078804
76 0.029861109491 0.484375 1 314.557344696153
14 0.02996233956 0.4375 1 317.557445657585
19 0.029865559003 0.4375 1 322.557345515701
81 0.030135559002 0.929688 1 322.557615694027
10 0.029922736328 0.496094 1 324.557410703756
82 0.030116140115 0.921875 1 327.557604409438
98 0.029882442086 0.9375 1 333.557370872939
28 0.029829268693 0.375 1 339.557305674065
27 0.030089999998 0.25 1 341.557573277818
74 0.030085748428 0.734375 1 342.557575024471
35 0.030138672982 0 1 343.557626880364
6 0.029991087661 0.484375 1 350.557479167288
7 0.030119199729 0 1 351.557608288302
75 0.030114428524 0.921875 1 358.557599168848
98 0.029859814787 0.991699 1 361.557344400351
80 0.029887588488 0.960938 1 365.557367478494
35 0.030235588487 0.25 1 365.557715479098
3 0.029998999998 0.25 1 366.557487313434
8 0.029949379079 0.25 1 369.557437648369
6 0.030055953784 0.498047 1 372.557544194236
7 0.030352686636 0.375 1 373.557839674512
81 0.030357048388 0.976562 1 375.557845174279
84 0.029985261798 0.984131 1 376.55747035232
58 0.030295002525 0.25 1 377.55777193403
21 0.029964305461 0.375 1 378.557452496724
94 0.03022130546 -0.0625 1 378.557709286798
52 0.029977701124 0.25 1 381.557465938415
90 0.029919419151 -0.0625 1 382.557400426321
36 0.03001132486 0.375 1 386.557487942277
23 0.030229324859 0.25 1 386.55770594846
54 0.030029921195 0.375 1 394.557508600784
59 0.029979143191 0 1 396.557456899814
60 0.030029345964 0.867188 1 397.55751089093
22 0.030096803607 0.46875 1 403.557582466453
75 0.030180564502 0.992065 1 404.557664186566
1 0.030030103857 0.25 1 411.557507489484
67 0.029826999999 0.746094 1 415.557305691339
77 0.029944101205 0.742188 2 421.557424167989
3 0.030227101204 0.375 2 421.557706887073
13 0.030026778609 0.496094 2 423.557515043298
75 0.030110670908 0.995972 2 426.557598991724
78 0.030171060493 0.867188 2 429.557647888871
32 0.029844408945 0.484375 2 430.5573316734
67 0.029881567862 0.746094 2 437.557365068657
84 0.030073054656 0.992065 2 448.557551236924
89 0.030076485452 0.867188 2 453.557555179561
47 0.029890014174 0 2 456.557368565877
34 0.030134014173 0.25 2 456.557612544679
1 0.030003957418 0.46875 2 458.557491776072
97 0.030221957417 0.960938 2 458.557709788249
40 0.02996283548 0.25 2 459.557441508274
17 0.030158501147 0.492188 2 471.557639379641
96 0.029897428408 0.921875 2 472.557384567882
68 0.030102428407 0.742188 2 472.557589564193
35 0.030146159976 0.25 2 474.557626925574
14 0.029984612129 0.4375 2 479.557472237297
34 0.029862056952 0.375 2 481.557343682123
1 0.030106056951 0.496094 2 481.557587613784
77 0.03033705695 0.935547 2 481.557818520454
51 0.030016285572 0.492188 2 482.557504038856
92 0.02991789855 -0.125 2 488.557396567239
72 0.029947547804 0.933594 2 494.557426137186
7 0.030139547803 0.375 2 494.557618151411
73 0.029972999998 0.871094 2 504.557457537806
94 0.030078061148 -0.000976562 2 509.557556735995
24 0.030147375723 0.46875 2 513.557630008222
46 0.029870616761 0.46875 2 524.557352887342
55 0.029937881508 0.46875 2 528.557419898489
2 0.02997344693 0.375 2 529.557459277361
86 0.030051291512 0.976562 2 532.55753698686
52 0.029962443075 0.25 2 538.557439927125
97 0.030110677328 0.964844 2 540.557596682078
88 0.029818693404 0.871094 2 541.557296108972
7 0.030075693403 0.375 2 541.557552888035
66 0.030102957943 0.984375 2 543.557589081229
11 0.030093261512 0.46875 2 547.557579033898
49 0.030015940587 0.375 2 548.557494624408
94 0.0300780732 -0.000976562 2 552.557556760099
67 0.029895449833 0.873047 2 553.557378231335
9 0.030083347076 0.492188 2 554.557562030488
90 0.029882787916 -0.0625 2 558.557361477195
97 0.030061523401 0.998047 2 562.557544314752
39 0.030069580964 0.375 2 563.557548243482
60 0.030110258493 0.936523 2 566.557588950094
21 0.0300422508 0.492188 1 583.55752796807
72 0.029925780153 0.982422 1 586.557411648285
93 0.030063999998 -0.0625 1 592.557548157048
36 0.03008836489 0.484375 1 601.557572266919
68 0.029924059913 0.874023 1 604.55740789656
5 0.029995138942 0.46875 1 605.557483794026
