6 0.03023085594 0 2 21.557709352452
46 0.029957249539 0 2 27.557444365986
38 0.030162249538 0 2 27.557649211505
57 0.030006771066 0 2 29.557486618915
15 0.030100481162 0 2 43.557581024437
85 0.029891027167 0 2 44.557372871091
61 0.030135027166 0 2 44.557616917296
45 0.02994499332 0 2 46.557421455122
63 0.029908787497 0 2 47.557390683572
95 0.02998457904 0 2 48.557463099303
25 0.030191755269 0 2 50.557668407164
71 0.029957050201 0 2 57.557441191772
39 0.030051196716 0 2 58.557532326714
62 0.030295196715 0 2 58.557776330941
49 0.030046521604 0 2 59.557523098755
69 0.029847665721 0 2 60.557331670623
8 0.029927692163 -0.25 2 63.557411662797
79 0.03001278404 0 2 64.557494499027
15 0.02991567839 0 2 65.557398713734
26 0.029818424689 0 2 70.557302120414
95 0.030075424688 0 2 70.557558963019
60 0.030280424687 0 2 70.55776413399
65 0.030071259721 0 2 71.557549433834
53 0.030095331136 0 2 73.557573411849
24 0.030076999998 0 2 77.557565013324
29 0.029931804802 0 1 79.557409182405
49 0.030031392178 0.25 1 81.557510080759
87 0.029848566667 0 1 85.557326259747
27 0.030053566666 0 1 85.557531244951
17 0.030151382894 0 1 90.557632292114
61 0.029821996799 0 1 91.557301485691
3 0.030208996798 -0.25 1 91.557688658522
96 0.030005053533 0 1 94.557489235622
75 0.030262053532 0 1 94.55774634284
35 0.03013749662 0 1 97.557613890656
69 0.029936841883 0.625 1 100.557413212929
70 0.029984622101 0.25 1 107.557471742948
4 0.030035926833 0.25 1 111.557517862559
0 0.030011444736 0 1 115.557490134408
80 0.02985197084 0 1 117.557331676932
16 0.030000284204 0 1 120.557488648874
79 0.030384042699 0.375 1 122.557862489656
93 0.029877466293 0 1 123.55736446819
18 0.030121466292 -0.25 1 123.557608469325
24 0.030153275074 0.625 1 124.557630013246
58 0.030108330225 0.0625 1 128.557596151645
86 0.030099781593 0 1 129.557588139045
13 0.030012582402 0 1 130.557489049762
50 0.029922251252 0 1 136.557398687318
97 0.030205251251 0 1 136.557681701044
0 0.0299472031 0 1 138.557427825226
17 0.030217203099 0 1 138.557697816073
80 0.029944468316 0.484375 1 139.557421108445
16 0.030022663913 0 1 142.55750104552
45 0.029920562272 0.25 1 143.557408403348
54 0.029825447028 0.8125 1 146.557305667801
48 0.030090312485 -0.25 1 151.557569000677
44 0.030172058839 0.25 1 153.557653822329
88 0.030036580003 -0.25 1 158.557515258048
38 0.029986711028 -0.375 1 161.557465413576
6 0.030024335833 0 1 162.557505144994
51 0.030184754038 0 1 164.557665671481
33 0.030216685992 -0.375 1 167.557704943127
20 0.029929956956 0.25 1 168.557408578836
57 0.030160956955 0 1 168.557639465422
99 0.029933999998 0.625 1 171.557422012768
66 0.029928472391 0 1 174.557416325049
93 0.029908118499 -0.03125 1 181.557386904292
38 0.029951396925 -0.25 1 183.55743879081
68 0.029989376576 -0.125 1 187.557476050534
67 0.029857216443 0 1 192.557344867419
99 0.029899568715 0.929688 1 193.557383580285
30 0.030156568714 0.25 1 193.557640752243
69 0.029899464302 0.871094 1 195.557387267773
64 0.030027007417 0.375 1 199.55750424605
29 0.02987850115 0.625 1 203.557357196587
62 0.030109107949 0 1 205.557587796604
46 0.030003280047 0 1 208.557486278383
81 0.030055536963 0 1 209.557534219408
32 0.02980790381 0 1 210.557292702119
40 0.029949825307 0.4375 1 211.557428487928
12 0.029961579567 0.25 1 213.557445916528
41 0.03001494628 0 1 215.557494989538
96 0.030000539751 0 1 217.557479228378
15 0.029865795459 0.25 1 223.557344478406
73 0.029863073413 -0.5 1 226.557341739295
3 0.030068073412 -0.5 1 226.557546630814
74 0.030338073411 0.4375 1 226.557816643574
88 0.029997602905 -0.375 1 232.557476303852
17 0.030004734863 0 1 237.55749293751
91 0.030148941644 0.25 1 241.557627590185
29 0.029893548814 0.953125 1 242.557378048529
27 0.030150548813 0.484375 1 242.557635062003
28 0.029866731155 -0.375 1 244.557345405072
56 0.029929289917 0.25 1 246.557411744115
75 0.030041725993 0 1 247.557520403276
10 0.029901809216 0.25 1 248.557384793082
80 0.02989066351 0.492188 1 250.557369344497
55 0.0300919226 0.25 1 256.55757061236
84 0.030143992832 0.8125 1 258.557622492037
31 0.029899644573 0.4375 1 259.557378341964
40 0.029962827641 0.492188 1 262.557441492596
32 0.029852999999 0.25 1 265.557331694607
9 0.030090767704 0.46875 1 269.557575032428
43 0.030150077943 -0.125 1 272.557627321188
64 0.029990278801 0.71875 1 276.557478191388
79 0.030004990034 0.4375 1 277.557481521209
90 0.030154398868 0 1 285.557640394549
51 0.030025790543 0.4375 1 288.557511727566
17 0.030042156133 0 1 289.557518872498
82 0.030057947843 0.25 1 291.557538462109
14 0.029975001536 0.875 1 295.557459169805
8 0.029884518958 -0.5 1 297.557372681507
84 0.030378529343 0.84375 1 301.557863486975
83 0.030322474441 0 1 302.557801064156
52 0.030053880966 0.375 1 303.557535013589
58 0.030245880965 -0.0078125 1 303.557727022992
50 0.030450880964 0 1 303.557931864183
92 0.030105971582 0.46875 1 305.557589763592
19 0.030075329429 0.484375 1 306.557556143881
90 0.030116462457 0.375 1 307.55759553601
70 0.030134199333 0.375 1 309.557623142762
66 0.030156164074 0 1 310.557640402881
17 0.030091895145 0.375 1 311.557575234379
32 0.029797490022 0.25 1 312.557284869377
42 0.030067490021 0 1 312.557555078804
76 0.030056230304 0 1 314.557539816966
14 0.02996233956 0.929688 1 317.557445657585
81 0.030106079413 0 1 322.557586214438
10 0.029896719329 0.375 1 324.557384703756
82 0.030100027728 0.25 1 327.557577457067
98 0.029907999998 -0.125 1 333.557386900166
28 0.029867872269 -0.5 1 339.55734540537
27 0.030115999998 0.484375 1 341.557599277818
74 0.030017331945 0.71875 1 342.557501942252
35 0.030100625353 0.4375 1 343.557587880364
6 0.030069087661 0.25 1 350.557557167288
7 0.030096626335 0 1 351.557582288302
75 0.029989725691 0.492188 1 358.557468402672
98 0.02992094685 -0.125 1 361.557399347202
35 0.030277588488 0.46875 1 365.557757479099
80 0.029904121286 0.492188 1 366.557383337701
3 0.030096121285 -0.5 1 366.557575313433
8 0.029961300047 -0.25 1 369.557450648369
6 0.030070270598 0.4375 1 372.557557194236
94 0.029906844335 0.484375 1 373.557385510652
7 0.030306844334 0.25 1 373.557785250473
58 0.030346626936 -0.0078125 1 375.557830323269
21 0.029957006623 0.375 1 377.557434046781
81 0.030061565098 0 1 378.557544129178
84 0.030331565097 0.921875 1 378.557814138505
52 0.029961359292 0.375 1 381.557444946608
90 0.030148649863 0.375 1 382.557627313705
36 0.03003732486 0.375 1 386.557513942277
23 0.030242324859 -0.03125 1 386.55771894846
54 0.029839999999 0.976562 1 394.557318679588
59 0.030032584998 0.929688 1 396.557518458362
60 0.029869055774 0.375 1 397.557349465167
22 0.030167265792 0.375 1 403.557647466453
75 0.03000273455 0.492188 1 404.55748142039
1 0.02995328941 0 1 411.557442489484
67 0.029881999998 0 1 415.557365163663
3 0.030019180872 -0.5 2 421.557497594295
77 0.030276180871 0 2 421.557754875209
13 0.030038461145 -0.03125 2 423.557515043298
75 0.030005904732 0.492188 2 426.557494225548
78 0.02984185295 -0.25 2 429.557318681328
32 0.029861845895 0.25 2 430.5573446734
67 0.029933443522 0 1 437.557416944317
84 0.030169787039 0.929688 1 448.557648460523
47 0.030002914758 0 1 453.557483175918
34 0.029842375391 0.492188 1 454.557320994826
89 0.03012537539 0.492188 1 454.557604024564
97 0.029942218189 0.25 1 458.557430049021
1 0.030225218188 0.4375 1 458.557713036842
40 0.029922281953 0.492188 1 459.557402508274
17 0.030190881448 0.375 1 471.557671759942
96 0.029986557196 0 1 472.557463248482
68 0.030204557195 -0.25 1 472.557681244793
35 0.030172159976 0.484375 1 474.557652925574
14 0.029938032227 0.929688 1 479.557420237297
34 0.029857761388 0.496094 1 481.557343873245
77 0.030088761387 0.4375 1 481.557574711577
1 0.030358761386 0.4375 1 481.557844804905
51 0.030050005514 0.492188 1 482.557537758798
92 0.029978070027 0.492188 1 488.557458209472
7 0.030041495681 0.375 1 496.55752738849
72 0.03029849568 0.25 1 496.557784373583
73 0.029826999999 -0.5 1 504.557305664563
94 0.029850564277 0.746094 1 509.557331674846
24 0.030099307211 0.746094 1 513.557578008222
46 0.029946595114 0.375 1 524.557434260783
55 0.030043848052 0.484375 1 528.557531642682
2 0.029928595187 0 1 529.557407277361
86 0.030070440449 0.484375 1 532.557549121447
52 0.030005234744 0.4375 1 538.557483935318
97 0.029990114731 0.25 2 540.557471771409
7 0.030212282318 0.375 2 543.557694148751
66 0.029931125433 0.25 2 547.557419984219
11 0.030188125432 0 2 547.557677159332
88 0.030432125431 -0.375 2 547.557920899325
49 0.030057387418 0.964844 2 548.557536071239
94 0.029839999999 0.994141 2 552.557318686898
67 0.029902335335 0 2 553.557391106995
9 0.030070347076 0.496094 2 554.557549030488
90 0.0301226753 0.375 2 558.557601364579
97 0.029969831903 0.25 2 562.557458404083
39 0.030095580964 0.871094 2 563.557574243482
60 0.02990983273 0.492188 1 566.557388524331
21 0.029997298646 0.4375 1 583.55747596807
72 0.030144448344 0.375 1 586.557623140758
93 0.029947809685 -0.03125 1 592.557426487374
36 0.03006757251 0.4375 1 601.557546266919
68 0.030063999998 -0.25 1 604.557541044906
5 0.02995074262 0 1 605.557431794026
