38 0.030179846355 0 2 21.55765855201
6 0.029992112507 0 2 24.55747049907
46 0.02990313652 0 2 25.557382369358
57 0.029994346476 0 2 29.557474194325
15 0.029884619928 0 2 41.557368748425
61 0.030167619927 0 2 41.557651734269
85 0.029862855407 0 2 43.557350912765
45 0.030126666387 0 2 46.557608263118
63 0.030163384651 0 2 47.557641359271
95 0.030049602929 0 2 48.557528123192
25 0.03016207957 0 2 50.557642407164
71 0.029814608283 0 1 57.557301141569
62 0.03006731391 0 1 58.557548252465
39 0.030298313909 0 1 58.557779248236
49 0.030071515949 0 1 59.557551768799
69 0.029827631567 0 1 60.557305670623
15 0.029871779881 0 1 63.557359365719
8 0.029963576055 -0.25 1 64.557444767526
79 0.030220576054 0 1 64.557701800266
26 0.029833852691 0 1 67.55731639457
60 0.03014285269 0 1 67.557625408484
95 0.030027484924 0 1 70.557514864922
65 0.029963642369 0 1 71.557441816482
53 0.030150869243 0 1 73.55763824932
24 0.030094897493 0 1 77.557578013324
29 0.029921726933 0 1 79.557409182405
49 0.030089999998 0 1 81.557577750803
96 0.029862233759 0 1 88.557339782124
87 0.030275233758 0 1 88.557752625841
61 0.030360408291 0 1 90.557841207482
75 0.029856442874 0 1 91.557342571824
3 0.030269442873 0 1 91.557755595238
27 0.030062765587 0 1 92.557544303251
17 0.030319765586 -0.25 1 92.55780151371
35 0.030122218689 0 1 97.557600890656
69 0.029882703636 0.25 1 100.557361370041
70 0.029937874083 0 1 107.557415317805
4 0.030050111312 -0.375 1 111.557530862559
0 0.029918109867 -0.375 1 115.557399134408
80 0.029857912014 0 1 117.557344676932
16 0.030050041494 -0.375 1 120.557527648874
79 0.030384199811 0.25 1 122.557862646768
24 0.030264609969 0.25 1 124.557751965132
93 0.030120739156 0 1 128.557608310484
18 0.030074827738 -0.25 1 129.557553897676
13 0.030104784881 0 1 130.557592274922
97 0.030285407335 0 1 133.557772604317
86 0.029864174209 0 1 134.557346204375
58 0.029896654268 0 1 135.557384168956
50 0.030140654267 0 1 135.557628305419
0 0.029958928778 -0.375 1 137.557440825109
17 0.030228928777 -0.375 1 137.557710905751
80 0.029862193537 0.484375 1 139.55734456296
16 0.030048404278 -0.375 1 142.55752704552
45 0.030113151761 0 1 143.557595211344
54 0.029878804532 0.375 1 146.557359274764
48 0.029867812694 0 1 151.557347013609
44 0.029977426126 0 1 153.557460114022
88 0.030105123192 0 1 158.557583801237
38 0.029992833202 0.375 1 161.557478413576
6 0.030033965724 -0.125 1 162.557518144994
51 0.030197754038 0 1 164.557678671481
33 0.030200333374 0.375 1 167.557679518537
20 0.029834435327 0.375 1 169.557320710049
57 0.030091435326 0 1 169.557577603302
99 0.029976997233 0 1 171.557459222863
66 0.029885083043 0 1 174.557362784214
93 0.02993110686 0 1 181.557416892687
38 0.030000701419 0.6875 1 183.55747779081
68 0.030088192874 0 1 187.557571477025
57 0.029933511824 0 1 192.557419420026
99 0.029930930851 0.4375 1 193.557417099858
30 0.030136541234 0.8125 1 194.557615075381
67 0.030393541233 0 1 194.557872101039
69 0.029826934041 0.25 1 195.557305693826
64 0.030056068384 0 1 199.557542560828
29 0.029865999999 0.6875 1 203.557344695436
62 0.029997389428 0.25 1 205.557486221507
46 0.029880411304 0 1 208.557369350922
81 0.030038865738 0 1 209.557518943242
32 0.029832247764 0.375 1 210.557318702119
40 0.029978441902 0.25 1 211.557467487928
12 0.029959429973 -0.5 1 213.557445916528
41 0.030128599558 0 1 215.55761576504
96 0.029881613329 0.4375 1 217.557360301956
3 0.030086795459 -0.125 1 223.557565486506
74 0.030093189123 0 1 226.557571759286
15 0.029883269475 -0.25 1 227.557370400953
73 0.030140269474 0 1 227.557627517065
88 0.030170146094 0.25 1 232.557648847041
17 0.030024815269 -0.375 1 237.55750593751
27 0.030094529277 0.929688 1 241.557573150812
91 0.029861785804 0 1 242.557338961675
29 0.030118785803 0.9375 1 242.557595921777
28 0.029866731155 0.4375 1 244.557345405072
56 0.030072167564 0 1 246.557553466247
75 0.029826999999 0 1 247.557305677282
10 0.029953809216 -0.25 1 248.557436793082
80 0.029845651991 0.484375 1 250.557331680986
55 0.030093063597 0 1 256.557578896311
84 0.02987517474 0 1 258.557353960731
31 0.029905663436 0.6875 1 259.557391341964
40 0.029981731201 0.25 1 262.557467492596
32 0.029832757489 0.71875 1 265.557318694607
9 0.030022092005 -0.5 1 269.557510032428
43 0.029992956315 0 1 272.55747019956
64 0.030020652775 0 1 276.557503506166
79 0.030063072789 0.25 1 277.557548822449
90 0.030109833221 0 1 285.55759261755
51 0.030022994302 0.25 1 288.557506001733
17 0.030025718485 -0.375 1 289.557505872498
82 0.03004792726 0.25 1 291.557531076433
14 0.029939758351 -0.03125 1 295.557420169805
8 0.029889774195 -0.5 1 297.557372681507
19 0.029842528243 -0.25 1 300.557323086015
84 0.02982183758 0 1 301.557308973375
55 0.030286837579 0 1 301.557774265172
92 0.03035607311 0 1 303.5578366759
83 0.030069696694 0 1 304.557550303628
50 0.030352696693 0.46875 1 304.557833255639
52 0.030036098182 0 1 305.557518768822
66 0.030098816537 0.375 1 306.557579444548
90 0.030156943367 0.4375 1 307.557644404558
32 0.029821946459 0.734375 1 308.557310900234
58 0.030026946458 0 1 308.557515799335
70 0.02992168029 0 1 309.557402311885
42 0.029889496121 0.25 1 310.557376651644
17 0.030095989826 -0.375 1 311.557583322054
76 0.029857102882 0.25 1 314.557344696153
14 0.029971245193 -0.03125 1 317.557458657585
19 0.029906651544 -0.25 1 322.557388759945
81 0.030150651543 0 1 322.557632938271
10 0.029922630082 -0.25 1 324.557410703756
82 0.030104394614 0.375 1 327.557583071391
98 0.030141999998 0 1 333.557628665844
28 0.029820558595 0.953125 1 339.557305674065
27 0.030046089266 0.976562 1 341.557534277818
74 0.029824913301 0 1 342.557305678905
35 0.030160011029 0.90625 1 343.557639880364
6 0.030035689912 -0.015625 1 350.557518167288
7 0.030127860657 -0.125 1 351.557608288302
75 0.029839999999 0 1 358.55731867698
98 0.030162712528 0.375 1 361.55764111288
74 0.02987879909 0.375 1 364.557357451282
3 0.030096799089 -0.125 1 364.557575493767
80 0.029887005129 0.498047 1 365.557366895135
35 0.030118005128 0.953125 1 365.557597895739
8 0.029962379079 -0.5 1 369.557450648369
6 0.029990953784 -0.015625 1 372.557479194236
84 0.029838817051 0 1 373.557324515091
7 0.03016081705 -0.0625 1 373.55764622945
58 0.029857027072 0 1 375.557345245495
94 0.029974617293 0 1 376.557453661975
81 0.030218617292 0.4375 1 376.557697678365
21 0.029961845023 0.742188 1 377.557450040156
52 0.029931421622 0.25 1 381.557419658913
90 0.030138515519 0.4375 1 382.557618536706
36 0.030027787847 0.484375 1 385.557514032261
23 0.030245787846 0.742188 1 385.557732038734
54 0.02989179105 0.4375 1 394.557372298338
59 0.029933589167 0 1 396.557414228209
60 0.030186994813 0.25 1 397.557667338665
22 0.030161355872 0.742188 1 403.557647466453
75 0.029852999999 0 1 404.557331685839
1 0.029968087246 -0.0078125 1 411.557455489484
67 0.030154999998 0.4375 1 415.557644104945
77 0.029854636441 0.375 1 421.557343486267
3 0.03012463644 -0.125 1 421.557613205351
13 0.030039778609 -0.0625 1 423.557528043298
75 0.029804267602 0 1 426.557292588418
78 0.030064703999 0 1 429.557541532377
32 0.029855904613 0.867188 1 430.5573446734
67 0.030095384804 0.492188 1 437.557578885599
84 0.029875255733 0.25 1 448.557353929217
47 0.029954871258 0.25 1 453.557435358399
89 0.029803096597 0 1 454.557281745771
34 0.030060096596 0.742188 1 454.557538716031
1 0.02997396271 -0.0078125 1 458.557452776072
97 0.030191962709 0.4375 1 458.557670788249
40 0.029914959452 0.375 1 459.557402508274
96 0.029914966726 0.492188 1 468.557402471388
68 0.030132966725 0.484375 1 468.557620465366
17 0.030070183987 -0.375 1 471.557557878492
35 0.030113562856 0.966797 1 474.557600925574
14 0.029993803496 -0.03125 1 479.557472237297
77 0.029857372573 0.484375 1 481.557343322763
51 0.030032929863 0.375 1 484.557518852643
92 0.029894976942 0.46875 1 488.557375742345
72 0.029902472968 0.25 1 492.557387316727
7 0.030120472967 -0.0625 1 492.557605330389
73 0.029847067411 0.375 1 504.557331664563
94 0.030043616087 0 1 509.557522290934
24 0.030132679092 0.492188 1 513.557617008222
46 0.029818014284 0.25 1 524.557305679953
55 0.030083909652 0.375 1 528.557565926633
2 0.029980595187 -0.03125 1 529.557459277361
86 0.02990944709 0.25 1 532.557388128088
52 0.029884165218 0.25 1 538.557367647623
97 0.030167569569 0.4375 1 540.557644901869
66 0.029869600335 0.4375 1 543.55734695754
88 0.030126600334 0.46875 1 543.55760386817
7 0.030409600333 -0.0625 1 543.557886691938
11 0.030173998694 -0.5 1 547.557657033898
49 0.030112057462 0.25 1 548.557590741283
94 0.030012298502 0.375 1 552.557496315038
67 0.030166417427 0.496094 1 553.557644048277
9 0.030031347076 -0.5 1 554.557510030488
90 0.030160941659 0.4375 1 558.55764458758
97 0.030122709777 0.46875 1 562.557605534543
39 0.030043580964 0.867188 1 563.557522243482
60 0.030136706228 0.25 1 566.557615397829
21 0.030041803065 0.874512 1 583.55752796807
72 0.029832376546 0.25 1 586.557318692413
93 0.02989979808 0.25 1 592.557378475769
36 0.03005457251 0.746094 2 601.557533266919
68 0.030014797068 0.484375 2 604.557493471397
5 0.030005109787 -0.0625 2 605.557483794026
