6 0.03023085594 0 2 21.557709352452
46 0.029868999998 0 2 25.557348232836
38 0.030099999997 0 2 25.557579061247
57 0.030090829268 0 2 29.557568470637
15 0.029863669212 0 2 41.557342196787
61 0.030055669211 0 2 41.557534182631
85 0.030038473723 0 2 43.55751699851
45 0.029944956316 0 2 46.557423663198
63 0.029893442108 0 2 47.557378645287
95 0.02991439093 0 2 48.557392911193
25 0.030099840024 0 2 50.557577407164
62 0.029868999998 0.25 2 54.557353264336
39 0.030086999997 0 2 54.557571270217
71 0.029904638233 0 2 57.557388779804
49 0.030050151443 0.25 1 59.557533651924
69 0.030049065824 0 1 60.557533070726
79 0.030107703007 0 1 64.557594924032
15 0.029870456228 0 1 65.557357301958
8 0.030075456227 0 1 65.557562490237
26 0.029886133847 0 1 67.557367946835
60 0.030169133846 0 1 67.557650960749
95 0.029912753703 0 1 70.557392652923
65 0.029929413828 0 1 71.557406822451
53 0.03004309278 0 1 73.557523006283
24 0.030159642295 0 1 77.557643013324
29 0.029890452037 0 1 79.557370182405
49 0.030067945347 0.25 1 81.557546633928
96 0.029894470491 0 1 90.55737530983
27 0.030417362767 0 1 91.557894738311
75 0.030687362766 0 1 91.558165005214
61 0.030206102074 -0.25 1 92.557689422282
17 0.030424102073 0 1 92.557907519234
87 0.0300196886 0 1 94.557497180859
3 0.030250688599 0 1 94.55772835354
35 0.030109218689 0 1 97.557587890656
69 0.030067395883 -0.25 1 100.557546062288
70 0.030022314979 -0.25 1 107.557500186896
4 0.030068927029 0 1 111.557556862559
0 0.030011444736 0.25 1 115.557490134408
80 0.029892321114 0 1 117.55738055238
16 0.030013284204 0 1 120.557501648874
79 0.030253116815 0 1 122.557742042095
69 0.030536116814 -0.25 1 122.558025268786
18 0.0299649971 0 1 123.557448537707
93 0.030169997099 0 1 123.55765353657
24 0.030134545682 0.375 1 124.557617013246
58 0.030119277106 0.125 1 128.55760127227
86 0.030114704221 0 1 129.557592936634
13 0.030049378327 0 1 130.557528049762
97 0.029912943025 0 1 136.557391036891
50 0.030195943024 -0.125 1 136.557674023163
80 0.029867383929 0.4375 1 139.557351587034
17 0.030102028896 0 1 140.557583639204
16 0.030017572346 0 1 142.55750104552
45 0.02987669289 0.375 1 143.557358611424
54 0.030076935067 -0.375 1 146.55756057721
48 0.029985273055 0.375 1 151.557470495286
44 0.030108219735 0.375 1 153.557590425104
88 0.029911251456 0.25 1 158.557387767077
38 0.030025711028 0 1 161.557504413576
6 0.030069160056 0 1 162.557557144994
57 0.030210572868 -0.25 1 164.55769151022
33 0.030151835429 0 1 167.557632509265
20 0.029879016312 0 1 170.557359572738
51 0.030149016311 -0.25 1 170.557629453338
99 0.029853274201 0 1 171.557331692977
66 0.030071655909 -0.125 1 174.557550030125
93 0.030001173917 0.375 1 181.557486989963
38 0.03002574182 0 1 183.55750379081
57 0.030076999998 -0.25 1 186.557555166065
68 0.029947819089 -0.375 1 187.557433902188
67 0.029897214551 -0.375 1 191.557383957141
30 0.03016721455 0 1 191.557653930465
99 0.029863747561 0.25 1 193.557349629913
69 0.030041423305 -0.25 1 195.557520117132
64 0.030045719763 -0.375 1 199.557526780441
29 0.029896311466 0 1 203.557383196587
62 0.029935298811 0 1 205.557413987466
46 0.029913216188 0.375 1 208.557391904942
81 0.030086903324 0 1 209.557570431606
32 0.029831277541 0 1 210.557318702119
40 0.029962825307 0.4375 1 211.557441487928
12 0.029984600042 0 1 213.557471916528
41 0.029985871819 0.375 1 215.557468989538
96 0.029931468386 0 1 217.557410157013
15 0.029894999998 0.25 1 223.557380053659
74 0.030285836589 -0.5 1 226.557770643576
73 0.030008893541 -0.375 1 229.557493537855
3 0.03025289354 0.25 1 229.557737438743
88 0.029916076638 0.25 1 232.557400812881
17 0.030036942901 0 1 237.55751893751
29 0.029853308336 0.25 1 241.557340653562
28 0.029827389586 0 1 244.557311978693
91 0.030045389585 0 1 244.557529823232
27 0.030302389584 0 1 244.557786795566
56 0.029936676147 -0.5 1 246.557423732038
75 0.030101658045 -0.25 1 247.557586169452
10 0.029940809216 0 1 248.557423793082
80 0.02989609002 0.4375 1 250.557380560488
55 0.029972999998 -0.5 1 256.557458868167
84 0.029867129217 0.25 1 258.557356266272
31 0.029892599649 0 1 259.557378341964
40 0.029968907148 0.84375 1 262.557454492596
32 0.029820142543 0.375 1 265.557305694607
9 0.030000131742 0 1 269.557484032428
43 0.030086947657 0.46875 1 272.557575321188
64 0.029998999998 -0.5 1 276.557487725779
79 0.030154785605 -0.125 1 277.557633946214
90 0.029974576038 0 1 285.557463018665
51 0.02998958566 -0.5 1 288.557478007624
17 0.030052492261 0.375 1 289.557531872498
82 0.029984325735 0 1 291.557467320376
14 0.029954773158 0 1 295.557433169805
8 0.029980892804 0 1 297.557463681507
83 0.030145156235 0 1 300.557624804028
84 0.030123562471 0.375 1 301.557602942803
55 0.03039356247 -0.25 1 301.5578732346
92 0.030112521312 0 1 303.557600524378
50 0.030045553029 -0.25 1 305.557529176381
58 0.030346168896 -0.125 1 306.55783376706
19 0.02982901842 0 1 307.557313895109
32 0.029820314968 0.46875 1 308.55730393083
90 0.030051314967 0.25 1 308.557535031171
52 0.030291491558 -0.25 1 309.557767833862
66 0.030116217213 -0.0625 1 310.557601402881
17 0.030208633136 0.375 1 311.55769197237
42 0.029839823575 0.484375 1 313.55731784853
70 0.030031823574 -0.25 1 313.557509822945
76 0.029873130303 -0.5 1 314.557356716965
14 0.02996233956 0 1 317.557445657585
81 0.030142291611 0 1 322.557622426636
10 0.029954210071 0 1 324.557436703756
82 0.029984751742 0.375 1 327.557467315334
98 0.029964605691 0.25 1 333.557444722112
28 0.029817928766 0 1 339.557305674065
27 0.030076999998 0 1 341.557560277818
74 0.030048415131 -0.5 1 342.557536024471
35 0.030102913161 0 1 343.557587880364
6 0.030056087661 0 1 350.557544167288
7 0.030067199729 0 1 351.557556288302
75 0.030179428524 -0.25 1 358.557664168848
98 0.030037583584 0.46875 1 361.557522169148
80 0.029874588488 0.46875 1 365.557354478494
35 0.030222588487 0 1 365.557702479098
3 0.030050999998 0.25 1 366.557539313434
8 0.029923379079 0 1 369.557411648369
6 0.030003953784 0 1 372.557492194236
81 0.030422218542 0.25 1 375.557909692446
84 0.029866454803 0.375 1 376.55735056025
7 0.030331454802 0 1 376.557815408248
94 0.029853002525 0.4375 1 377.557329828215
21 0.030071002524 0 1 377.557548042682
58 0.030302002523 -0.125 1 377.557778934028
52 0.02995262292 -0.25 1 381.557439938415
90 0.029965975312 0.25 1 382.557449937821
36 0.030056068033 0.25 1 385.557540032261
23 0.030339068032 0 1 385.557823038734
54 0.030031837199 -0.25 1 394.557508600784
59 0.029901143191 -0.5 1 396.557378899814
60 0.030037999998 -0.125 1 397.55752389093
22 0.030122803607 0 1 403.557608466453
75 0.030128564502 -0.25 1 404.557612186566
1 0.029965103857 0 1 411.557442489484
67 0.029826999999 -0.5 1 415.557305691339
77 0.029978374647 -0.25 1 421.557463167989
3 0.030209374646 0.4375 1 421.557693887073
13 0.030013778609 0.25 1 423.557502043298
75 0.030162670908 -0.25 1 426.557650991724
78 0.030106060493 -0.25 1 429.557582888871
32 0.029891614223 0.46875 1 430.557378878678
67 0.029868567862 -0.5 1 437.557352068657
84 0.029866491215 0.375 1 448.557344673483
89 0.030167485452 0 1 453.557646179561
34 0.029842282046 0 1 456.557320812552
47 0.030086282045 0.746094 1 456.557564833748
97 0.029908375303 0 1 458.557391304315
1 0.030191375302 0 1 458.557674292136
40 0.02997583548 0.929688 1 459.557454508274
17 0.030147810083 0.375 1 471.557628688577
68 0.029873351087 -0.5 1 472.55735294526
96 0.030143351086 0.25 1 472.557622948947
35 0.030107159976 0.25 1 474.557587925574
14 0.029984612129 0 1 479.557472237297
34 0.02984362706 0 1 481.557330682123
1 0.030074627059 0 1 481.557561613784
77 0.030357627058 -0.25 1 481.557844520454
51 0.030016285572 -0.5 1 482.557504038856
92 0.030005385201 0.375 1 488.55748405389
72 0.0299096944 -0.5 1 492.557387316727
7 0.030179694399 0 1 492.557657330389
73 0.029959999998 -0.5 1 504.557444537806
94 0.029839999999 0.4375 1 509.557318674846
24 0.030093738436 0.375 1 513.557578008222
46 0.029909616761 0.871094 1 524.557391887342
55 0.029989881508 -0.25 1 528.557471898489
2 0.030001218142 0 1 529.557485277361
86 0.030082994973 0 1 532.557566919036
52 0.029995208141 -0.25 1 538.557478927125
97 0.029934021953 0.375 2 540.557420026703
88 0.029903373945 0.484375 2 541.557387108972
7 0.030108373944 0 2 541.557591888035
66 0.030154957943 -0.0625 2 543.557641081229
11 0.030147024643 0.25 2 547.557631033898
49 0.02998288553 0.746094 2 548.557468624408
94 0.029852999999 0.4375 1 552.557331686898
67 0.029816891345 -0.5 1 553.557305663005
9 0.030050317166 0.25 1 554.557536030488
90 0.029971299416 0.25 1 558.557449988695
97 0.029897660103 0.484375 1 562.557380659377
39 0.030075388685 0 1 563.557561243482
60 0.03006393161 -0.125 1 566.557549950094
21 0.0299772508 0 1 583.55746296807
72 0.029886780153 -0.5 1 586.557372648285
93 0.030021895356 0.375 1 592.557500573045
36 0.03004157251 0.4375 1 601.557520266919
68 0.029877222231 -0.5 1 604.55735589656
5 0.029969138942 0 1 605.557457794026
