6 0.03023085594 0 2 21.557709352452
46 0.029957249539 0 2 27.557444365986
38 0.030162249538 0 2 27.557649211505
57 0.030006771066 0 2 29.557486618915
15 0.030100481162 0 2 43.557581024437
85 0.029891027167 0 2 44.557372871091
61 0.030135027166 0 2 44.557616917296
45 0.02994499332 0 2 46.557421455122
63 0.029908787497 0 2 47.557390683572
95 0.02998457904 0 2 48.557463099303
25 0.030191755269 0 2 50.557668407164
71 0.029957050201 0 2 57.557441191772
39 0.030051196716 0 2 58.557532326714
62 0.030295196715 0 2 58.557776330941
49 0.030046521604 0 2 59.557523098755
69 0.029847665721 0 2 60.557331670623
8 0.029927692163 0.25 2 63.557411662797
79 0.03001278404 0 2 64.557494499027
15 0.02991567839 0.25 2 65.557398713734
26 0.029844424689 0 2 70.557328120414
95 0.030101424688 0 2 70.557584963019
60 0.030319424687 0 2 70.55780313399
65 0.030019259721 0 2 71.557497433834
53 0.030121331136 0 2 73.557599411849
24 0.030167999998 0 2 77.557656013324
29 0.029931804802 0 1 79.557409182405
49 0.029992392178 0 1 81.557471080759
87 0.029874566667 0 1 85.557352259747
27 0.030066566666 0 1 85.557544244951
17 0.030229382894 0 1 90.557710292114
61 0.029889384687 0 1 91.557368873579
75 0.030208423552 0 1 92.557697704183
96 0.029920999998 0 1 93.557409202475
3 0.030190999997 0.25 1 93.557679334935
35 0.03011149662 0 1 97.557587890656
69 0.029949841883 0 1 100.557426212929
70 0.029984622101 0 1 107.557471742948
4 0.030113926833 0 1 111.557595862559
0 0.029998444736 0 1 115.557477134408
80 0.029941630297 0 1 117.557421336389
16 0.029987284204 0 1 120.557475648874
18 0.030306160135 0.25 1 122.557784865745
93 0.029929281881 0 1 124.557405930955
24 0.03012128188 0.625 1 124.557598020052
79 0.030404281879 -0.375 1 124.557880697934
58 0.030160330225 -0.125 1 128.557648151645
86 0.030125781593 0 1 129.557614139045
13 0.030064582402 0.375 1 130.557541049762
97 0.029927331804 0 1 136.557403781597
50 0.030197331803 0 1 136.557673767869
80 0.030234450114 0.4375 1 139.557711090243
17 0.030070056668 0 1 140.557557639204
16 0.030061663913 0.25 1 142.55754004552
45 0.029972562272 0.25 1 143.557460403348
54 0.029851447028 0.0625 1 146.557331667801
48 0.030012312485 -0.375 1 151.557491000677
44 0.030107058839 0 1 153.557588822329
88 0.029984580003 0 1 158.557463258048
38 0.029973711028 -0.375 1 161.557452413576
6 0.030011335833 0 1 162.557492144994
57 0.030199384806 0 1 165.557678026473
33 0.03018325213 -0.375 1 167.557671509265
20 0.029850868728 0 1 168.557329490608
51 0.030042868727 0 1 168.557521360265
99 0.029946999998 -0.125 1 171.557435012768
66 0.029954472391 0 1 174.557442325049
93 0.029960118499 -0.0625 1 181.557438904292
38 0.029951396925 -0.375 1 183.55743879081
68 0.029999582095 -0.375 1 187.557486256053
57 0.030269582094 0 1 187.55775605292
20 0.029916981694 0 1 190.557401586976
67 0.029896164627 0 1 191.557383957141
30 0.030140164626 0.25 1 191.557627930465
99 0.029963426868 -0.125 1 193.557447438438
69 0.029873464302 0.0625 1 195.557361267773
64 0.029975007417 -0.375 1 199.55745224605
29 0.02994350115 -0.375 1 203.557422196587
62 0.030109107949 0.25 1 205.557587796604
46 0.029955589629 0 1 208.557434278383
81 0.030146536963 0 1 209.557625219408
32 0.02980790381 0.25 1 210.557292702119
40 0.030001825307 0.25 1 211.557480487928
12 0.030000579567 0.375 1 213.557484916528
41 0.02993694628 0 1 215.557416989538
96 0.029948539751 0 1 217.557427228378
3 0.030099795459 0.8125 1 223.557578486506
74 0.030167072929 -0.25 1 226.557645643092
73 0.029839396128 -0.5 1 227.557320662311
15 0.030109396127 0.4375 1 227.557590546197
88 0.030049602905 -0.375 1 232.557528303852
17 0.030069734863 0 1 237.55755793751
29 0.029912529277 -0.5 1 241.557391137567
28 0.029818843452 -0.5 1 244.557297517369
27 0.030088843451 0.25 1 244.557567334243
91 0.03030684345 0 1 244.557785361907
56 0.029942289917 0 1 246.557424744115
75 0.030002725993 0 1 247.557481403276
10 0.029875809216 0 1 248.557358793082
80 0.02992966351 0.46875 1 250.557408344497
55 0.0300919226 0.25 1 256.55757061236
84 0.030078992832 -0.25 1 258.557557492037
31 0.029912644573 0 1 259.557391341964
40 0.029962827641 0.25 1 262.557441492596
32 0.029826999999 0.25 1 265.557305694607
9 0.030090767704 0.46875 1 269.557575032428
43 0.030150077943 -0.25 1 272.557627321188
64 0.030003278801 -0.5 1 276.557491191388
79 0.030017990034 -0.375 1 277.557494521209
90 0.030102398868 0 1 285.557588394549
51 0.029973790543 0.25 1 288.557459727566
17 0.030029156133 0 1 289.557505872498
82 0.030057947843 0 1 291.557538462109
14 0.029923001536 0.6875 1 295.557407169805
8 0.029910518958 0.46875 1 297.557398681507
19 0.029844962806 0.46875 1 299.557323650759
50 0.030036962805 0.25 1 299.557515637913
83 0.030017380547 -0.5 1 300.557495482677
55 0.030082374125 0.375 1 301.557567623555
84 0.030339374124 -0.25 1 301.557824331756
58 0.030156455936 -0.25 1 303.557637597963
52 0.030114627473 0 1 305.557598392865
32 0.029841479872 0.375 1 306.557322529098
66 0.030098479871 0 1 306.557579595138
92 0.03034247987 0.25 1 306.557823437395
90 0.030109108004 0 1 307.557588181557
70 0.030021793599 0.25 1 309.557510737028
42 0.029860281133 0 1 310.55734468052
17 0.03009998282 0.25 1 311.557583322054
76 0.030056230304 0 1 314.557539816966
14 0.02996233956 0.953125 1 317.557445657585
19 0.029859410614 0.742188 1 321.557345110042
81 0.030119079413 0 1 322.557599214438
10 0.029883719329 0.25 1 324.557371703756
82 0.030139027728 0 1 327.557616457067
98 0.029839776665 -0.25 1 333.557318676833
28 0.029893872269 -0.5 1 339.55737140537
27 0.030115999998 0.375 1 341.557599277818
74 0.029965331945 -0.25 1 342.557449942252
35 0.030165625353 0.25 1 343.557652880364
6 0.030017087661 0.25 1 350.557505167288
7 0.030044626335 0 1 351.557530288302
75 0.029989725691 0.375 1 358.557468402672
98 0.029852999999 -0.25 1 361.557331400351
3 0.030095588488 0.859375 1 365.557575454066
35 0.030352588487 0.375 1 365.557832479098
80 0.029942023664 0.492188 1 366.557421240079
8 0.029935300047 0.492188 1 369.557424648369
6 0.030070270598 0.25 1 372.557557194236
94 0.029870805334 -0.5 1 373.557349471651
84 0.030347869447 -0.25 1 374.557826516239
81 0.030047634727 0.25 1 375.557531238528
58 0.030401592192 -0.25 1 377.557878523697
21 0.029968440096 0 1 379.557447055255
7 0.030238440095 0 1 379.557716846234
52 0.029974359292 0 1 381.557457946608
90 0.030161649863 0 1 382.557640313705
36 0.03001132486 0 1 386.557487942277
23 0.030268324859 0.742188 1 386.55774494846
54 0.029884245797 -0.03125 1 394.557362925386
59 0.030045584998 -0.5 1 396.557531458362
60 0.029947055774 0 1 397.557427465167
22 0.030089265792 0 1 403.557569466453
75 0.03006773455 0.375 1 404.55754642039
1 0.03001828941 0 1 411.557507489484
67 0.029899472323 0.25 1 415.557378163663
3 0.030058180872 0.871094 1 421.557536594295
77 0.030276180871 0 1 421.557754875209
13 0.030064461145 0.484375 1 423.557541043298
75 0.030044904732 0.375 1 426.557533225548
78 0.02986785295 -0.5 1 429.557344681328
32 0.029839999999 0.375 1 430.5573186734
67 0.029881443522 0.25 1 437.557364944317
84 0.030091787039 -0.25 1 448.557570460523
89 0.030128375391 -0.5 1 454.557607024565
34 0.029892757922 -0.5 1 456.557372812552
47 0.030162757921 0.25 1 456.557642833748
97 0.029929218189 0.25 1 458.557417049021
1 0.030186218188 0 1 458.557674036842
40 0.029987281953 0.25 1 459.557467508274
96 0.029933999998 0.375 1 471.557414752103
17 0.03003415855 0.25 1 473.557515955516
68 0.030265158549 -0.5 1 473.557746829871
35 0.030146159976 0.375 1 474.557626925574
14 0.029964032227 0.976562 1 479.557446237297
34 0.029883761388 -0.5 1 481.557369873245
77 0.030153761387 0.25 1 481.557639711577
1 0.030358761386 0 1 481.557844804905
51 0.029985005514 0.484375 1 482.557472758798
92 0.029978070027 0.375 1 488.557458209472
72 0.030095322321 0 1 496.557581200224
7 0.03037832232 0 1 496.557864215129
73 0.029883816392 -0.5 1 504.557362480956
94 0.029899714282 -0.5 1 509.557380824851
24 0.030138307211 0.748047 1 513.557617008222
46 0.029972595114 0.25 1 524.557460260783
55 0.030030848052 0.375 1 528.557518642682
2 0.029967595187 0.25 1 529.557446277361
86 0.030083440449 0.375 1 532.557562121447
52 0.030018234744 0 1 538.557496935318
97 0.029925114731 0.25 1 540.557406771409
7 0.030264282318 0 1 543.557746148751
66 0.029883091843 0 1 547.557371950629
88 0.030166091842 -0.5 1 547.557654865736
11 0.030384091841 0 1 547.557873125741
49 0.029979387418 -0.125 1 548.557458071239
94 0.029865999999 -0.5 1 552.557344686898
67 0.029928335335 0.25 1 553.557417106995
9 0.030083347076 0.498047 1 554.557562030488
90 0.0301356753 0 1 558.557614364579
97 0.029943831903 0.25 1 562.557432404083
39 0.030056580964 -0.25 1 563.557535243482
60 0.02989683273 0.25 1 566.557375524331
21 0.029984298646 0 1 583.55746296807
72 0.030144448344 0 1 586.557623140758
93 0.029921809685 -0.0625 1 592.557400487374
36 0.03005457251 0.25 1 601.557533266919
68 0.029998999998 -0.5 1 604.557476044906
5 0.03000274262 0.25 1 605.557483794026
