38 0.030179846355 0 2 21.55765855201
6 0.029992112507 0 2 24.55747049907
46 0.02990313652 0 2 25.557382369358
57 0.029994346476 0 2 29.557474194325
15 0.029884619928 0 2 41.557368748425
61 0.030167619927 0 2 41.557651734269
85 0.029862855407 0 2 43.557350912765
45 0.030126666387 0 2 46.557608263118
63 0.030163384651 0 2 47.557641359271
95 0.030049602929 0 2 48.557528123192
25 0.03016207957 0 2 50.557642407164
71 0.029814608283 0 1 57.557301141569
62 0.03002831391 0 1 58.557509252465
39 0.030298313909 0 1 58.557779248236
49 0.030162515949 0 1 59.557642768799
69 0.029827631567 0 1 60.557305670623
15 0.029923779881 -0.25 1 63.557411365719
8 0.029898576055 -0.25 1 64.557379767526
79 0.030129576054 0 1 64.557610800266
26 0.029820852691 0 1 67.55730339457
60 0.03016885269 0 1 67.557651408484
95 0.030040484924 0 1 70.557527864922
65 0.029885642369 0 1 71.557363816482
53 0.030085869243 0 1 73.55757324932
24 0.030172897493 0 1 77.557656013324
29 0.029882726933 0 1 79.557370182405
49 0.030128999998 0.25 1 81.557616750803
27 0.030030811653 0 1 86.557512992713
87 0.030300811652 0 1 86.557783007188
96 0.02990423021 0 1 88.557381778575
61 0.030174230209 0 1 88.557651737911
17 0.030076999998 -0.25 1 90.557557909218
75 0.029853848487 0 1 91.557331490935
3 0.030071848486 0 1 91.557549514349
35 0.030122218689 0 1 97.557600890656
69 0.029839999999 0 1 100.557318666404
70 0.029911874083 0 1 107.557389317805
4 0.030089111312 -0.375 1 111.557569862559
0 0.029957109867 -0.375 1 115.557438134408
80 0.029920255967 0 1 117.557407020885
16 0.030011041494 -0.25 1 120.557488648874
79 0.030164053342 0.25 1 123.55764724338
24 0.030173609969 -0.25 1 124.557660965132
93 0.029966073812 0 1 127.557453461472
18 0.030210073811 -0.375 1 127.557697464868
58 0.029804869418 0 1 128.557292690838
86 0.029895794692 0 1 129.557375145686
13 0.030027559721 -0.125 1 130.557515049762
50 0.029892574697 0.25 1 132.557371862394
97 0.030123574696 0 1 132.557602874872
80 0.029843686116 0.4375 1 139.557326055539
17 0.03010190318 -0.375 1 140.557583639204
16 0.029996404278 -0.375 1 142.55747504552
45 0.030100151761 0 1 143.557582211344
54 0.029943804532 0.25 1 146.557424274764
48 0.029932812694 0 1 151.557412013609
44 0.030003426126 0 1 153.557486114022
88 0.030144123192 0 1 158.557622801237
38 0.030005833202 0.375 1 161.557491413576
6 0.030072965724 -0.25 1 162.557557144994
51 0.030115722778 0 1 165.557601634202
33 0.030140324102 0.375 1 167.557619509265
57 0.02989428092 0 1 169.557380448896
20 0.030112280919 -0.375 1 169.557598555641
99 0.029963997233 0 1 171.557446222863
66 0.029872083043 0.25 1 174.557349784214
93 0.02987910686 0 1 181.557364892687
38 0.030013701419 0.4375 1 183.55749079081
68 0.030010192874 0 1 187.557493477025
20 0.02987576059 -0.5 1 191.557354456531
67 0.030197760589 0 1 191.557676454147
57 0.029950006348 0 1 192.55743591455
30 0.030207006347 0.625 1 192.557692840969
99 0.029972479526 0 1 193.557458648533
69 0.0298956651 0 1 195.557374424885
64 0.030095068384 0 1 199.557581560828
29 0.02994350115 -0.375 1 203.557422196587
62 0.030010389428 0.25 1 205.557499221507
46 0.029867411304 0 1 208.557356350922
81 0.030077865738 0 1 209.557557943242
32 0.029892481761 0.375 1 210.557378936116
40 0.029900441902 0 1 211.557389487928
12 0.030024429973 -0.5 1 213.557510916528
41 0.030076599558 0 1 215.55756376504
96 0.029881613329 0.25 1 217.557360301956
3 0.030086795459 -0.0625 1 223.557565486506
74 0.030028189123 0 1 226.557506759286
73 0.029876530914 0 1 227.557363778505
15 0.030120530913 -0.5 1 227.557607662391
88 0.030157146094 0 1 232.557635847041
17 0.030102815269 -0.375 1 237.55758393751
91 0.029857786958 0 1 240.557339267897
27 0.030140786957 -0.0625 1 240.557622240337
29 0.029904414003 -0.5 1 241.557383022293
28 0.029866731155 -0.5 1 244.557345405072
56 0.030072167564 0 1 246.557553466247
75 0.029813999999 0 1 247.557292677282
10 0.029914809216 -0.5 1 248.557397793082
80 0.029907999998 0.4375 1 250.557394028993
55 0.030067063597 0 1 256.557552896311
84 0.02990117474 0 1 258.557379960731
31 0.029905663436 0.6875 1 259.557391341964
40 0.029942731201 0 1 262.557428492596
32 0.029832757489 0.71875 1 265.557318694607
9 0.030074092005 -0.5 1 269.557562032428
43 0.029927956315 0 1 272.55740519956
64 0.030033652775 0.25 1 276.557516506166
79 0.030128072789 0.25 1 277.557613822449
90 0.030096833221 0 1 285.55757961755
51 0.030061994302 0.4375 1 288.557545001733
17 0.030012718485 -0.375 1 289.557492872498
82 0.03009992726 0 1 291.557583076433
14 0.029991758351 -0.5 1 295.557472169805
8 0.029902774195 -0.5 1 297.557385681507
19 0.029829528243 -0.25 1 300.557310086015
84 0.02988683758 0 1 301.557373973375
55 0.030338837579 0.25 1 301.557826265172
92 0.030362564149 0 1 303.557843166939
50 0.03008916267 0.4375 1 304.557569721616
83 0.030359162669 0 1 304.557839769603
52 0.030010098182 0.25 1 305.557492768822
66 0.030046816537 0.25 1 306.557527444548
90 0.030143943367 0 1 307.557631404558
32 0.029808946459 0.734375 1 308.557297900234
58 0.030078946458 0.25 1 308.557567799335
70 0.02993468029 0 1 309.557415311885
42 0.029902496121 0 1 310.557389651644
17 0.030043989826 -0.375 1 311.557531322054
76 0.029894953311 0.25 1 314.557382546582
14 0.029945245193 -0.5 1 317.557432657585
19 0.029841651544 -0.25 1 322.557323759945
81 0.030059651543 0 1 322.557541938271
10 0.029883630082 -0.5 1 324.557371703756
82 0.030117394614 0 1 327.557596071391
98 0.030128999998 0 1 333.557615665844
28 0.029820558595 -0.5 1 339.557305674065
27 0.030072089266 -0.0625 1 341.557560277818
74 0.029892216197 0 1 342.557372981801
35 0.030147011029 0.734375 1 343.557626880364
6 0.030074689912 -0.5 1 350.557557167288
7 0.030101860657 -0.125 1 351.557582288302
75 0.029852999999 0 1 358.55733167698
98 0.030097712528 0.25 1 361.55757611288
74 0.02990479909 0.25 1 364.557383451282
3 0.030187799089 -0.0625 1 364.557666493767
80 0.029926005129 0.492188 1 365.557405895135
35 0.030157005128 0.867188 1 365.557636895739
8 0.029975379079 -0.5 1 369.557463648369
6 0.030055953784 -0.5 1 372.557544194236
84 0.029903817051 0 1 373.557389515091
7 0.03034281705 -0.125 1 373.55782822945
58 0.029883027072 0.25 1 375.557371245495
94 0.030088027071 0.375 1 375.557576135819
81 0.03031902707 0 1 375.557807152961
21 0.030026845023 -0.5 1 377.557515040156
52 0.029970421622 0.375 1 381.557458658913
90 0.030099515519 0 1 382.557579536706
36 0.0300685704 0.742188 1 389.557556289851
23 0.030351570399 -0.25 1 389.557839294137
54 0.02990479105 0.375 1 394.557385298338
59 0.029985589167 0 1 396.557466228209
60 0.030160994813 0.25 1 397.557641338665
22 0.030148355872 -0.5 1 403.557634466453
75 0.029839999999 0 1 404.557318685839
1 0.029981087246 -0.25 1 411.557468489484
67 0.030128999998 0.25 1 415.557618104945
77 0.029932636441 0.25 1 421.557421486267
3 0.03013763644 -0.0625 1 421.557626205351
13 0.030000778609 -0.25 1 423.557489043298
75 0.02988536914 0 1 426.557373689956
78 0.030090703999 0.375 1 429.557567532377
32 0.029803904613 0.742188 1 430.5572926734
67 0.030173384804 0.4375 1 437.557656885599
84 0.029901255733 0.4375 1 448.557379929217
89 0.029842096597 0 1 454.557320745771
34 0.029892614805 0.492188 1 456.557372812552
47 0.030162614804 0 1 456.557642833748
1 0.02999996271 -0.25 1 458.557478776072
97 0.030282962709 0.4375 1 458.557761788249
40 0.029953959452 0 1 459.557441508274
96 0.029927966726 0.46875 1 468.557415471388
68 0.030210966725 0.25 1 468.557698465366
17 0.030083183987 -0.375 1 471.557570878492
35 0.030113562856 0.871094 1 474.557600925574
14 0.029902803496 -0.5 1 479.557381237297
34 0.029844761388 0.746094 1 481.557330873245
77 0.030101761387 0.25 1 481.557587711577
1 0.030306761386 -0.25 1 481.557792804905
51 0.030053471102 0.4375 1 482.557532032965
92 0.029894976942 0.25 1 488.557375742345
72 0.029915472968 0.375 1 492.557400316727
7 0.030185472967 -0.125 1 492.557670330389
73 0.029881999998 0 1 504.55736659715
94 0.030017616087 0.375 1 509.557496290934
24 0.030093679092 -0.5 1 513.557578008222
46 0.029844014284 0 1 524.557331679953
55 0.030135909652 0.25 1 528.557617926633
2 0.029980595187 -0.015625 1 529.557459277361
86 0.029826999999 0.25 1 532.557305680997
52 0.029897165218 0.375 1 538.557380647623
97 0.030167569569 0.4375 1 540.557644901869
66 0.029894275615 0.25 1 543.55737163282
7 0.030164275614 -0.125 1 543.557641367219
88 0.030421275613 0.492188 1 543.557898543449
11 0.030108998694 -0.5 1 547.557592033898
49 0.030112057462 0.25 1 548.557590741283
94 0.030012298502 0.375 1 552.557496315038
67 0.030193595049 0.4375 1 553.557670048277
9 0.030070347076 -0.25 1 554.557549030488
90 0.030121941659 0 1 558.55760558758
97 0.030096709777 0.46875 1 562.557579534543
39 0.030134580964 0.748047 1 563.557613243482
60 0.030188706228 0.25 1 566.557667397829
21 0.029963803065 -0.5 1 583.55744996807
72 0.029832376546 0.375 1 586.557318692413
93 0.02991279808 0 1 592.557391475769
36 0.03002857251 0.749023 2 601.557507266919
68 0.030092797068 0.25 2 604.557571471397
5 0.029992109787 -0.125 2 605.557470794026
