6 0.03023085594 0 2 21.557709352452
46 0.029868999998 0 2 25.557348232836
38 0.030099999997 0 2 25.557579061247
57 0.030090829268 0 2 29.557568470637
15 0.029863669212 0 2 41.557342196787
61 0.030055669211 0 2 41.557534182631
85 0.030038473723 0 2 43.55751699851
45 0.029944956316 0 2 46.557423663198
63 0.029893442108 0 2 47.557378645287
95 0.02991439093 0 2 48.557392911193
25 0.030099840024 0 2 50.557577407164
62 0.029868999998 0.375 2 54.557353264336
39 0.030086999997 0 2 54.557571270217
71 0.029904638233 0 2 57.557388779804
49 0.030050455336 0.25 2 59.557533651924
69 0.030010065824 0 2 60.557494070726
15 0.029875692163 0 2 63.557359365719
8 0.029886703007 0 2 64.557373891291
79 0.030182703006 0 2 64.557669924031
26 0.029876486785 0 2 67.557354946835
60 0.030107486784 0 2 67.557585960749
95 0.029946725071 0 2 70.557431652923
65 0.029929413828 0 2 71.557406822451
53 0.03008209278 0 2 73.557562006283
24 0.030159642295 0 2 77.557643013324
29 0.029890452037 0 2 79.557370182405
49 0.030028945347 0.5 2 81.557507633928
96 0.029889784779 0 2 88.557367333144
61 0.030211784778 0.25 2 88.55768929248
87 0.03004534155 0 2 89.55752324775
27 0.030289341549 0 2 89.557767235619
17 0.030050999998 0 2 90.557531909218
3 0.029993687505 0 2 93.557482022443
75 0.030211687504 0 2 93.557699999475
35 0.030135218689 0 2 97.557613890656
69 0.030015395883 0.5 2 100.557494062288
70 0.029996314979 0.625 1 107.557474186896
4 0.030068927029 0 1 111.557556862559
0 0.029972444736 0 1 115.557451134408
80 0.029817445666 0 1 117.557305676932
16 0.030026284204 0 1 120.557514648874
79 0.030376857103 0.867188 1 122.557865782383
24 0.030269497568 0.498047 1 124.557751965132
18 0.029929540648 0 1 127.557413489231
93 0.030173540647 0 1 127.557657485833
58 0.030171277106 0.625 1 128.55765327227
86 0.030101704221 0 1 129.557579936634
13 0.030062378327 0 1 130.557541049762
97 0.029886943025 0 1 136.557365036891
50 0.030156943024 0.84375 1 136.557635023163
80 0.029867576605 0.492188 1 139.55735177971
17 0.030037028896 0.375 1 140.557518639204
16 0.030017572346 0.25 1 142.55750104552
45 0.02994169289 0.375 1 143.557423611424
54 0.030102935067 0.8125 1 146.55758657721
48 0.029972273055 0.25 1 151.557457495286
44 0.030160219735 -0.375 1 153.557642425104
88 0.029950251456 0 1 158.557426767077
38 0.029986711028 0.25 1 161.557465413576
6 0.030004160056 0 1 162.557492144994
57 0.030158572868 0.25 1 164.55763951022
33 0.030164835429 0 1 167.557645509265
20 0.029866016312 0 1 170.557346572738
51 0.030110016311 0.25 1 170.557590453338
99 0.029840274201 0.375 1 171.557318692977
66 0.030136655909 0.375 1 174.557615030125
93 0.030027173917 0.375 1 181.557512989963
38 0.02993474182 0.25 1 183.55741279081
57 0.030076999998 0.6875 1 186.557555166065
68 0.029869819089 0.375 1 187.557355902188
67 0.029858214551 0.4375 1 191.557344957141
30 0.03018021455 0.25 1 191.557666930465
99 0.029915747561 0.498047 1 193.557401629913
69 0.030080423305 0.84375 1 195.557559117132
64 0.030019719763 0.375 1 199.557500780441
29 0.029922311466 0 1 203.557409196587
62 0.029852999999 0.75 1 205.557331688654
46 0.029874216188 0.375 1 208.557352904942
81 0.030086903324 0 1 209.557570431606
32 0.029878511538 0 1 210.557365936116
40 0.029949825307 -0.0625 1 211.557428487928
12 0.029932600042 0.25 1 213.557419916528
41 0.029985871819 -0.5 1 215.557468989538
96 0.029931468386 0 1 217.557410157013
15 0.029855999998 0 1 223.557341053659
74 0.030272836589 0.6875 1 226.557757643576
73 0.029982893541 0.6875 1 229.557467537855
3 0.03026589354 0.25 1 229.557750438743
88 0.029916076638 0.4375 1 232.557400812881
17 0.030088942901 0.375 1 237.55757093751
29 0.029890792341 0.46875 1 241.557378137567
28 0.029905389586 0 1 244.557389978693
91 0.030136389585 0.25 1 244.557620823232
27 0.030406389584 0 1 244.557890795566
56 0.029871676147 0.6875 1 246.557358732038
75 0.030088658045 0.8125 1 247.557573169452
10 0.029953809216 0.25 1 248.557436793082
80 0.029821210518 0.492188 1 250.557305680986
55 0.029972999998 0.875 1 256.557458868167
84 0.029906129217 0 1 258.557395266272
31 0.029944599649 0.25 1 259.557430341964
40 0.029903907148 -0.0625 1 262.557389492596
32 0.029867369028 0.4375 1 265.557352921092
9 0.030000131742 0.375 1 269.557484032428
43 0.030073947657 -0.5 1 272.557562321188
64 0.030076999998 0.968506 1 276.557565725779
79 0.030193785605 0.929688 1 277.557672946214
90 0.029948576038 0 1 285.557437018665
51 0.03000258566 0.8125 1 288.557491007624
17 0.030013492261 0.375 1 289.557492872498
82 0.029984325735 0 1 291.557467320376
14 0.029941773158 0 1 295.557420169805
8 0.029928892804 0.25 1 297.557411681507
19 0.029844013956 0.25 1 299.557322701909
50 0.030075013955 0.953125 1 299.557553689063
83 0.030145156235 0 1 300.557624804028
84 0.029886898173 0.375 1 301.557366278505
55 0.030143898172 0.982422 1 301.557623570302
52 0.029953591536 0.859375 1 302.557432283358
58 0.030184591535 0.953125 1 302.557663292479
92 0.030009061204 0 1 303.55749706427
32 0.029881999998 0.499023 1 305.557365884522
66 0.030114319864 0.46875 1 306.557602091665
90 0.029990706148 0.499023 1 307.557475805673
70 0.030062530616 0.875 1 309.557539180976
42 0.029924210143 -0.5 1 310.557409556391
17 0.03007398282 0.375 1 311.557557322054
76 0.029848109491 0.84375 1 314.557331696153
14 0.02996233956 0 1 317.557445657585
19 0.029875455961 0.4375 1 321.557358110042
81 0.030142291611 0 1 322.557622426636
10 0.029889210071 0.25 1 324.557371703756
82 0.029945751742 0.4375 1 327.557428315334
98 0.029964605691 0.25 1 333.557444722112
28 0.029830928766 0.375 1 339.557318674065
27 0.030050999998 0 1 341.557534277818
74 0.030087415131 0.90625 1 342.557575024471
35 0.030128913161 0.25 1 343.557613880364
6 0.029991087661 0.375 1 350.557479167288
7 0.030119199729 0.25 1 351.557608288302
75 0.030088428524 0.953125 1 358.557573168848
98 0.029985583584 0.496094 1 361.557470169148
80 0.029861588488 0.499969 1 365.557341478494
35 0.030248588487 0.375 1 365.557728479098
3 0.029998999998 0.25 1 366.557487313434
8 0.029923379079 0.4375 1 369.557411648369
6 0.030003953784 0.375 1 372.557492194236
7 0.030104751274 0.25 1 373.557583157413
81 0.030143706081 0 1 374.557622345446
58 0.030074698104 0.976562 1 375.55756226454
94 0.029817094568 0.25 1 376.557301175491
84 0.030035094567 0.375 1 376.557519200014
21 0.030024999998 0 1 377.557502040156
52 0.02992662292 0.921875 1 381.557413938415
90 0.030017975312 0.499023 1 382.557501937821
36 0.030027725382 0.375 1 389.557504289851
23 0.030310725381 0 1 389.557787294137
54 0.030109837199 0.983398 1 394.557586600784
59 0.029927143191 0.492188 1 396.557404899814
60 0.030063999998 0.492188 1 397.55754989093
22 0.030083803607 0.375 1 403.557569466453
75 0.030102564502 0.991699 1 404.557586186566
1 0.030043103857 0 1 411.557520489484
67 0.029899596663 0.484375 1 415.557378288003
77 0.029913374647 0.742188 2 421.557398167989
3 0.030157374646 0.46875 2 421.557641887073
13 0.029987778609 0.375 2 423.557476043298
75 0.030175670908 0.995605 2 426.557663991724
78 0.030119060493 0.929688 2 429.557595888871
32 0.029831408945 0.499996 2 430.5573186734
67 0.029861080871 0.496094 2 437.557344581666
84 0.029866491215 0.484375 1 448.557344673483
89 0.030152797723 0 1 453.557631491832
34 0.029881282046 0.25 1 456.557359812552
47 0.030138282045 0.871094 1 456.557616833748
97 0.029960375303 0 1 458.557443304315
1 0.030165375302 0.375 1 458.557648292136
40 0.02994983548 -0.015625 1 459.557428508274
17 0.030158501147 0.375 1 471.557639379641
68 0.029912351087 0.742188 1 472.55739194526
96 0.030182351086 0.25 1 472.557661948947
35 0.030133159976 0.375 1 474.557613925574
14 0.029919612129 0 1 479.557407237297
34 0.02981762706 0.375 1 481.557304682123
1 0.030035627059 0.375 1 481.557522613784
77 0.030240627058 0.990234 1 481.557727520454
51 0.030016285572 0.960938 1 482.557504038856
92 0.029966385201 0.375 1 488.55744505389
72 0.0299096944 0.964844 1 492.557387316727
7 0.030127694399 0.4375 1 492.557605330389
73 0.029959999998 0.990234 1 504.557444537806
94 0.029826999999 0.4375 1 509.557305674846
24 0.030132738436 0.499512 1 513.557617008222
46 0.029870616761 0.748047 1 524.557352887342
55 0.030002881508 0.997925 1 528.557484898489
2 0.029910218142 0 1 529.557394277361
86 0.030082994973 0.375 1 532.557566919036
52 0.029956208141 0.994141 1 538.557439927125
97 0.029908021953 0.46875 2 540.557394026703
88 0.029929373945 0.46875 2 541.557413108972
7 0.030173373944 0.4375 2 541.557656888035
66 0.030115957943 0.999023 2 543.557602081229
11 0.030121024643 0.25 2 547.557605033898
49 0.02998288553 0.983398 2 548.557468624408
94 0.029826999999 0.4375 2 552.557305686898
67 0.029829891345 0.498047 2 553.557318663005
9 0.030076317166 0.46875 2 554.557562030488
90 0.029971299416 0.499969 2 558.557449988695
97 0.029936660103 0.46875 2 562.557419659377
39 0.030114388685 0.484375 2 563.557600243482
60 0.03002493161 0.991211 2 566.557510950094
21 0.0300032508 0.25 2 583.55748896807
72 0.029938780153 0.994141 2 586.557424648285
93 0.030021895356 0.492188 2 592.557500573045
36 0.03009357251 0.498047 2 601.557572266919
68 0.029955222231 0.749023 2 604.55743389656
5 0.029930138942 0 2 605.557418794026
