38 0.030179846355 0 2 21.55765855201
6 0.029992112507 0 2 24.55747049907
46 0.02990313652 0 2 25.557382369358
57 0.029994346476 0 2 29.557474194325
15 0.029884619928 0 2 41.557368748425
61 0.030167619927 0 2 41.557651734269
85 0.029862855407 0 2 43.557350912765
45 0.030126666387 0 2 46.557608263118
63 0.030163384651 0 2 47.557641359271
95 0.030049602929 0 2 48.557528123192
25 0.03016207957 0 2 50.557642407164
71 0.029840608283 0 2 57.557327141569
62 0.03005431391 0 2 58.557535252465
39 0.030272313909 0 2 58.557753248236
49 0.030071515949 0 2 59.557551768799
69 0.029827631567 0 2 60.557305670623
79 0.03021433098 0 2 64.557695555192
15 0.029903039729 0.5 2 65.557383301958
8 0.030173039728 0 2 65.557653490237
26 0.029911852691 0 2 67.55739439457
60 0.03016885269 0 2 67.557651408484
95 0.030053484924 0 2 70.557540864922
65 0.029963642369 0 2 71.557441816482
53 0.030098869243 0.25 2 73.55758624932
24 0.030133897493 0.25 2 77.557617013324
29 0.029882726933 0 2 79.557370182405
49 0.030115999998 0.375 2 81.557603750803
96 0.029901233759 0 2 88.557378782124
87 0.030340233758 0 2 88.557817625841
61 0.030336690327 0 2 90.557817489518
75 0.029863872513 0 2 91.557341514961
27 0.030250872512 0 2 91.557728248056
3 0.030093809978 0.625 2 95.557575497453
17 0.030324809977 0 2 95.557806434091
35 0.030161218689 0 1 97.557639890656
69 0.029908703636 0.375 1 100.557387370041
70 0.029937874083 0 1 107.557415317805
4 0.030089111312 0.375 1 111.557569862559
0 0.029918109867 0.375 1 115.557399134408
80 0.029920255967 0 1 117.557407020885
16 0.030076041494 0.625 1 120.557553648874
18 0.030332317247 0.25 1 122.557811022857
93 0.029961075515 0 1 123.557444514812
79 0.030218075514 0.375 1 123.557701265552
24 0.030103658083 0.625 1 124.557591013246
58 0.029873429534 0 1 128.557361250954
86 0.029895794692 0 1 129.557375145686
13 0.030053559721 0.8125 1 130.557541049762
50 0.029905574697 0 1 132.557384862394
97 0.030175574696 0 1 132.557654874872
0 0.029948094725 0.4375 1 138.557427825226
17 0.030153094724 0.874512 1 138.557632816073
80 0.029885423518 0.499023 1 139.557367792941
16 0.030022404278 0.6875 1 142.55750104552
45 0.030139151761 0 1 143.557621211344
54 0.029865804532 0.25 1 146.557346274764
48 0.029919812694 0.25 1 151.557399013609
44 0.030029426126 0 1 153.557512114022
88 0.030092123192 0 1 158.557570801237
38 0.029992833202 0.375 1 161.557478413576
6 0.030020965724 -0.25 1 162.557505144994
51 0.030198871344 0 1 164.557679788787
33 0.030148333374 0.375 1 167.557627518537
20 0.029899435327 0.375 1 169.557385710049
57 0.030104435326 0 1 169.557590603302
99 0.029950997233 0 1 171.557433222863
66 0.029924083043 0 1 174.557401784214
93 0.02991810686 0.4375 1 181.557403892687
38 0.029974701419 0.84375 1 183.55745179081
68 0.030075192874 0 1 187.557558477025
57 0.029985511824 0 1 192.557471420026
99 0.02991789055 0.492188 1 193.557404059557
30 0.030149541234 0.8125 1 194.557628075381
67 0.030380541233 0 1 194.557859101039
69 0.029852934041 0.375 1 195.557331693826
64 0.030053757875 0 1 199.557542560828
29 0.029865999999 0.6875 1 203.557344695436
62 0.030088389428 0.375 1 205.557577221507
46 0.029829749135 0 1 208.557318688753
81 0.030103865738 0.25 1 209.557583943242
32 0.029866481761 0.625 1 210.557352936116
40 0.029991441902 0.25 1 211.557480487928
12 0.030011429973 0.84375 1 213.557497916528
41 0.030076599558 0 1 215.55756376504
96 0.029868613329 0 1 217.557347301956
3 0.030047795459 0.90625 1 223.557526486506
73 0.030060640809 0 1 226.557539306691
74 0.02980385897 0 1 228.557291919963
15 0.030060858969 0.8125 1 228.557548897799
88 0.030131146094 0.25 1 232.557609847041
17 0.030063815269 0.937378 1 237.55754493751
91 0.0298827519 0 1 240.557365267897
27 0.030113751899 0.937012 1 240.557596240337
29 0.029865999999 0.953125 1 241.557344608289
28 0.029839999999 0.4375 1 244.557318673916
56 0.030084065234 0 1 246.557566466247
75 0.029908190401 0 1 247.557386867684
10 0.029875809216 0.6875 1 248.557358793082
80 0.029868999998 0.499023 1 250.557355028993
55 0.030106063597 0.25 1 256.557591896311
84 0.02991417474 0 1 258.557392960731
31 0.029944663436 0.90625 1 259.557430341964
40 0.029968731201 0.25 1 262.557454492596
32 0.029819757489 0.90625 1 265.557305694607
9 0.030009092005 -0.5 1 269.557497032428
43 0.029927956315 0 1 272.55740519956
64 0.030085652775 0.25 1 276.557568506166
79 0.030128072789 0.375 1 277.557613822449
90 0.030135833221 0 1 285.55761861755
51 0.030061994302 0.25 1 288.557545001733
17 0.030012718485 0.98436 1 289.557492872498
82 0.03008692726 0.25 1 291.557570076433
14 0.029965758351 0.976562 1 295.557446169805
8 0.029980774195 -0.25 1 297.557463681507
19 0.029842528243 0.921875 1 300.557323086015
84 0.02987383758 0 1 301.557360973375
55 0.030325837579 0.375 1 301.557813265172
92 0.030083268668 0.375 1 303.557563871458
83 0.030095696694 0.25 1 304.557576303628
50 0.030313696693 0.46875 1 304.557794255639
32 0.030076931913 0.953125 1 305.557559721685
66 0.030072816537 0.25 1 306.557553444548
58 0.029816306538 0 1 307.557303651234
52 0.030073306537 0.25 1 307.557560640428
90 0.030343306536 0 1 307.557830767727
70 0.02988268029 0 1 309.557363311885
42 0.029902496121 0.25 1 310.557389651644
17 0.030095989826 0.984371 1 311.557583322054
76 0.029881953311 0.375 1 314.557369546582
14 0.029984245193 0.984375 1 317.557471657585
19 0.029906651544 0.929688 1 322.557388759945
81 0.030163651543 0.46875 1 322.557645938271
10 0.029961630082 0.859375 1 324.557449703756
82 0.030052394614 0.25 1 327.557531071391
98 0.030128999998 0.25 1 333.557615665844
28 0.029833558595 0.71875 1 339.557318674065
27 0.030098089266 0.992065 1 341.557586277818
74 0.029824913301 0.25 1 342.557305678905
35 0.030173011029 0.960938 1 343.557652880364
6 0.030074689912 -0.125 1 350.557557167288
7 0.030101860657 -0.015625 1 351.557582288302
75 0.029908190099 0.46875 1 358.55738686708
98 0.030149712528 0.375 2 361.55762811288
74 0.02989179909 0.4375 2 364.557370451282
3 0.030122799089 0.983398 2 364.557601493767
80 0.029887005129 0.499939 2 365.557366895135
35 0.030118005128 0.960938 2 365.557597895739
8 0.029949379079 -0.25 2 369.557437648369
6 0.030029953784 -0.125 2 372.557518194236
84 0.029838817051 0 2 373.557324515091
7 0.03023881705 -0.015625 2 373.55772422945
58 0.029822641345 0 2 375.557310859768
94 0.029974617293 0 2 376.557453661975
81 0.030244617292 0.492188 2 376.557723678365
21 0.029987845023 0.742188 2 377.557476040156
52 0.029931421622 0.375 1 381.557419658913
90 0.030099515519 0 1 382.557579536706
36 0.029999735841 0.734375 1 387.557487853014
23 0.03025673584 0.964844 1 387.557744858774
54 0.02994379105 0.4375 1 394.557424298338
59 0.029998589167 0 1 396.557479228209
60 0.030095994813 0.4375 1 397.557576338665
22 0.030161355872 0.496094 1 403.557647466453
75 0.029882198958 0.46875 1 404.557360884798
1 0.029994087246 0.991699 1 411.557481489484
67 0.030089999998 0.375 1 415.557579104945
77 0.029867636441 0.375 1 421.557356486267
3 0.03012463644 0.995117 1 421.557613205351
13 0.029961778609 0.984375 1 423.557450043298
75 0.02987236914 0.46875 1 426.557360689956
78 0.030038703999 0.4375 1 429.557515532377
32 0.029877109891 0.960938 1 430.557365878678
67 0.030095384804 0.484375 1 437.557578885599
84 0.029901255733 0.484375 1 448.557379929217
34 0.030089096597 0.867188 1 454.557567716032
89 0.029811870181 0 1 456.557292097971
47 0.03002987018 0 1 456.557510089124
1 0.02998696271 0.996063 1 458.557465776072
97 0.030256962709 0.375 1 458.557735788249
40 0.029966959452 0.492188 1 459.557454508274
96 0.029875966726 0.4375 1 468.557363471388
68 0.030158966725 0.4375 1 468.557646465366
17 0.030005183987 0.996092 1 471.557492878492
35 0.030100562856 0.988281 1 474.557587925574
14 0.029967803496 0.988281 1 479.557446237297
34 0.029857761388 0.933594 2 481.557343873245
77 0.030088761387 0.492188 2 481.557574711577
1 0.030319761386 0.998032 2 481.557805804905
51 0.030053471102 0.4375 2 482.557532032965
92 0.029920976942 0.492188 2 488.557401742345
72 0.029928472968 0 2 492.557413316727
7 0.030185472967 -0.00390625 2 492.557670330389
73 0.029868999998 0.46875 2 504.55735359715
94 0.030017616087 0.375 2 509.557496290934
24 0.030132679092 0.966797 2 513.557617008222
46 0.029881667653 0.4375 2 524.557369333322
55 0.030122909652 0.496094 2 528.557604926633
2 0.029967595187 0.966797 2 529.557446277361
86 0.029839999999 0.25 2 532.557318680997
52 0.029936165218 0.4375 2 538.557419647623
97 0.030180569569 0.4375 2 540.557657901869
66 0.029946275615 0.4375 2 543.55742363282
7 0.030190275614 -0.00195312 2 543.557667367219
88 0.030421275613 0.4375 2 543.557898543449
11 0.030160998694 0.499023 2 547.557644033898
49 0.030138057462 0.484375 2 548.557616741283
94 0.030064298502 0.46875 2 552.557548315038
67 0.030127417427 0.484375 2 553.557605048277
9 0.030044347076 -0.125 2 554.557523030488
90 0.030134941659 0 2 558.55761858758
97 0.030109709777 0.4375 2 562.557592534543
39 0.030134580964 0.982422 2 563.557613243482
60 0.030162706228 0.46875 2 566.557641397829
21 0.030028803065 0.983398 2 583.55751496807
72 0.029911391512 0.499023 2 586.557397707379
93 0.02991279808 0.46875 2 592.557391475769
36 0.03000257251 0.935547 2 601.557481266919
68 0.030092797068 0.46875 2 604.557571471397
5 0.030005109787 -0.03125 2 605.557483794026
