6 0.03023085594 0 2 21.557709352452
46 0.029868999998 0 2 25.557348232836
38 0.030099999997 0 2 25.557579061247
57 0.030090829268 0 2 29.557568470637
15 0.029922593398 0 2 41.557400685892
61 0.030179593397 0 2 41.557657671736
85 0.030050999998 0 2 43.557530959945
45 0.029865639744 0 2 46.557345663198
63 0.030099562509 0 2 47.557577517025
95 0.030024999998 0 2 48.557501385286
25 0.03013292417 0 2 50.557616407164
62 0.029977021865 0.25 2 55.55745717434
39 0.030169021864 0 2 55.557649180003
71 0.03006866548 0 2 57.557552696787
49 0.030063041968 0 2 59.557546651924
69 0.029965818826 0 2 60.557444819917
15 0.029907105907 0 2 63.557385365719
8 0.029892332332 0 2 64.557379520616
79 0.030110332331 0 2 64.557597553356
26 0.029903121925 0 2 67.557380946835
60 0.030147121924 0 2 67.557624960749
95 0.030034227796 0 2 70.557514127016
65 0.029925687653 0 2 71.557403861766
53 0.03004309278 0 2 73.557523006283
24 0.030076999998 0 2 77.557565013324
29 0.029903452037 0 2 79.557383182405
49 0.030047484044 0 2 81.557533633928
87 0.030521660864 0 2 90.558009389173
27 0.03046091441 0 2 91.557943795121
96 0.030427618314 0 2 92.557916331388
75 0.029888874048 0 2 93.557372954521
61 0.030314874047 0.25 2 93.557798833749
3 0.029995807075 0 2 95.557484497453
17 0.030265807074 0 2 95.557754434091
35 0.030124438857 0 2 97.557600890656
69 0.02998146121 0.625 2 100.557470811479
70 0.029876847717 0.6875 2 107.557365713326
4 0.030031669874 0 2 111.557517862559
0 0.029972444736 0 2 115.557451134408
80 0.030078001664 0 2 117.557556850648
16 0.030056611837 0 2 120.557540648874
79 0.030157623685 0.75 2 123.55763424338
24 0.030217497568 0 2 124.557699965132
18 0.029931369631 0 2 127.557413489231
93 0.03014936963 0 2 127.557631485833
58 0.030158402109 0.25 2 128.55764027227
86 0.029990724689 0 2 129.557476170213
13 0.030035710394 0.25 2 130.557515049762
97 0.029925191667 0 2 136.55740445521
50 0.030143191666 0 2 136.557622441482
80 0.03024172082 0.4375 2 139.557724090243
17 0.030062831811 0 2 140.557544639204
16 0.030081382962 0.484375 2 142.55756604552
45 0.02994169289 0 2 143.557423611424
54 0.030115935067 0 2 146.55759957721
48 0.030037273055 0 2 151.557522495286
44 0.030082219735 0 2 153.557564425104
88 0.030117714375 0.25 2 158.557594229996
38 0.030012711028 0.375 2 161.557491413576
6 0.030030160056 0 2 162.557518144994
57 0.030215524602 0 2 164.557696461954
33 0.030073835429 0.375 2 167.557554509265
20 0.0298467378 -0.375 2 168.557334770666
51 0.030051737799 0 2 168.557539640323
99 0.030118858184 0 1 171.557604447907
66 0.029990294898 0.25 1 174.557475723495
93 0.029983536551 0.25 1 181.557462322344
38 0.029966472974 0.8125 1 183.55745179081
57 0.030017668454 0.375 1 186.557503166065
68 0.030180548651 0.625 1 187.557659610018
20 0.029896564764 -0.5 1 190.557375586976
99 0.030336518685 0.484375 1 193.557822687692
67 0.030136084706 0.6875 1 194.557614644512
30 0.030354084705 0.625 1 194.557832618852
69 0.030037999998 0.8125 1 195.557522866323
64 0.029862418726 0.375 1 199.55734891117
29 0.02994350115 0.75 1 203.557422196587
62 0.030065006417 0.625 1 205.557553282062
46 0.029865847899 0 1 208.557352904942
81 0.030052862072 0 1 209.557530826182
32 0.029822411435 0.25 1 210.557305702119
40 0.029902350312 0 1 211.557389487928
12 0.029975368248 0.484375 1 213.557458916528
41 0.029929925985 0.4375 1 215.557416989538
96 0.030095999744 0.25 1 217.557572608524
3 0.030075680036 0.46875 1 223.557552486506
15 0.029869243015 0 1 224.557350664098
74 0.030074243014 0.4375 1 224.55755568538
73 0.030059601468 0.625 1 226.557543021925
88 0.03005997116 0.4375 1 232.5575422758
17 0.030062556401 0.25 1 237.55754493751
91 0.030161941644 0.375 1 241.557640590185
29 0.029906080571 0.9375 1 242.557391048529
27 0.03016308057 0.921875 1 242.557648062003
28 0.029813999999 0.375 1 244.557292673916
56 0.029870533562 0.4375 1 246.557358732038
75 0.029959999998 0.75 1 247.557443451122
10 0.029950594793 0 1 248.557436793082
80 0.030112538275 0.484375 1 250.557595858756
55 0.030024999998 0 1 256.557510868167
84 0.029922807862 0 1 258.557411944917
31 0.029965646405 0.46875 1 259.557443341964
40 0.030003015279 0.25 1 262.557480492596
32 0.029828185658 0.875 1 265.557305694607
9 0.030058124512 0 1 269.557536032428
43 0.030156077568 0 1 272.557640321188
64 0.029896178476 0.90625 1 276.557374856508
79 0.03013441493 0.90625 1 277.557613575539
90 0.029847431083 0 1 285.557331704263
51 0.029993897438 0.375 1 288.557478007624
17 0.030052492261 0.25 1 289.557531872498
82 0.02998457944 0 1 291.557472625314
14 0.029913888383 0 1 295.557394169805
8 0.02992422407 0.25 1 297.557411681507
19 0.029844013956 0 1 299.557322701909
50 0.030088013955 0.25 1 299.557566689063
83 0.030160873716 0.25 2 300.557641765345
84 0.029877576818 0 2 301.55735695715
55 0.030160576817 0.25 2 301.557640248947
52 0.029927591536 0.25 2 302.557406283358
58 0.030132591535 0.375 2 302.557611292479
92 0.029878434605 0.46875 2 303.557360497919
32 0.029888016485 0.90625 2 305.557365884522
66 0.029993667033 0.6875 1 306.557475785035
90 0.029844522469 0.46875 1 307.557331597767
70 0.029919406082 0.90625 1 309.557404707406
42 0.029896544981 0 1 310.557383556391
17 0.030053999319 0.4375 1 311.557531322054
76 0.029905840273 0.71875 1 314.557383396577
14 0.029973846513 0.25 1 317.557458657585
19 0.029822810869 0.484375 1 321.55730546495
81 0.030012451221 0 1 322.557491821212
10 0.029922296246 0.375 1 324.557410703756
82 0.030042059526 0.496094 1 327.557524620272
98 0.029930208111 0.25 1 333.557416568093
28 0.029903399048 0.859375 1 339.55738440537
27 0.030107749426 0.983887 1 341.557586277818
74 0.029927565613 0.71875 1 342.557415725045
35 0.030147207063 0.484375 1 343.557626880364
6 0.030048901119 0.25 1 350.557531167288
7 0.03009902598 0 1 351.557582288302
75 0.029933999998 0.953125 1 358.557417450518
98 0.029958974365 0.4375 1 361.557442015129
3 0.030016416635 0.46875 1 366.557504730071
80 0.030260416634 0.499512 1 366.557748754337
8 0.029923379079 0.25 1 369.557411648369
6 0.030016953784 0.375 1 372.557505194236
84 0.029944673132 0 1 373.557424034863
7 0.030357673131 0.25 1 373.557836749222
81 0.030011838999 0.484375 1 374.557491337928
94 0.030242838998 0 1 374.557722320168
58 0.030126046117 0.375 1 375.55761426454
21 0.029957373631 -0.5 1 377.557437040156
52 0.029925701124 0.46875 1 381.557413938415
90 0.029852655262 0.46875 1 382.557331663841
36 0.030021917138 0.734375 1 385.557501032261
23 0.030239917137 -0.125 1 385.557719038734
54 0.030107921195 0.25 1 394.557586600784
59 0.029880103247 0.375 1 396.557365899814
60 0.030024999998 0.734375 1 397.55751089093
22 0.030117276851 -0.125 1 403.557595466453
75 0.029887493107 0.991699 1 404.557365468236
1 0.030017103857 0.25 1 411.557494489484
67 0.030115999998 0.867188 1 415.557604548511
77 0.030051543688 0.492188 1 421.557529031275
3 0.030295543687 0.484375 1 421.557772750359
13 0.029961778609 0.492188 1 423.557450043298
75 0.029889952578 0.995605 1 426.557378273394
78 0.03003545556 0.742188 1 429.557512283938
32 0.02988459404 0.953125 1 430.557365878678
67 0.03014682837 0.994141 1 437.557630329165
84 0.029881239919 0 1 448.557359913403
89 0.030074339688 0.25 1 453.557555179561
34 0.029892269842 0.742188 1 456.557372812552
47 0.030149269841 0.375 1 456.557629833748
97 0.029903903242 0.375 1 458.557391722634
1 0.030134903241 0.25 1 458.557622710455
40 0.029973932543 0.4375 1 459.557454508274
96 0.030047018803 0.492188 1 469.557529514491
68 0.030317018802 0.867188 1 469.557799508833
17 0.030043988567 0.46875 1 471.557531878492
35 0.030152106579 0.980469 1 474.557639925574
14 0.029893612129 0.46875 1 479.557381237297
34 0.029879789067 0.988281 2 481.557356682123
1 0.030071789066 0.25 2 481.557548613784
77 0.030302789065 0.992188 2 481.557779520454
51 0.029938285572 0.4375 2 482.557426038856
92 0.02994681885 0.484375 2 488.557425487539
7 0.030054495681 0.25 2 496.55754038849
72 0.03031149568 0.976562 2 496.557797373583
73 0.030142354725 0.873047 2 504.557621019289
94 0.030153656506 0.498047 2 509.557634426651
24 0.030099307211 -0.25 2 513.557578008222
46 0.029896616761 0.496094 2 524.557378887342
55 0.030006193568 0.492188 2 528.557484898489
2 0.02994744693 0 2 529.557433277361
86 0.030003457267 0.25 2 532.557489152615
52 0.029928348421 0.484375 2 538.557413927125
97 0.029947440272 0.375 2 540.557433445022
88 0.030249509534 0.46875 2 543.557735543451
66 0.02997910609 0.748047 2 545.55745979489
7 0.030262106089 0.484375 2 545.557742591374
11 0.030132261512 0.4375 2 547.557618033898
49 0.030047467211 0 2 548.557533624408
94 0.030103763856 0.498047 2 552.557582450755
67 0.030189214309 0.996094 2 553.557669491843
9 0.030075898847 0.4375 2 554.557562030488
90 0.029868999998 0.496094 2 558.557353243208
97 0.029937362376 0.375 2 562.557420077696
39 0.030100970366 0.496094 2 563.557587243482
60 0.030076513291 0.983398 2 566.557562950094
21 0.0300422508 -0.5 2 583.55752796807
72 0.030071932202 0.998047 2 586.557557800334
93 0.030010227737 0.375 2 592.557488905426
36 0.03008057251 0.935547 2 601.557559266919
68 0.030193930061 0.967773 2 604.55767260439
5 0.029964083044 0.4375 2 605.557444794026
