38 0.030179846355 0 2 21.55765855201
6 0.029992112507 0 2 24.55747049907
46 0.02990313652 0 2 25.557382369358
57 0.029994346476 0 2 29.557474194325
15 0.029884619928 0 2 41.557368748425
61 0.030167619927 0 2 41.557651734269
85 0.029862855407 0 2 43.557350912765
45 0.030126666387 0 2 46.557608263118
63 0.030163384651 0 2 47.557641359271
95 0.030049602929 0 2 48.557528123192
25 0.03016207957 0 2 50.557642407164
71 0.029840608283 0 2 57.557327141569
62 0.03005431391 0 2 58.557535252465
39 0.030272313909 0 2 58.557753248236
49 0.030071515949 0 2 59.557551768799
69 0.029827631567 0 2 60.557305670623
79 0.03021433098 0 2 64.557695555192
15 0.029903039729 0.5 2 65.557383301958
8 0.030173039728 0 2 65.557653490237
26 0.029911852691 0 2 67.55739439457
60 0.03016885269 0 2 67.557651408484
95 0.030053484924 0 2 70.557540864922
65 0.029911642369 0 1 71.557389816482
53 0.030124869243 0.25 1 73.55761224932
24 0.030146897493 0.25 1 77.557630013324
29 0.029921726933 0 1 79.557409182405
49 0.030076999998 0.25 1 81.557564750803
96 0.029875233759 0 1 88.557352782124
87 0.030353233758 0 1 88.557830625841
27 0.030029678984 0 1 89.557511521349
61 0.030234678983 0 1 89.557716647885
17 0.030024999998 0.25 1 90.557505909218
75 0.029866848487 0 1 91.557344490935
3 0.030136848486 0.125 1 91.557614514349
35 0.030161218689 0 1 97.557639890656
69 0.029895703636 0.375 1 100.557374370041
70 0.029937874083 0 1 107.557415317805
4 0.030076111312 -0.375 1 111.557556862559
0 0.029931109867 -0.375 1 115.557412134408
80 0.029894255967 0 1 117.557381020885
16 0.030089041494 0.375 1 120.557566648874
79 0.030125053342 0.4375 1 123.55760824338
24 0.030212609969 0.5 1 124.557699965132
93 0.029953073812 0 1 127.557440461472
18 0.030145073811 0.375 1 127.557632464868
58 0.029830869418 0 1 128.557318690838
86 0.029895794692 0.25 1 129.557375145686
13 0.030027559721 0.75 1 130.557515049762
50 0.029892574697 0 1 132.557371862394
97 0.030136574696 0 1 132.557615874872
0 0.029919928778 -0.375 1 137.557401825109
17 0.030124928777 0.859375 1 137.557606905751
80 0.029885423518 0.498047 1 139.557367792941
16 0.030048404278 0.4375 1 142.55752704552
45 0.030113151761 0 1 143.557595211344
54 0.029878804532 0.25 1 146.557359274764
48 0.029852487276 0.25 1 151.557331688191
44 0.030003426126 0 1 153.557486114022
88 0.030157123192 0 1 158.557635801237
38 0.029966833202 0.375 1 161.557452413576
6 0.030020965724 -0.25 1 162.557505144994
51 0.030146871344 0 1 164.557627788787
33 0.030164835429 0.375 1 167.557645509265
20 0.029886435327 0.375 1 169.557372710049
57 0.030156435326 0 1 169.557642603302
99 0.029963997233 0 1 171.557446222863
66 0.029911083043 0 1 174.557388784214
93 0.02995710686 0.25 1 181.557442892687
38 0.029987701419 0.6875 1 183.55746479081
68 0.030049192874 0 1 187.557532477025
57 0.029959511824 0 1 192.557445420026
99 0.02991789055 0.46875 1 193.557404059557
67 0.03011064114 0 1 194.557589200946
30 0.030367641139 0.75 1 194.557846175286
69 0.029852934041 0.375 1 195.557331693826
64 0.030069068384 0 1 199.557555560828
29 0.029865999999 0.8125 1 203.557344695436
62 0.030075389428 0.25 1 205.557564221507
46 0.029893411304 0 1 208.557382350922
81 0.030090865738 0.25 1 209.557570943242
32 0.029845247764 0.625 1 210.557331702119
40 0.029900441902 0 1 211.557389487928
12 0.029985429973 0.46875 1 213.557471916528
41 0.030115599558 0 1 215.55760276504
96 0.029907613329 0 1 217.557386301956
3 0.030034795459 -0.0625 1 223.557513486506
73 0.030047640809 0 1 226.557526306691
15 0.029856147614 0.71875 1 228.557344186444
74 0.030048147613 0 1 228.557536208606
88 0.030170146094 0.4375 1 232.557648847041
17 0.030050815269 0.921875 1 237.55753193751
91 0.029909786958 0 1 240.557391267897
27 0.030192786957 0.936523 1 240.557674240337
29 0.029943414003 0.960938 1 241.557422022293
28 0.029839999999 0.4375 1 244.557318673916
56 0.030084065234 0 1 246.557566466247
75 0.029908190401 0 1 247.557386867684
10 0.029888809216 0.6875 1 248.557371793082
80 0.029907999998 0.498047 1 250.557394028993
55 0.030132063597 0.25 1 256.557617896311
84 0.02987517474 0 1 258.557353960731
31 0.029957663436 0.953125 1 259.557443341964
40 0.029955731201 0 1 262.557441492596
32 0.029832757489 0.9375 1 265.557318694607
9 0.029996092005 -0.5 1 269.557484032428
43 0.029940956315 0 1 272.55741819956
64 0.030111652775 0 1 276.557594506166
79 0.030128072789 0.4375 1 277.557613822449
90 0.030174833221 0 1 285.55765761755
51 0.029983994302 0.375 1 288.557467001733
17 0.030077718485 0.980469 1 289.557557872498
82 0.03002192726 0.375 1 291.557505076433
14 0.029978758351 0.921875 1 295.557459169805
8 0.029954774195 -0.25 1 297.557437681507
84 0.030077776516 0.46875 1 301.557564912311
83 0.030360776515 0 1 301.557848153629
58 0.030019242869 0 1 302.557507643701
50 0.030289242868 0.46875 1 302.557777483555
92 0.030083525596 0.375 1 303.557564128386
52 0.030127098182 0.46875 1 305.557609768822
66 0.030096305481 0.375 1 306.557576933492
19 0.029831943367 0.859375 1 307.557319181722
32 0.029882439573 0.953125 1 308.557371393348
90 0.030178439572 0 1 308.557667493689
70 0.02994768029 0 1 309.557428311885
42 0.029915496121 0.375 1 310.557402651644
17 0.030017989826 0.982422 1 311.557505322054
76 0.029907953311 0 1 314.557395546582
14 0.029919245193 0.983887 1 317.557406657585
81 0.030101651544 0.375 1 322.557583938272
10 0.029896630082 0.734375 1 324.557384703756
82 0.030039394614 0.4375 1 327.557518071391
98 0.030141999998 0 1 333.557628665844
28 0.0298732899 0.734375 1 339.55735840537
27 0.030098089266 0.991699 1 341.557586277818
74 0.029850913301 0.25 1 342.557331678905
35 0.030160011029 0.90625 1 343.557639880364
6 0.030074689912 -0.0625 1 350.557557167288
7 0.030114860657 -0.0625 1 351.557595288302
75 0.029869190099 0.25 1 358.55734786708
98 0.030149712528 0.25 1 361.55762811288
74 0.02983979909 0.4375 1 364.557318451282
3 0.030057799089 -0.0625 1 364.557536493767
80 0.029861005129 0.499512 1 365.557340895135
35 0.030170005128 0.96875 1 365.557649895739
8 0.029949379079 -0.25 1 369.557437648369
6 0.029990953784 -0.0625 1 372.557479194236
84 0.029865284806 0.46875 1 373.557350982846
81 0.030252284805 0.375 1 373.557737975624
58 0.029810199647 0 1 375.55729841807
94 0.030093199646 0 1 375.557581308394
7 0.030285199645 -0.03125 1 375.557773137233
21 0.029987845023 0.492188 1 377.557476040156
52 0.029944421622 0.46875 1 381.557432658913
90 0.030151515519 0 1 382.557631536706
36 0.0300425704 0.734375 1 389.557530289851
23 0.030312570399 0.742188 1 389.557800294137
54 0.02993079105 0.4375 1 394.557411298338
59 0.029985589167 0 1 396.557466228209
60 0.030095994813 0.4375 1 397.557576338665
22 0.030122355872 0.496094 1 403.557608466453
75 0.029852999999 0.25 1 404.557331685839
1 0.030020087246 -0.0625 1 411.557507489484
67 0.030180999998 0.46875 1 415.557670104945
77 0.029906636441 0.375 1 421.557395486267
3 0.03017663644 -0.0625 1 421.557665205351
13 0.030013778609 0.984375 1 423.557502043298
75 0.029830267602 0.25 1 426.557318588418
78 0.030064703999 0 1 429.557541532377
32 0.029864109891 0.976562 1 430.557352878678
67 0.030134384804 0.499023 1 437.557617885599
84 0.029914255733 0.46875 1 448.557392929217
89 0.029803096597 0 1 454.557281745771
34 0.029853614805 0.871094 1 456.557333812552
47 0.030084614804 0.4375 1 456.557564833748
1 0.029984206131 -0.0625 1 457.557462887814
97 0.03021520613 0.484375 1 457.557693899824
40 0.029914959452 0.25 1 459.557402508274
96 0.02988474929 0.4375 1 469.557363381498
68 0.030128749289 0.46875 1 469.55760737584
17 0.030057183987 0.995117 1 471.557544878492
35 0.030074562856 0.980469 1 474.557561925574
14 0.029993803496 0.997803 1 479.557472237297
34 0.029857570266 0.964844 1 481.557343682123
1 0.030062570265 -0.0625 1 481.557548613784
77 0.030306570264 0.375 1 481.557792520454
51 0.030027471102 0.46875 1 482.557506032965
92 0.029933976942 0.499023 1 488.557414742345
72 0.029928472968 0 1 492.557413316727
7 0.030120472967 -0.03125 1 492.557605330389
73 0.029860067411 0.375 1 504.557344664563
94 0.030017616087 0.25 1 509.557496290934
24 0.030132679092 0.933594 1 513.557617008222
46 0.029818014284 0.25 1 524.557305679953
55 0.030070909652 0.375 1 528.557552926633
2 0.029980595187 -6.10352e-05 1 529.557459277361
86 0.02988344709 0.375 1 532.557362128088
52 0.029897165218 0.492188 1 538.557380647623
97 0.030154569569 0.492188 2 540.557631901869
66 0.029855275615 0.46875 2 543.55733263282
7 0.030073275614 -0.03125 2 543.557550367219
88 0.030343275613 0.496094 2 543.557820543449
11 0.030134998694 0.874023 2 547.557618033898
49 0.030086057462 0.4375 2 548.557564741283
94 0.030012298502 0.46875 2 552.557496315038
67 0.030193595049 0.499023 2 553.557670048277
9 0.030018347076 -0.5 2 554.557497030488
90 0.030160941659 0.25 2 558.55764458758
97 0.030174709777 0.492188 2 562.557657534543
39 0.030056580964 0.966797 2 563.557535243482
60 0.030136706228 0.4375 2 566.557615397829
21 0.030015803065 0.749512 2 583.55750196807
72 0.029911391512 0 2 586.557397707379
93 0.02995179808 0.25 2 592.557430475769
36 0.03001557251 0.933594 2 601.557494266919
68 0.030105797068 0.46875 2 604.557584471397
5 0.029979109787 -0.0625 2 605.557457794026
