6 0.03023085594 0 2 21.557709352452
46 0.029957249539 0 2 27.557444365986
38 0.030162249538 0 2 27.557649211505
57 0.030006771066 0 2 29.557486618915
15 0.030100481162 0 2 43.557581024437
85 0.029891027167 0 2 44.557372871091
61 0.030135027166 0 2 44.557616917296
45 0.02994499332 0 2 46.557421455122
63 0.029908787497 0 2 47.557390683572
95 0.02998457904 0 2 48.557463099303
25 0.030191755269 0 2 50.557668407164
71 0.029957050201 0 2 57.557441191772
39 0.030051196716 0 2 58.557532326714
62 0.030295196715 0 2 58.557776330941
49 0.030046521604 0 2 59.557523098755
69 0.029847665721 0 2 60.557331670623
8 0.029927692163 -0.25 2 63.557411662797
79 0.03001278404 0 2 64.557494499027
15 0.02991567839 0 2 65.557398713734
26 0.029857455956 0 1 70.557341151681
60 0.030114455955 0 1 70.557598165258
95 0.030397455954 0 1 70.557880994285
65 0.030058259721 0 1 71.557536433834
53 0.030095331136 0 1 73.557573411849
24 0.030128999998 0 1 77.557617013324
29 0.029944804802 0 1 79.557422182405
49 0.030057392178 -0.25 1 81.557536080759
87 0.029939566667 0 1 85.557417259747
27 0.030144566666 0 1 85.557622244951
61 0.029818949463 0 1 88.557297220765
96 0.030036949462 0 1 88.557515261427
17 0.030037999998 0 1 90.557518909218
75 0.029994280413 0 1 94.557478569721
3 0.030277280412 -0.25 1 94.557761592422
35 0.03017649662 0 1 97.557652890656
69 0.029871841883 0 1 100.557348212929
70 0.029984622101 0 1 107.557471742948
4 0.030087926833 0 1 111.557569862559
0 0.029972444736 0 1 115.557451134408
80 0.029941630297 0 1 117.557421336389
16 0.030026284204 0 1 120.557514648874
79 0.030345042699 0.375 1 122.557823489656
93 0.02987222696 0 1 124.557348876034
18 0.030116226959 -0.375 1 124.557592877497
24 0.030321226958 -0.375 1 124.55779796513
58 0.030095330225 -0.125 1 128.557583151645
86 0.030099781593 0 1 129.557588139045
13 0.030064582402 -0.375 1 130.557541049762
50 0.029935251252 0.25 1 136.557411687318
97 0.030140251251 0 1 136.557616701044
80 0.02985092359 0.4375 1 139.557327563719
17 0.030057056668 0 1 140.557544639204
16 0.030035663913 0 1 142.55751404552
45 0.029946562272 0 1 143.557434403348
54 0.029838447028 -0.375 1 146.557318667801
48 0.030051312485 -0.25 1 151.557530000677
44 0.030146058839 -0.25 1 153.557627822329
88 0.030010580003 0 1 158.557489258048
38 0.030025711028 -0.375 1 161.557504413576
6 0.029998335833 0 1 162.557479144994
57 0.030184244544 0 1 164.557665181896
20 0.02984525213 0.25 1 167.55733362238
33 0.029978460064 -0.25 1 168.557456970077
51 0.030248460063 0 1 168.557726951601
99 0.029946999998 0.375 1 171.557435012768
66 0.029967472391 0 1 174.557455325049
93 0.029947118499 0.8125 1 181.557425904292
38 0.029925396925 -0.5 1 183.55741279081
57 0.030050874132 0.25 1 186.557538314343
68 0.030054376576 -0.375 1 187.557541050534
20 0.029887891252 0.375 1 189.557375497732
67 0.029922164627 0 1 191.557409957141
30 0.030179164626 0 1 191.557666930465
99 0.029898426868 0.4375 1 193.557382438438
69 0.029938464302 0 1 195.557426267773
64 0.029988007417 -0.375 1 199.55746524605
29 0.029865999999 -0.375 1 203.557344695436
62 0.030135107949 0.25 1 205.557613796604
46 0.029981589629 0 1 208.557460278383
81 0.030120536963 0 1 209.557599219408
32 0.02985990381 0 1 210.557344702119
40 0.029962825307 0 1 211.557441487928
12 0.029961579567 0.25 1 213.557445916528
41 0.02997594628 0 1 215.557455989538
96 0.029987539751 0 1 217.557466228378
15 0.029865795459 0 1 223.557344478406
73 0.029876073413 -0.375 1 226.557354739295
3 0.030094073412 -0.25 1 226.557572630814
74 0.030364073411 -0.5 1 226.557842643574
88 0.030010602905 0.4375 1 232.557489303852
17 0.030082734863 0 1 237.55757093751
29 0.029873529277 -0.5 1 241.557352137567
28 0.029834047879 -0.375 1 244.557312721796
91 0.030078047878 0.25 1 244.557556566335
27 0.030348047877 0 1 244.557826538669
56 0.029942289917 0 1 246.557424744115
75 0.030015725993 0 1 247.557494403276
10 0.029940809216 0 1 248.557423793082
80 0.02987766351 0.4375 1 250.557356344497
55 0.0300789226 0 1 256.55755761236
84 0.030130992832 0.6875 1 258.557609492037
31 0.029925644573 0.25 1 259.557404341964
40 0.029975827641 0.25 1 262.557454492596
32 0.029900226484 0 1 265.557378921092
9 0.030077767704 -0.5 1 269.557562032428
43 0.030111077943 -0.25 1 272.557588321188
64 0.030016278801 -0.5 1 276.557504191388
79 0.029939990034 0.4375 1 277.557416521209
90 0.030128398868 0.46875 1 285.557614394549
51 0.030051790543 0.25 1 288.557537727566
17 0.030042156133 0 1 289.557518872498
82 0.030109947843 0 1 291.557590462109
14 0.029949001536 -0.25 1 295.557433169805
8 0.029910518958 -0.5 1 297.557398681507
83 0.030030380547 0.4375 1 300.557508482677
84 0.030170934021 0.71875 1 301.557655891653
55 0.03041493402 0 1 301.55790018345
50 0.030391880966 0.4375 1 303.557872864185
52 0.030054263621 0 1 304.557533433685
58 0.03032426362 -0.25 1 304.557803443259
92 0.030118971582 0 1 305.557602763592
66 0.030056818225 0.375 1 306.557537933492
32 0.029803394717 0.25 1 307.557282456845
19 0.030073394716 -0.5 1 307.557552245433
90 0.030304394715 0.484375 1 307.557783468268
70 0.030008793599 0 1 309.557497737028
42 0.029925157004 0 1 310.557409556391
17 0.03004798282 0.25 1 311.557531322054
76 0.029978230304 0 1 314.557461816966
14 0.02997533956 -0.25 1 317.557458657585
81 0.030132079413 0.25 1 322.557612214438
10 0.029883719329 0 1 324.557371703756
82 0.030152027728 0 1 327.557629457067
98 0.029933999998 0.84375 1 333.557412900166
28 0.029841140964 -0.5 1 339.557318674065
27 0.030089999998 0.25 1 341.557573277818
74 0.029926331945 -0.5 1 342.557410942252
35 0.030100625353 0.25 1 343.557587880364
6 0.030056087661 0 1 350.557544167288
7 0.030122626335 0 1 351.557608288302
75 0.030054725691 0 1 358.557533402672
98 0.02993394685 0.867188 1 361.557412347202
35 0.030079005765 0.25 1 365.557558896376
3 0.030323005764 -0.25 1 365.557802871342
80 0.029911982625 0.4375 1 366.557395240079
8 0.029896300047 -0.5 1 369.557385648369
6 0.030044270598 0 1 372.557531194236
94 0.029892960616 0.484375 1 373.557371626933
84 0.030227960615 0.734375 1 373.557706652394
81 0.030073626936 0.25 1 375.557557230737
58 0.030323592192 -0.25 1 377.557800523697
21 0.030033440096 0.4375 1 379.557512055255
7 0.030277440095 0 1 379.557755846234
52 0.030000359292 0 1 381.557483946608
90 0.030135649863 0.492188 1 382.557614313705
36 0.030001725382 0 1 389.557478289851
23 0.030258725381 -0.5 1 389.557735294137
54 0.029839999999 -0.5 1 394.557318679588
59 0.029993584998 -0.5 1 396.557479458362
60 0.029947055774 0.25 1 397.557427465167
22 0.030115265792 0 1 403.557595466453
75 0.03001573455 0 1 404.55749442039
1 0.02995328941 0 1 411.557442489484
67 0.029938472323 0.375 1 415.557417163663
77 0.030033610477 0 1 421.557512304815
3 0.030264610476 -0.25 1 421.557743023899
13 0.029986461145 -0.375 1 423.557463043298
75 0.029979904732 0 1 426.557468225548
78 0.029891367198 0.484375 1 429.557368195576
32 0.029865999999 0.25 1 430.5573446734
67 0.029861080871 0.375 1 437.557344581666
84 0.030117787039 0.742188 1 448.557596460523
34 0.029816375391 -0.5 1 454.557294994826
47 0.03007337539 0 1 454.557552016565
89 0.030317375389 0.734375 1 454.557796024563
97 0.029981218189 0.25 1 458.557469049021
1 0.030264218188 0.25 1 458.557752036842
40 0.029909281953 0.25 1 459.557389508274
96 0.029920999998 0 1 469.557397955007
68 0.030112999997 -0.5 1 469.557589949349
17 0.030024999998 0.25 1 471.557505878492
35 0.030146159976 0.25 1 474.557626925574
14 0.029912032227 -0.25 1 479.557394237297
34 0.029909761388 -0.5 1 481.557395873245
77 0.030192761387 0.25 1 481.557678711577
1 0.030423761386 0.25 1 481.557909804905
51 0.029985005514 0.25 1 482.557472758798
92 0.029913070027 0.375 1 488.557393209472
7 0.030028495681 0.375 1 496.55751438849
72 0.03031149568 0 1 496.557797373583
73 0.029839999999 -0.375 1 504.557318664563
94 0.029912714282 0.492188 1 509.557393824851
24 0.030099307211 -0.375 1 513.557578008222
46 0.029946595114 0.498047 1 524.557434260783
55 0.030030848052 0 1 528.557518642682
2 0.029954595187 0 1 529.557433277361
86 0.030148440449 0.375 1 532.557627121447
52 0.029940234744 0.25 1 538.557418935318
97 0.029977114731 0.25 2 540.557458771409
7 0.030264282318 0.375 2 543.557746148751
66 0.029880416101 0.375 2 545.55735901864
88 0.0301244161 0.748047 2 545.557602930243
11 0.030141999998 0 2 547.557631033898
49 0.030018387418 -0.25 2 548.557497071239
94 0.029865999999 0.873047 1 552.557344686898
67 0.029863335335 0.4375 1 553.557352106995
9 0.030005347076 -0.5 1 554.557484030488
90 0.0301226753 0.492188 1 558.557601364579
97 0.029904831903 0.25 1 562.557393404083
39 0.030108580964 -0.5 1 563.557587243482
60 0.02992283273 0.25 1 566.557401524331
21 0.030023298646 0.46875 1 583.55750196807
72 0.030118448344 0 1 586.557597140758
93 0.029947809685 0.966797 1 592.557426487374
36 0.03000257251 0.25 1 601.557481266919
68 0.030076999998 -0.5 1 604.557554044906
5 0.02997674262 0 1 605.557457794026
